path	1
T	12
cut	28
Partition 0	1679,1664
Partition 1	1663,1676,1668,1686
Partition 2	1681
Partition 3	1693,1667,1697,1698,1673
Partition 4	1674,1675,1695,1696
Partition 6	1666,1691,1692
Partition 7	1672,1665,1669,1670,1671
Partition 8	1662,1685
Partition 9	1677,1678,1689,1688,1690
Partition 10	1687
Partition 11	1701,1702,1704,1703
Partition 13	1682
Partition 16	1699
Partition 17	1680
Partition 18	1683
Partition 20	1684
Partition 21	1694,1700
path	2
T	6
cut	24
Partition 0	1695,1696,1668,1686,1664
Partition 1	1681,1679,1680,1663,1676
Partition 3	1674,1665,1673
Partition 5	1700,1699
Partition 6	1691,1692,1694
Partition 7	1669
Partition 8	1672,1684,1683,1670,1671
Partition 9	1677,1678,1688,1693
Partition 10	1701,1690,1702
Partition 11	1662,1685,1704,1703
Partition 13	1682
Partition 15	1675
Partition 16	1667,1697,1698
Partition 18	1666,1687,1689
path	3
T	13
cut	30
Partition 0	1696,1663,1676,1668,1686
Partition 1	1679,1680,1670,1671
Partition 3	1665
Partition 4	1691,1692,1667,1697,1694
Partition 6	1664
Partition 7	1687
Partition 8	1684,1683,1662,1685
Partition 9	1674,1693,1698,1673,1699
Partition 10	1666,1672,1689,1688
Partition 11	1701,1690,1702,1704,1703
Partition 12	1681
Partition 15	1675
Partition 16	1695
Partition 18	1669
Partition 19	1682
Partition 21	1677,1678
Partition 22	1700
path	4
T	9
cut	29
Partition 0	1676,1686
Partition 1	1681,1682,1679,1680
Partition 2	1668
Partition 3	1663
Partition 4	1675,1667
Partition 5	1674,1693,1697,1698,1673
Partition 6	1691,1692,1694
Partition 7	1672,1684,1669,1670,1671
Partition 8	1662,1685
Partition 9	1677,1678,1689,1688,1690
Partition 10	1666,1687
Partition 11	1702,1704,1703
Partition 12	1699
Partition 14	1695,1696
Partition 15	1665
Partition 16	1683
Partition 17	1664
Partition 18	1701
Partition 19	1700
path	5
T	9
cut	25
Partition 0	1669
Partition 1	1681,1682,1679,1680
Partition 3	1695,1696,1668,1686
Partition 4	1674,1675,1667,1673
Partition 6	1666,1691,1692,1694,1700
Partition 7	1672,1670,1671
Partition 8	1684,1683,1662,1685
Partition 10	1677,1678,1689,1688
Partition 11	1701,1690,1702,1704,1703
Partition 15	1687
Partition 16	1664
Partition 17	1693
Partition 19	1663,1676
Partition 20	1697,1698,1699
Partition 23	1665
