path	1
T	NA
cut	58
Partition 0	3543,3571,3569,3572,3570
Partition 1	3610,3609,3611
Partition 2	3584,3599,3608,3597,3598
Partition 3	3593,3589,3596,3594,3595
Partition 4	3522,3544,3568,3592
Partition 5	3545,3552,3550,3551
Partition 7	3533,3590,3549
Partition 8	3534,3532
Partition 9	3548,3577,3524,3541
Partition 10	3526,3527
Partition 11	3562,3563,3553,3554,3561
Partition 12	3585,3586,3587,3588
Partition 13	3547,3558,3591,3564,3565
Partition 14	3523,3559,3560,3521,3557,3525
Partition 15	3528,3537,3580,3581
Partition 16	3538,3539,3556,3567,3566
Partition 17	3578,3579,3582,3583
Partition 18	3573,3574,3607,3606
Partition 19	3601,3602,3603,3604,3605
Partition 20	3531,3542
Partition 22	3520
Partition 24	3600
Partition 25	3546
Partition 26	3555
Partition 29	3535,3536,3576,3529,3530,3575
Partition 30	3540
path	2
T	NA
cut	57
Partition 0	3543,3571,3569,3572,3570
Partition 1	3610,3609,3611
Partition 2	3599,3608,3597,3598
Partition 3	3593,3589,3596,3594,3595
Partition 4	3522,3544,3568,3592
Partition 5	3552,3550,3551
Partition 6	3545,3523,3529,3530,3531
Partition 7	3533,3590,3549
Partition 8	3534,3535,3536,3576,3575
Partition 9	3548,3577,3524
Partition 10	3526,3527,3555,3578
Partition 11	3562,3563,3553,3554,3561,3564,3565
Partition 12	3585,3586,3587,3588
Partition 13	3547,3558,3591
Partition 14	3559,3560,3521,3557,3525
Partition 15	3528,3537,3580,3581
Partition 16	3538,3539,3556,3567,3566
Partition 17	3584,3579,3582,3583
Partition 18	3573,3574,3532,3600,3607,3606
Partition 19	3601,3602,3603,3604,3605
Partition 20	3520
Partition 21	3546
Partition 22	3540
Partition 23	3541,3542
path	3
T	NA
cut	66
Partition 0	3543,3571,3572,3570
Partition 1	3610,3609,3611
Partition 2	3599,3608,3597,3598
Partition 3	3593,3589,3596,3594,3595
Partition 4	3522,3544,3568,3592
Partition 5	3552,3550,3551
Partition 6	3545,3523,3529,3530,3531
Partition 7	3533,3590,3549
Partition 8	3534,3535,3536,3576
Partition 9	3548,3524,3541,3542
Partition 10	3526,3578
Partition 11	3563,3553,3554,3564,3565
Partition 12	3585,3586,3587,3588
Partition 13	3558
Partition 14	3559,3560,3521,3557,3525
Partition 15	3528,3537,3580,3581
Partition 16	3538,3539,3556,3567,3566
Partition 17	3584,3579,3582,3583
Partition 18	3573,3574,3607,3606
Partition 19	3601,3602,3603,3604,3605
Partition 21	3520
Partition 23	3575
Partition 24	3532
Partition 28	3600
Partition 29	3527
Partition 30	3555
Partition 31	3569
Partition 32	3546
Partition 35	3591
Partition 36	3547
Partition 37	3562,3561
Partition 38	3577
Partition 39	3540
