cut	62
Partition 0	3572,3586
Partition 1	3587,3588
Partition 2	3524,3528,3574
Partition 3	3584,3585
Partition 4	3575,3576
Partition 5	3529,3573,3577
Partition 6	3534,3536
Partition 7	3530,3527,3564
Partition 8	3526,3531,3557
Partition 9	3560,3544
Partition 10	3561,3562
Partition 11	3520,3559,3558
Partition 12	3567,3568
Partition 13	3565,3569
Partition 14	3523,3566,3540
Partition 15	3542,3541
Partition 16	3548,3549
Partition 17	3547,3545,3546
Partition 18	3553,3554
Partition 19	3551,3552,3550
Partition 20	3535,3578
Partition 21	3579,3580
Partition 22	3582,3581
Partition 23	3583,3594,3595
Partition 24	3522,3539
Partition 25	3556,3555,3521
Partition 26	3537,3538
Partition 27	3533,3532
Partition 28	3598,3597
Partition 29	3570,3571,3596
Partition 30	3593,3592
Partition 31	3589,3590,3591
Partition 32	3525,3543,3563
