path	1
T	11
cut	65
Partition 0	3527,3531
Partition 1	3558,3559,3563
Partition 2	3520,3528,3594
Partition 3	3610,3611,3609
Partition 4	3561,3562
Partition 5	3549,3548
Partition 6	3552,3553,3554
Partition 7	3568,3567
Partition 8	3556,3570,3571,3551,3555,3569
Partition 9	3565,3597,3529,3595,3596,3530
Partition 10	3589,3606,3607,3605
Partition 11	3598,3604
Partition 12	3521,3599
Partition 13	3581,3578
Partition 14	3600,3603,3580,3524,3601,3602
Partition 15	3585,3586,3582,3587
Partition 16	3541,3557,3542,3579,3523,3590,3525
Partition 17	3577,3588
Partition 18	3537,3535,3536
Partition 19	3546,3545
Partition 20	3538,3539,3540,3544,3543
Partition 21	3572,3573,3574,3575,3576
Partition 22	3592,3593,3591
Partition 23	3526,3534,3583,3584
Partition 24	3566
Partition 26	3564
Partition 27	3550
Partition 28	3547
Partition 30	3522
Partition 33	3608
Partition 35	3532
Partition 37	3533
Partition 38	3560
path	2
T	15
cut	58
Partition 0	3527,3531,3530
Partition 1	3558,3559,3563
Partition 2	3520,3528,3564,3594,3529
Partition 3	3610,3611,3609
Partition 5	3532,3549,3548
Partition 6	3552,3553,3554
Partition 7	3568,3567
Partition 8	3556,3570,3571,3555,3569
Partition 9	3595,3596
Partition 10	3606,3608,3607,3605
Partition 11	3565,3566,3597,3522,3589,3598,3604
Partition 12	3521,3560,3599,3561
Partition 13	3581,3578
Partition 14	3600,3603,3602
Partition 15	3585,3586,3582,3587
Partition 16	3541,3557,3525
Partition 17	3542,3577,3523,3588
Partition 18	3537,3535,3536
Partition 19	3546,3547,3545
Partition 20	3538,3539,3540,3544,3543
Partition 21	3572,3573,3574,3575,3576
Partition 22	3592,3593,3591
Partition 23	3526,3534,3583,3584,3533
Partition 28	3590
Partition 29	3579,3580,3524,3562,3601
Partition 32	3551,3550
path	3
T	13
cut	64
Partition 0	3529,3530
Partition 1	3558,3559,3563
Partition 2	3520,3594
Partition 3	3610,3611,3609
Partition 4	3561,3532,3524,3562,3548
Partition 5	3551,3550
Partition 6	3552,3553,3554
Partition 7	3566,3568,3567
Partition 8	3556,3570,3571,3555,3569
Partition 9	3565,3597,3595,3596,3598,3604
Partition 10	3606,3608,3607
Partition 11	3522
Partition 12	3521,3599
Partition 13	3579,3580,3581,3601,3578
Partition 14	3600,3603,3602
Partition 15	3586,3582
Partition 16	3541
Partition 17	3560,3542,3577,3587,3523,3590,3588
Partition 18	3537,3535,3536
Partition 19	3546,3547,3545
Partition 20	3538,3539,3540,3544,3543
Partition 21	3572,3573,3574,3575,3576
Partition 22	3592,3593,3591
Partition 23	3526,3534,3583,3584,3533
Partition 27	3531
Partition 28	3527
Partition 31	3557,3585,3525
Partition 32	3564
Partition 34	3528
Partition 36	3549
Partition 37	3605
Partition 38	3589
path	4
T	13
cut	58
Partition 0	3527,3531,3530
Partition 1	3558,3559,3563
Partition 2	3520,3528,3594
Partition 3	3610,3611,3609
Partition 4	3561,3562
Partition 5	3532,3549,3524,3551,3548,3550
Partition 6	3565,3522,3552,3553,3554
Partition 7	3566,3568,3567
Partition 8	3556,3570,3571,3555,3569
Partition 9	3597,3595,3596
Partition 10	3606,3608,3607,3605
Partition 11	3598,3604
Partition 12	3521,3560,3599
Partition 13	3579,3580,3581,3601,3578
Partition 14	3600,3603,3602
Partition 15	3585,3586,3582,3587
Partition 16	3541,3557,3590,3525
Partition 17	3542,3529,3577,3523
Partition 18	3537,3535,3536
Partition 19	3546,3547,3545
Partition 20	3538,3539,3540,3544,3543
Partition 21	3572,3573,3574,3575,3576
Partition 22	3592,3593,3591
Partition 23	3526,3534,3583,3584,3533
Partition 26	3589,3588
Partition 29	3564
path	5
T	12
cut	63
Partition 0	3529,3530
Partition 1	3558,3559,3563
Partition 2	3564
Partition 3	3610,3611,3609
Partition 4	3561
Partition 5	3531,3532
Partition 6	3552,3553,3554
Partition 7	3566,3568,3567
Partition 8	3556,3570,3571,3555,3569
Partition 9	3594,3595,3596
Partition 10	3606,3608,3607,3605
Partition 11	3565,3597,3522,3589,3598,3604
Partition 12	3521,3560,3599
Partition 13	3579,3580,3581,3601,3578
Partition 14	3600,3603,3602
Partition 15	3585,3586,3582,3587
Partition 16	3525
Partition 17	3577,3523,3550,3588
Partition 18	3537,3535,3536
Partition 19	3546,3547,3545,3549,3548
Partition 20	3538,3539,3540,3544,3543
Partition 21	3572,3573,3574,3575,3576
Partition 22	3592,3593,3591
Partition 23	3526,3534,3583,3584,3533
Partition 26	3590
Partition 27	3524
Partition 29	3562
Partition 30	3551
Partition 32	3527,3520,3528
Partition 34	3541,3542
Partition 35	3557
path	6
T	10
cut	65
Partition 0	3527,3531
Partition 1	3558,3559,3563
Partition 2	3520,3528,3594
Partition 3	3610,3611,3609
Partition 4	3561,3562
Partition 5	3549,3548
Partition 6	3552,3553,3554
Partition 7	3568,3567
Partition 8	3570,3571,3608,3569
Partition 9	3565,3597,3529,3595,3596,3530
Partition 10	3589,3606,3607,3605
Partition 11	3598,3604
Partition 12	3521,3599
Partition 13	3581,3578
Partition 14	3600,3603,3580,3524,3601,3602
Partition 15	3585,3586,3582,3587
Partition 16	3541,3557,3542,3579,3523,3590,3525
Partition 17	3577,3588
Partition 18	3537,3535,3536
Partition 19	3546,3545
Partition 20	3538,3539,3540,3544,3543
Partition 21	3572,3573,3574,3575,3576
Partition 22	3592,3593,3591
Partition 23	3526,3534,3583,3584
Partition 24	3566
Partition 26	3564
Partition 27	3551,3555,3550
Partition 28	3547
Partition 30	3522
Partition 35	3532
Partition 37	3533
Partition 38	3560
Partition 41	3556
path	7
T	12
cut	64
Partition 0	3527,3531,3530
Partition 1	3564,3563
Partition 2	3520,3528,3594
Partition 3	3610,3611,3609
Partition 5	3532,3549,3548
Partition 6	3552,3553,3554
Partition 7	3568,3567
Partition 8	3556,3570,3571,3555,3569
Partition 9	3595,3596
Partition 10	3606,3608,3607,3605
Partition 11	3565,3566,3597,3559,3522,3589,3598
Partition 12	3521,3560,3599,3561
Partition 13	3581,3578
Partition 14	3600,3603,3602
Partition 15	3585,3586,3582,3587
Partition 16	3525
Partition 17	3577,3523,3588
Partition 18	3537,3535,3536
Partition 19	3546,3547,3545
Partition 20	3538,3539,3540,3544,3543
Partition 21	3572,3573,3574,3575,3576
Partition 22	3592,3593,3591
Partition 23	3526,3534,3583,3584,3533
Partition 28	3590
Partition 29	3579,3580,3524,3562,3601
Partition 32	3551,3550
Partition 33	3542
Partition 37	3557
Partition 38	3541
Partition 39	3529
Partition 40	3604
Partition 42	3558
path	8
T	13
cut	65
Partition 0	3529,3530
Partition 1	3558,3559,3563
Partition 2	3520,3594
Partition 3	3610,3611,3609
Partition 4	3561,3532,3524,3562,3548
Partition 5	3551,3550
Partition 6	3552,3553,3554
Partition 7	3566,3568,3567
Partition 8	3556,3570,3571,3555,3569
Partition 9	3597,3595,3596,3598,3604,3605
Partition 10	3606,3608,3607
Partition 11	3522
Partition 12	3521,3541,3565,3599
Partition 13	3581,3578
Partition 14	3600,3603,3602
Partition 15	3586,3582
Partition 16	3525
Partition 17	3560,3542,3577,3587,3523,3590,3588
Partition 18	3537,3535,3536
Partition 19	3546,3547,3545
Partition 20	3538,3539,3540,3544,3543
Partition 21	3572,3573,3574,3575,3576
Partition 22	3592,3593,3591
Partition 23	3526,3534,3583,3584,3533
Partition 27	3531
Partition 28	3527
Partition 31	3557,3585
Partition 32	3564
Partition 34	3528
Partition 36	3549
Partition 38	3589
Partition 39	3601
Partition 40	3579,3580
