path	1
T	3
cut	7
Partition 0	799,803,804,805,796,810
Partition 1	797,813,815,814
Partition 2	806,808,807,798,809
Partition 3	800,801,802,811,812
Partition 4	819,816,818,817
path	2
T	2
cut	7
Partition 0	799,803,804,805,796
Partition 1	797,813,815,814
Partition 2	806,808,807,798,809
Partition 3	800,801,802,811,810
Partition 4	819,816,812,818,817
path	3
T	2
cut	7
Partition 0	799,803,804,805,811,810
Partition 1	797,813,815,796,814
Partition 2	806,808,807,798,809
Partition 3	800,801,802
Partition 4	819,816,812,818,817
path	4
T	2
cut	7
Partition 0	799,803,804,805,796
Partition 1	797,813,815,814
Partition 2	806,808,807,798,809
Partition 3	800,801,802,811,810
Partition 4	819,816,812,818,817
path	5
T	2
cut	7
Partition 0	799,803,804,805,796
Partition 1	797,813,815,814
Partition 2	806,808,807,798,809
Partition 3	800,801,802,811,810
Partition 4	819,816,812,818,817
path	6
T	2
cut	7
Partition 0	799,803,804,805,796
Partition 1	797,813,815,814
Partition 2	806,808,807,798,809
Partition 3	800,801,802,811,810
Partition 4	819,816,812,818,817
path	7
T	2
cut	7
Partition 0	799,803,804,805,796
Partition 1	797,813,815,814
Partition 2	806,808,807,798,809
Partition 3	800,801,802,811,810
Partition 4	819,816,812,818,817
path	8
T	2
cut	7
Partition 0	799,803,804,805,796
Partition 1	797,813,815,814
Partition 2	806,808,807,798,809
Partition 3	800,801,811,810
Partition 4	819,816,812,818,817,802
path	9
T	2
cut	7
Partition 0	799,803,804,805,796
Partition 1	797,813,815,814
Partition 2	806,808,807,798,809
Partition 3	800,801,802,811,810
Partition 4	819,816,812,818,817
path	10
T	2
cut	7
Partition 0	799,803,804,805,796
Partition 1	797,813,815,814
Partition 2	806,808,807,798,809
Partition 3	800,801,802,811,810
Partition 4	819,816,812,818,817
