path	1
T	3
cut	14
Partition 0	826,825,821
Partition 1	801,802,819
Partition 2	803,806,807,798,808,824
Partition 3	817,818,822,823
Partition 4	797,811,815,800,816
Partition 5	804,796,814,805,820
Partition 6	809,810,812,799,813
path	2
T	3
cut	15
Partition 0	826,825,821
Partition 1	801,802,819
Partition 2	803,806,807,798,808
Partition 3	817,818,822,823,824,805
Partition 4	797,811,815,800,816
Partition 5	804,796,814,820
Partition 6	809,810,812,799,813
path	3
T	5
cut	14
Partition 0	826,825,821
Partition 1	801,802,819
Partition 2	803,806,807,798,808,797,824
Partition 3	817,818,822,823
Partition 4	811,815,800,816
Partition 5	804,796,814,805,820
Partition 6	809,810,812,799,813
path	4
T	6
cut	13
Partition 0	826,825,821
Partition 1	801,802,819
Partition 2	807,798,808
Partition 3	818,822,823,824
Partition 4	797,811,815,800,816,803,817
Partition 5	804,796,814,805,806,820
Partition 6	809,810,812,799,813
path	5
T	3
cut	14
Partition 0	826,825,821
Partition 1	801,802,819
Partition 2	803,806,807,798,808,824
Partition 3	817,818,822,823
Partition 4	797,811,815,800,816
Partition 5	804,796,814,805,820
Partition 6	809,810,812,799,813
path	6
T	3
cut	14
Partition 0	826,825,821
Partition 1	801,802,819
Partition 2	803,806,807,798,808,824
Partition 3	817,818,822,823
Partition 4	797,811,815,800,816
Partition 5	804,796,814,805,820
Partition 6	809,810,812,799,813
path	7
T	3
cut	15
Partition 0	826,825,821
Partition 1	801,802,819
Partition 2	803,806,807,798,808,824
Partition 3	817,818,822,823,820
Partition 4	797,811,815,800,816
Partition 5	804,796,814,805
Partition 6	809,810,812,799,813
path	8
T	3
cut	15
Partition 0	826,825,821
Partition 1	801,802,819
Partition 2	803,806,807,798,808
Partition 3	817,818,822,823,824,805
Partition 4	797,811,815,800,816
Partition 5	804,796,814,820
Partition 6	809,810,812,799,813
path	9
T	5
cut	15
Partition 0	826,825,821
Partition 1	801,802,819
Partition 2	806,807,798,808
Partition 3	817,818,822,823,824,805
Partition 4	797,811,815,800,816,803
Partition 5	804,796,814,820
Partition 6	809,810,812,799,813
path	10
T	2
cut	14
Partition 0	826,825,821,820
Partition 1	801,802,819
Partition 2	803,806,807,798,808,824
Partition 3	817,818,822,823
Partition 4	797,811,815,800,816
Partition 5	804,796,814,805
Partition 6	809,810,812,799,813
