path	1
T	8
cut	33
Partition 0	1716,1717
Partition 1	1691,1692
Partition 2	1694,1718,1719,1693
Partition 3	1677,1679,1680,1681
Partition 4	1678,1665
Partition 5	1672,1673
Partition 6	1687,1688,1708,1689,1690
Partition 8	1695,1667
Partition 9	1668,1669,1664
Partition 10	1697,1700,1698,1699
Partition 11	1703,1704,1663
Partition 12	1713,1706,1714,1707,1715
Partition 13	1696,1666,1709,1710
Partition 14	1705,1701,1702
Partition 15	1662,1670,1671,1675,1674
Partition 17	1711,1712
Partition 18	1682,1676,1683,1685,1684
Partition 20	1686
path	2
T	13
cut	36
Partition 0	1717
Partition 1	1673,1675,1674
Partition 2	1694,1718,1719,1693
Partition 3	1676
Partition 4	1677,1679,1678,1680,1681
Partition 5	1682,1685,1684,1672,1689
Partition 6	1690,1691,1692
Partition 7	1669
Partition 8	1697,1700,1698,1706,1699
Partition 9	1687,1688
Partition 10	1686,1667
Partition 11	1703,1704,1705,1713,1663
Partition 13	1696,1666,1709,1710
Partition 14	1701,1702,1711,1712
Partition 17	1695
Partition 19	1708,1668,1664,1714,1715
Partition 20	1665,1707
Partition 21	1716
Partition 22	1683
Partition 23	1662
Partition 25	1671
Partition 26	1670
path	3
T	6
cut	35
Partition 0	1706
Partition 1	1694,1693
Partition 2	1718,1719
Partition 3	1676,1677,1683,1696,1665
Partition 4	1679,1678,1680,1681
Partition 5	1672,1673
Partition 6	1690,1691,1692
Partition 7	1669
Partition 9	1708,1668,1664
Partition 10	1686,1687,1695,1667
Partition 11	1703,1704,1663
Partition 12	1714,1707,1716,1715,1717
Partition 13	1697,1698
Partition 14	1705,1702
Partition 15	1675,1674
Partition 16	1713,1701,1711,1712
Partition 18	1662
Partition 19	1666,1709,1710
Partition 20	1670,1671,1700,1699
Partition 21	1682,1685,1684,1689
Partition 22	1688
path	4
T	9
cut	31
Partition 0	1717
Partition 1	1673,1675,1674
Partition 2	1694,1718,1719,1693
Partition 3	1676,1677
Partition 4	1680,1690,1681,1691,1692
Partition 5	1683,1685,1684,1665,1707
Partition 6	1687,1688,1708,1689
Partition 7	1662,1670,1682
Partition 8	1671,1700,1699
Partition 9	1668,1664
Partition 10	1686,1697,1695,1667,1698
Partition 11	1703,1704,1663,1672
Partition 12	1713,1712,1714,1716,1715
Partition 13	1696,1666,1709,1710
Partition 14	1705,1701,1702,1711,1706
Partition 16	1669
Partition 17	1679,1678
path	5
T	13
cut	33
Partition 0	1683,1665,1707
Partition 1	1686,1671,1667,1675,1693
Partition 3	1716,1717
Partition 4	1677,1679,1678,1680,1681
Partition 5	1703,1663,1672,1673,1674
Partition 6	1682,1685
Partition 7	1690
Partition 8	1691,1692
Partition 10	1668,1669,1695,1698,1664
Partition 12	1687,1708,1713,1714,1715
Partition 13	1696,1697,1666,1709,1710
Partition 14	1701,1702,1711,1712
Partition 15	1662,1670
Partition 16	1688,1689,1694,1718,1719
Partition 17	1704,1705,1700,1706,1699
Partition 20	1684
Partition 21	1676
