path	1
T	3
cut	9
Partition 0	804,808,803,796,807
Partition 1	818,809,817,816
Partition 2	810,811,799
Partition 3	797,805,812,800,806,798
Partition 4	813,801,802,814,815
path	2
T	3
cut	9
Partition 0	804,808,803,796,807
Partition 1	818,817,816
Partition 2	810,811,798
Partition 3	797,805,812,800,806,799,809
Partition 4	813,801,802,814,815
path	3
T	4
cut	8
Partition 0	804,808,803,796,807
Partition 1	818,799,809,817,816
Partition 2	810,811,798,806,805,800
Partition 3	797,812,813
Partition 4	801,802,814,815
path	4
T	3
cut	9
Partition 0	804,808,803,796,807
Partition 1	818,809,817,816
Partition 2	810,811,799
Partition 3	797,805,812,800,806,798
Partition 4	813,801,802,814,815
path	5
T	3
cut	9
Partition 0	804,808,803,796,807
Partition 1	818,817,816
Partition 2	810,811,798
Partition 3	797,805,812,800,806,799,809
Partition 4	813,801,802,814,815
path	6
T	3
cut	9
Partition 0	804,808,803,796,807
Partition 1	818,817,816
Partition 2	810,811,798
Partition 3	797,805,812,800,806,799,809
Partition 4	813,801,802,814,815
path	7
T	4
cut	9
Partition 0	804,808,803,796,807
Partition 1	818,809,817,816
Partition 2	810,811,798,806,799,805
Partition 3	797,812,813
Partition 4	801,802,814,815,800
path	8
T	3
cut	9
Partition 0	804,808,803,796,807
Partition 1	818,817,816
Partition 2	810,811,798
Partition 3	797,805,812,800,806,809,799
Partition 4	813,801,802,814,815
path	9
T	3
cut	9
Partition 0	804,808,803,796,807
Partition 1	818,809,817,816
Partition 2	810,811,799
Partition 3	797,805,812,800,806,798
Partition 4	813,801,802,814,815
path	10
T	4
cut	8
Partition 0	804,808,803,796,807
Partition 1	818,799,809,817,816
Partition 2	810,811,798
Partition 3	797,805,812,800,806
Partition 4	813,801,802,814,815
