path	1
T	16
cut	80
Partition 0	3540,3541,3581,3550
Partition 1	3551,3552
Partition 2	3526,3535,3536,3560,3561
Partition 3	3566,3556,3557
Partition 4	3554,3555,3525
Partition 5	3533,3528,3534
Partition 6	3597,3598
Partition 7	3571,3572
Partition 8	3537,3538
Partition 9	3576,3621,3620
Partition 10	3574,3575,3573
Partition 11	3570,3559,3562,3584,3520
Partition 12	3558,3568,3569
Partition 13	3589,3590
Partition 14	3622,3553,3623,3624
Partition 15	3531,3532,3586
Partition 16	3585,3616
Partition 17	3614,3607,3615
Partition 18	3609,3610,3611
Partition 19	3591,3592,3588
Partition 20	3583,3593,3594,3595
Partition 21	3601,3602,3603
Partition 22	3618,3604,3605,3619
Partition 24	3579,3577,3600,3599,3580
Partition 25	3587
Partition 26	3582
Partition 27	3529
Partition 28	3544,3545,3522
Partition 29	3521,3578,3523
Partition 30	3546
Partition 31	3596
Partition 32	3613,3617
Partition 33	3565,3567,3563
Partition 38	3608,3606,3612
Partition 40	3539
Partition 41	3547,3548,3530,3549
Partition 43	3527
Partition 44	3542,3543
Partition 46	3524,3564
path	2
T	13
cut	84
Partition 0	3540,3548,3541,3549,3550
Partition 1	3551,3552
Partition 2	3560,3561
Partition 3	3556,3557,3613
Partition 4	3526,3527,3535
Partition 5	3533,3528,3534
Partition 6	3596,3597,3598
Partition 7	3570,3571,3572
Partition 8	3537,3538
Partition 9	3576,3621,3620
Partition 10	3574,3575,3566
Partition 11	3567,3559,3562,3584,3563,3585
Partition 12	3558,3568,3569
Partition 13	3589,3590
Partition 14	3622,3553,3623,3624
Partition 15	3531,3532
Partition 16	3616,3615
Partition 17	3543,3614,3607
Partition 18	3608,3612,3611
Partition 19	3587,3588
Partition 20	3583,3591,3592,3593,3594,3595
Partition 21	3600,3599,3601,3602,3603
Partition 22	3618,3604,3605,3619
Partition 23	3564
Partition 24	3579
Partition 25	3581,3582
Partition 26	3609,3610
Partition 27	3539,3547,3529,3530,3522
Partition 28	3524,3544
Partition 29	3521,3578,3523
Partition 35	3577,3565
Partition 36	3546
Partition 37	3606
Partition 41	3542
Partition 42	3555
Partition 43	3520
Partition 44	3536
Partition 45	3554,3525
Partition 46	3586
Partition 47	3580
Partition 48	3545
Partition 52	3573
Partition 56	3617
path	3
T	14
cut	79
Partition 0	3541,3549,3550
Partition 1	3535,3536,3551
Partition 2	3560,3561
Partition 3	3556,3557,3613
Partition 4	3526,3527,3554,3555,3525
Partition 5	3533,3528,3534
Partition 6	3596,3597,3598
Partition 7	3570,3571,3572
Partition 8	3537,3538
Partition 9	3575,3576,3621,3620
Partition 10	3574,3567,3573
Partition 11	3559,3584,3585
Partition 12	3558,3568,3569
Partition 13	3589,3590
Partition 14	3622,3553,3623,3624
Partition 15	3531,3532,3586
Partition 16	3616,3617
Partition 17	3543,3614
Partition 18	3608,3612
Partition 19	3591,3592,3588
Partition 20	3593,3594,3595
Partition 21	3601,3602,3603
Partition 22	3618,3604,3605,3619
Partition 23	3577,3564,3565
Partition 24	3579,3600,3599,3580,3615
Partition 25	3583,3582
Partition 26	3609,3610,3611
Partition 27	3530
Partition 28	3542,3546,3581,3524,3544,3545
Partition 29	3521,3578,3523
Partition 30	3547,3548
Partition 32	3607
Partition 33	3562,3563
Partition 34	3520
Partition 35	3552
Partition 37	3529,3606,3522
Partition 39	3566
Partition 40	3539,3540,3587
path	4
T	16
cut	83
Partition 0	3541,3549,3550
Partition 1	3536,3551
Partition 2	3560,3561,3563
Partition 3	3556,3557,3613
Partition 4	3554,3555,3525
Partition 5	3533,3528,3534
Partition 6	3596,3597,3598
Partition 7	3570,3571,3572
Partition 8	3537,3538
Partition 9	3576,3621,3620
Partition 10	3574,3567,3573
Partition 11	3559,3584
Partition 12	3558,3568,3569
Partition 13	3589,3590
Partition 14	3622,3520,3553,3623,3552
Partition 15	3531,3532,3586
Partition 16	3585,3616
Partition 17	3614,3607,3615
Partition 18	3608,3612,3611
Partition 19	3591,3592,3588
Partition 20	3583,3593,3594,3595
Partition 21	3601,3602,3603
Partition 22	3618,3604,3605,3619
Partition 23	3577,3564,3565
Partition 24	3579,3600,3599,3580
Partition 25	3581,3582
Partition 26	3540,3587,3524,3544,3609,3610
Partition 27	3529,3522
Partition 28	3542,3546
Partition 29	3521,3578,3523
Partition 30	3539,3547
Partition 31	3575,3566
Partition 32	3624
Partition 33	3606
Partition 35	3526,3527,3535
Partition 36	3562
Partition 38	3617
Partition 39	3530
Partition 42	3548
Partition 43	3545
Partition 44	3543
path	5
T	17
cut	77
Partition 0	3541,3549,3550
Partition 1	3535,3536,3551
Partition 2	3560,3561
Partition 3	3566,3556,3557
Partition 4	3554,3555,3525
Partition 5	3531,3532,3527,3528
Partition 6	3596,3597,3598
Partition 7	3570,3571,3572
Partition 8	3537,3538
Partition 9	3576,3621,3620
Partition 10	3574,3575,3573
Partition 11	3565,3567,3559,3562,3584,3563
Partition 12	3558,3568,3569
Partition 13	3590
Partition 14	3622,3589,3520,3553,3623,3624,3552
Partition 15	3533,3534
Partition 16	3616,3617
Partition 17	3614,3607,3615
Partition 18	3613,3612,3611
Partition 19	3587,3588
Partition 20	3586,3583,3591,3592,3593,3594,3595
Partition 21	3601,3602,3603
Partition 22	3618,3604,3605,3619
Partition 23	3577
Partition 24	3579,3600,3530,3599,3580
Partition 26	3609,3610
Partition 27	3544,3529,3522
Partition 28	3542,3546
Partition 29	3521,3578,3523
Partition 30	3547,3548
Partition 33	3524
Partition 37	3585
Partition 38	3526
Partition 41	3543,3608,3564,3606
Partition 43	3539,3540,3581,3545,3582
