cut	59
Partition 0	3584,3585,3588
Partition 1	3526,3531
Partition 2	3541,3565
Partition 3	3586,3587
Partition 4	3572,3573,3577
Partition 5	3524,3560,3544
Partition 6	3574,3575,3576
Partition 7	3567,3568
Partition 8	3527,3564,3569
Partition 9	3561,3559
Partition 10	3562,3563,3570
Partition 11	3528,3529
Partition 12	3534,3536,3530
Partition 13	3520,3566,3558
Partition 14	3523,3540,3557
Partition 15	3525,3543
Partition 16	3545,3546
Partition 17	3542,3548,3547
Partition 18	3593,3592
Partition 19	3589,3590,3591
Partition 20	3537,3539,3538
Partition 21	3522,3533,3532
Partition 22	3598,3556,3521
Partition 23	3555,3554
Partition 24	3549,3553,3552
Partition 25	3579,3551,3550
Partition 26	3535,3578
Partition 27	3580,3582,3581
Partition 28	3597,3571,3596
Partition 29	3583,3594,3595
