cut	63
Partition 0	3575,3586,3587
Partition 1	3589,3614,3588,3615
Partition 2	3617,3616,3524,3559
Partition 3	3585,3584,3583
Partition 4	3565,3566,3563,3567
Partition 5	3527,3535,3560,3536
Partition 6	3546,3599,3600
Partition 7	3611,3613,3612
Partition 8	3562,3601,3608,3609
Partition 9	3606,3607,3598,3610
Partition 10	3550,3605,3571,3570
Partition 11	3568,3569,3574,3573
Partition 12	3561,3572,3591,3596,3597
Partition 13	3576,3604,3577
Partition 14	3548,3545,3547,3529
Partition 15	3580,3578,3523,3579
Partition 16	3592,3593,3602
Partition 17	3594,3525,3590,3595
Partition 18	3551,3564,3581,3582
Partition 19	3532,3603,3522
Partition 20	3533,3541,3534,3537
Partition 21	3520,3540,3549,3539
Partition 22	3521,3528,3538,3554
Partition 23	3552,3553,3526,3555
Partition 24	3530,3531,3543,3542
Partition 25	3556,3558,3544,3557
