path	1
T	12
cut	57
Partition 0	3594,3595
Partition 1	3527,3520,3528
Partition 2	3549,3610,3611,3548
Partition 3	3561,3564,3563,3562
Partition 4	3551,3550
Partition 5	3568,3567,3569
Partition 6	3571,3608,3609,3607
Partition 7	3556,3570,3553,3554,3555
Partition 8	3598,3604,3605
Partition 9	3558,3559,3522,3552,3589
Partition 10	3597,3596
Partition 11	3560,3531,3529,3530,3523,3590
Partition 12	3541,3542,3543
Partition 13	3538,3539,3540,3544
Partition 14	3537,3546,3547,3545
Partition 15	3526,3534,3535,3536,3533
Partition 16	3592,3593,3591
Partition 17	3572,3573,3574
Partition 18	3585,3586,3583,3584
Partition 19	3575,3576,3577,3587,3588
Partition 20	3521,3599,3600,3603
Partition 21	3532,3580,3524,3601,3602
Partition 22	3557,3582,3579,3581,3578,3525
Partition 23	3606
Partition 25	3565,3566
path	2
T	13
cut	62
Partition 0	3565,3566,3597,3594,3595,3596
Partition 1	3527,3520,3528
Partition 2	3549,3610,3611,3548
Partition 3	3561,3563,3562
Partition 4	3531,3532,3524,3551,3550
Partition 5	3564,3568,3567,3569
Partition 6	3571,3606,3608,3609,3607
Partition 7	3556,3570,3553,3554,3555
Partition 8	3598,3604,3605
Partition 10	3558,3559,3522,3589
Partition 11	3560,3529,3530,3523
Partition 12	3541,3542,3543
Partition 13	3538,3539,3540,3544
Partition 14	3537,3546,3547
Partition 15	3535
Partition 16	3526,3534,3579,3592,3590,3591
Partition 17	3572,3573,3574
Partition 18	3585,3586,3583,3584
Partition 19	3575,3576,3577,3587,3588
Partition 20	3521,3599,3600,3603
Partition 21	3580,3601,3578,3602
Partition 23	3545
Partition 26	3593
Partition 27	3582
Partition 28	3557
Partition 29	3581
Partition 31	3525
Partition 32	3552
Partition 33	3536
Partition 34	3533
path	3
T	9
cut	60
Partition 0	3594,3595,3596
Partition 1	3527,3520,3528
Partition 2	3549,3610,3611,3548
Partition 3	3524
Partition 4	3551,3550
Partition 5	3565,3566,3564,3568,3567,3569
Partition 6	3571,3608,3609,3607
Partition 7	3556,3570,3553,3554,3555
Partition 8	3597,3593,3598,3604,3605
Partition 9	3558,3559
Partition 10	3522
Partition 11	3560,3561,3529,3563,3530,3562,3523
Partition 12	3541,3542,3543
Partition 13	3538,3539,3540,3544
Partition 14	3537,3546,3547,3545
Partition 15	3534,3535,3536,3533
Partition 16	3592,3590,3591
Partition 17	3572,3573,3574
Partition 18	3585,3586,3583,3584
Partition 19	3575,3576,3577,3587,3588
Partition 20	3521,3599,3600,3603
Partition 21	3580,3601,3602
Partition 22	3557,3582,3579,3581,3578,3525
Partition 23	3526
Partition 24	3531
Partition 25	3589,3606
Partition 26	3552
Partition 30	3532
path	4
T	7
cut	62
Partition 0	3594,3595,3596
Partition 1	3527,3520,3528
Partition 2	3549,3610,3611,3548
Partition 3	3561,3563,3562
Partition 4	3551,3550
Partition 5	3564,3568,3567,3569
Partition 6	3570,3571,3608,3609,3607
Partition 7	3556,3552,3553,3554,3555
Partition 8	3565,3566,3597,3598,3604,3605
Partition 9	3558,3559
Partition 10	3589,3606
Partition 11	3529,3530,3523
Partition 12	3521,3541,3542,3543
Partition 13	3538,3539,3540,3544
Partition 14	3537,3546,3547,3545
Partition 15	3534,3535,3536,3533
Partition 16	3592,3590,3591
Partition 17	3572,3573,3574
Partition 18	3585,3586,3583,3584
Partition 19	3575,3576,3577,3587,3588
Partition 20	3599,3600,3603
Partition 21	3580,3524,3601,3602
Partition 22	3557,3582,3579,3581,3525
Partition 26	3531
Partition 29	3578
Partition 30	3593
Partition 31	3560
Partition 33	3526
Partition 34	3532
Partition 36	3522
path	5
T	11
cut	64
Partition 0	3594,3595,3596
Partition 1	3527,3520,3528
Partition 2	3532,3549,3610,3611,3548
Partition 3	3524
Partition 4	3551,3550
Partition 5	3570,3568,3567,3569
Partition 6	3571,3608,3609
Partition 7	3556,3552,3553,3554,3555
Partition 8	3598
Partition 9	3558,3559
Partition 10	3606,3604,3605
Partition 11	3560,3576,3529,3577,3523
Partition 12	3541,3542,3543
Partition 13	3538,3539,3540,3544
Partition 14	3537,3546,3547,3545
Partition 15	3534,3535,3536,3533
Partition 16	3592,3590,3591
Partition 17	3572,3573,3574
Partition 18	3585,3586,3583,3584
Partition 19	3587,3589,3588
Partition 20	3521,3565,3599,3566,3597,3600,3603
Partition 21	3561,3580,3562,3601,3602
Partition 22	3557,3582,3579,3581,3525
Partition 23	3531,3530
Partition 24	3593
Partition 27	3526
Partition 28	3578
Partition 30	3564,3563
Partition 33	3607
Partition 34	3575
Partition 36	3522
path	6
T	11
cut	58
Partition 0	3594,3595
Partition 1	3527,3520,3528
Partition 2	3549,3610,3611,3548
Partition 3	3561,3564,3563,3562
Partition 4	3551,3550
Partition 5	3568,3567,3569
Partition 6	3571,3608,3609,3607
Partition 7	3556,3570,3553,3554,3555
Partition 8	3598,3604,3605
Partition 9	3558,3559,3522,3552,3589
Partition 10	3597,3596
Partition 11	3560,3531,3532,3529,3530,3523,3590
Partition 12	3541,3542,3543
Partition 13	3538,3539,3540,3544
Partition 14	3537,3546,3547,3545
Partition 15	3526,3534,3535,3536,3533
Partition 16	3592,3593,3591
Partition 17	3572,3573,3574
Partition 18	3585,3586,3583,3584
Partition 19	3575,3576,3577,3587,3588
Partition 20	3599,3600,3603
Partition 21	3580,3601,3602
Partition 22	3557,3582,3579,3581,3578,3525
Partition 23	3606
Partition 25	3521,3565,3566
Partition 28	3524
path	7
T	12
cut	69
Partition 0	3597,3594,3595,3596
Partition 1	3527,3520,3528
Partition 2	3549,3610,3611,3548
Partition 3	3561,3563,3562
Partition 4	3531,3532,3524,3551,3550
Partition 5	3568,3567,3569
Partition 6	3589,3606,3607
Partition 7	3556,3570,3553,3554,3555
Partition 8	3604,3605
Partition 10	3558,3559
Partition 11	3560,3529,3530,3523
Partition 12	3541,3542,3543
Partition 13	3538,3539,3540,3544
Partition 14	3537,3546,3547
Partition 15	3535
Partition 16	3526,3534,3579,3592,3590,3591
Partition 17	3572,3573,3574
Partition 18	3585,3586,3583,3584
Partition 19	3575,3576,3577,3587,3588
Partition 20	3599,3600,3603
Partition 21	3580,3601,3578,3602
Partition 23	3545
Partition 26	3593
Partition 27	3582
Partition 28	3557
Partition 29	3581
Partition 31	3525
Partition 32	3552
Partition 33	3536
Partition 34	3533
Partition 35	3564
Partition 36	3566
Partition 37	3521,3565,3522
Partition 38	3598
Partition 41	3571
Partition 45	3609
Partition 48	3608
path	8
T	11
cut	65
Partition 0	3597,3594,3595,3596
Partition 1	3527,3520,3528
Partition 2	3549,3610,3611,3548
Partition 3	3524
Partition 4	3551,3550
Partition 5	3566,3564,3568,3567,3569
Partition 6	3571,3608,3609,3607
Partition 7	3556,3570,3553,3554,3555
Partition 8	3598,3604,3605
Partition 9	3558,3559
Partition 10	3522
Partition 11	3560,3561,3529,3563,3530,3562,3523
Partition 12	3541,3542,3543,3525
Partition 13	3538,3539,3540,3544
Partition 14	3537,3546,3547,3545
Partition 15	3534,3535,3536,3533
Partition 16	3592,3590,3591
Partition 17	3572,3573,3574
Partition 18	3585,3586,3583,3584
Partition 19	3575,3576,3577,3587,3588
Partition 20	3599,3600,3603
Partition 21	3580,3601,3602
Partition 22	3582,3581,3578
Partition 23	3526
Partition 24	3531
Partition 25	3606
Partition 26	3552
Partition 30	3532
Partition 31	3521,3565
Partition 33	3593
Partition 35	3589
Partition 37	3579
Partition 38	3557
path	9
T	10
cut	60
Partition 0	3594,3595,3596
Partition 1	3527,3520,3528
Partition 2	3549,3610,3611,3548
Partition 3	3561,3563,3562
Partition 4	3551,3550
Partition 5	3564,3568,3567,3569
Partition 6	3570,3571,3608,3609,3607
Partition 7	3556,3552,3553,3554,3555
Partition 8	3565,3566,3597,3598,3604,3605
Partition 9	3557,3558,3559
Partition 10	3589,3606
Partition 11	3529,3530
Partition 12	3521,3541,3542,3543,3523,3525
Partition 13	3538,3539,3540,3544
Partition 14	3537,3546,3547,3545
Partition 15	3534,3535,3536,3533
Partition 16	3590,3591
Partition 17	3572,3573,3574
Partition 18	3585,3586,3583,3584
Partition 19	3575,3576,3577,3587,3588
Partition 20	3599,3600,3603
Partition 21	3526,3579,3580
Partition 22	3582,3581
Partition 29	3578,3602
Partition 30	3592,3593
Partition 31	3560
Partition 34	3531,3532,3524,3601
Partition 36	3522
path	10
T	11
cut	63
Partition 0	3594,3595,3596
Partition 1	3527,3520,3528
Partition 2	3532,3549,3610,3611,3548
Partition 3	3524
Partition 4	3551,3550
Partition 5	3570,3568,3567,3569
Partition 6	3571,3608,3609
Partition 7	3556,3552,3553,3554,3555
Partition 8	3598
Partition 9	3558,3559
Partition 10	3606,3604,3605
Partition 11	3560,3561,3576,3529,3577,3562,3523
Partition 12	3541,3542,3543
Partition 13	3538,3539,3540,3544
Partition 14	3537,3546,3547,3545
Partition 15	3534,3535,3536,3533
Partition 16	3592,3590,3591
Partition 17	3572,3573,3574
Partition 18	3585,3586,3583,3584
Partition 19	3587,3589,3588
Partition 20	3521,3565,3599,3566,3597,3600,3603
Partition 21	3580,3601,3602
Partition 22	3557,3582,3579,3581,3525
Partition 23	3531,3530
Partition 24	3593
Partition 27	3526
Partition 28	3578
Partition 30	3564,3563
Partition 33	3607
Partition 34	3575
Partition 36	3522
