path	1
T	8
cut	22
Partition 1	1663,1695,1696,1666,1677
Partition 2	1694,1697
Partition 4	1701,1698,1702
Partition 5	1704,1705
Partition 6	1703,1685,1686,1687
Partition 7	1693,1706
Partition 8	1674,1675
Partition 9	1670,1700,1668,1669
Partition 10	1676,1667,1692
Partition 11	1662,1679,1690,1678,1691
Partition 12	1672,1673,1664,1671,1665
Partition 15	1680,1681,1699
Partition 16	1684,1682,1683,1688,1689
path	2
T	6
cut	27
Partition 0	1664
Partition 1	1663,1695,1696,1666,1677
Partition 2	1694,1697
Partition 3	1679,1678
Partition 4	1701,1698,1702
Partition 5	1704,1705
Partition 6	1662,1703,1685,1686,1687
Partition 7	1693,1706
Partition 8	1674,1675
Partition 9	1670,1700,1668,1669
Partition 10	1676,1667
Partition 11	1690,1691
Partition 12	1672,1673
Partition 13	1671,1665
Partition 14	1688,1689
Partition 15	1680,1681,1699
Partition 16	1684,1682,1683
Partition 17	1692
path	3
T	7
cut	26
Partition 0	1664
Partition 1	1697,1663,1695,1696,1677
Partition 2	1704,1698,1705,1702
Partition 3	1679,1678
Partition 4	1700,1701
Partition 5	1694
Partition 6	1662,1703,1666,1685,1686
Partition 7	1693,1706
Partition 8	1674
Partition 9	1670,1675,1668,1669
Partition 10	1676,1667,1692
Partition 11	1690,1691
Partition 12	1672,1673,1671
Partition 13	1687,1665
Partition 14	1688,1689
Partition 15	1680,1681,1699
Partition 16	1684,1682,1683
path	4
T	10
cut	26
Partition 0	1689
Partition 1	1663,1695,1696
Partition 2	1694,1697
Partition 3	1662
Partition 4	1701,1698,1702
Partition 5	1703
Partition 6	1666,1685,1686
Partition 7	1704,1693,1706,1705
Partition 8	1674,1675
Partition 9	1670,1700,1668,1669
Partition 10	1676,1667,1692
Partition 11	1679,1690,1677,1678,1691
Partition 12	1672,1673,1664,1671,1682
Partition 13	1687,1665
Partition 14	1688
Partition 15	1680,1681,1699
Partition 16	1684,1683
path	5
T	6
cut	25
Partition 0	1666
Partition 1	1663,1695,1696
Partition 2	1701,1698,1702
Partition 3	1685,1686
Partition 4	1704
Partition 5	1703
Partition 6	1662,1694,1697
Partition 7	1693,1706,1692,1691,1705
Partition 8	1674,1675,1676,1667
Partition 9	1670,1700,1668,1669
Partition 11	1679,1678
Partition 12	1672,1673,1677,1664,1671
Partition 13	1665
Partition 14	1690,1684,1687,1688,1689
Partition 15	1680,1681,1699
Partition 16	1682,1683
