path	1
T	4
cut	8
Partition 0	802,799,811,812
Partition 1	818,816,814,815,817
Partition 2	806,807,813,800,809,808
Partition 3	801,803,798,810
Partition 4	804,805,796,797
path	2
T	3
cut	7
Partition 0	802,799,811,812
Partition 1	818,816,814,815,817
Partition 2	797,806,807
Partition 3	801,803,800,798,813
Partition 4	804,805,808,796,809,810
path	3
T	3
cut	7
Partition 0	802,799,811,812
Partition 1	818,816,814,815,817
Partition 2	797,806,807
Partition 3	801,803,800,798,813
Partition 4	804,805,808,796,809,810
path	4
T	3
cut	7
Partition 0	802,799,811,812
Partition 1	818,816,814,815,817
Partition 2	797,806,807
Partition 3	801,803,800,798,813
Partition 4	804,805,808,796,809,810
path	5
T	3
cut	7
Partition 0	802,799,811,812
Partition 1	818,816,814,815,817
Partition 2	797,806,807
Partition 3	801,803,800,798,813
Partition 4	804,805,808,796,809,810
path	6
T	3
cut	7
Partition 0	802,799,811,812
Partition 1	818,816,814,815,817
Partition 2	797,806,807
Partition 3	801,803,800,798,813
Partition 4	804,805,808,796,809,810
path	7
T	3
cut	7
Partition 0	802,799,811,812
Partition 1	818,816,814,815,817
Partition 2	797,806,807
Partition 3	801,803,800,798,813
Partition 4	804,805,808,796,809,810
path	8
T	3
cut	8
Partition 0	802,799,811,812,810
Partition 1	818,816,814,815,817
Partition 2	813,800,803,801,798
Partition 3	797,807,806
Partition 4	804,805,808,796,809
path	9
T	3
cut	7
Partition 0	802,799,811,812
Partition 1	818,816,814,815,817
Partition 2	797,806,807
Partition 3	801,803,800,798,813
Partition 4	804,805,808,796,809,810
path	10
T	2
cut	8
Partition 0	799,811,812,803
Partition 1	818,816,814,815,817,810
Partition 2	797,806,807,813,800
Partition 3	801,798,802
Partition 4	804,805,808,796,809
