path	1
T	17
cut	105
Partition 1	2129,2068
Partition 2	2130,2138,2139,2140
Partition 3	2076
Partition 4	2066,2131
Partition 5	2132,2133,2135,2134,2136
Partition 6	2151,2152
Partition 7	2142,2143,2144
Partition 8	2094,2095
Partition 9	2063,2099,2100
Partition 10	2141,2149,2150
Partition 11	2146,2147,2145,2148
Partition 12	2069,2111
Partition 13	2108
Partition 14	2098,2105,2106
Partition 15	2087,2137,2083,2153
Partition 16	2082,2062
Partition 17	2088,2089
Partition 18	2085,2086
Partition 19	2081,2084
Partition 20	2065,2096,2097,2075
Partition 21	2102,2101
Partition 22	2077,2067
Partition 23	2078,2090,2091,2092
Partition 24	2158,2157,2160
Partition 25	2164,2166
Partition 26	2072,2074
Partition 27	2156,2155,2159
Partition 28	2162,2165
Partition 29	2070,2161,2163
Partition 30	2170,2169,2172
Partition 31	2127,2128
Partition 32	2176,2175,2178
Partition 33	2120,2174,2179,2173,2177
Partition 34	2168,2171
Partition 35	2167,2154
Partition 36	2196,2194,2197,2198
Partition 37	2186,2195
Partition 38	2188
Partition 39	2185,2124,2183,2184,2182
Partition 40	2199,2200
Partition 41	2192,2191,2193,2189,2190
Partition 42	2112,2113,2110
Partition 43	2116,2117
Partition 44	2114,2071,2115
Partition 45	2122,2123
Partition 46	2180,2181
Partition 47	2064,2125,2126
Partition 48	2093,2107
Partition 49	2109
Partition 50	2103,2104
Partition 51	2079,2080
Partition 52	2187
Partition 53	2118,2121,2073,2119
path	2
T	27
cut	103
Partition 1	2129,2068
Partition 2	2130,2138,2139,2140
Partition 3	2066,2131,2142,2132,2076
Partition 4	2135,2136
Partition 5	2133,2134
Partition 6	2151,2152
Partition 7	2094
Partition 8	2097,2098,2143,2144,2095
Partition 9	2104,2105,2106
Partition 10	2141,2149,2089,2150
Partition 11	2147,2145,2148
Partition 12	2069,2111
Partition 13	2087,2109,2108
Partition 14	2093,2107
Partition 15	2088,2082,2083,2062
Partition 16	2063,2099
Partition 17	2085,2086
Partition 18	2081,2084
Partition 19	2065,2079,2185,2080
Partition 20	2102,2103,2101
Partition 21	2077,2067
Partition 22	2078,2090,2091,2092
Partition 23	2074
Partition 24	2164
Partition 25	2072,2156,2158,2157,2160
Partition 26	2155,2159
Partition 27	2162,2165
Partition 28	2070,2161,2163,2166
Partition 29	2170,2169,2172
Partition 30	2127,2128
Partition 31	2176,2175,2178
Partition 32	2120,2174,2179,2173,2177
Partition 33	2168,2171
Partition 34	2137,2153,2154
Partition 35	2186,2195,2197,2198
Partition 36	2191,2190
Partition 37	2187,2189
Partition 38	2124,2183
Partition 39	2199,2200,2184
Partition 40	2192,2193
Partition 41	2112,2113,2110
Partition 42	2117,2118,2121,2073,2119
Partition 43	2114,2071,2115
Partition 44	2122,2123
Partition 45	2182,2180,2181
Partition 46	2064,2125,2126,2188
Partition 47	2196,2194
Partition 48	2167
Partition 49	2146,2100
Partition 50	2116
Partition 51	2096,2075
path	3
T	17
cut	105
Partition 1	2129,2068
Partition 2	2130,2138,2139,2140,2076
Partition 3	2142,2143
Partition 4	2135,2136
Partition 5	2133,2134
Partition 6	2170,2153,2152
Partition 7	2097,2098,2144,2095,2151
Partition 8	2094
Partition 9	2146,2147
Partition 10	2141,2149,2150
Partition 11	2145,2148
Partition 12	2069,2111
Partition 13	2109,2108
Partition 14	2093,2107,2106
Partition 15	2087,2137,2082,2083
Partition 16	2063,2062
Partition 17	2099,2100,2104,2105
Partition 18	2085,2086
Partition 19	2081,2075,2084
Partition 20	2065,2079,2080
Partition 21	2102,2103,2101
Partition 22	2077,2067
Partition 23	2078,2091,2092
Partition 24	2072,2158
Partition 25	2164,2166
Partition 26	2156,2157,2160,2074
Partition 27	2155,2159
Partition 28	2162,2165
Partition 29	2070,2161,2163
Partition 30	2169,2172
Partition 31	2127,2128,2174,2176,2173
Partition 32	2175,2178
Partition 33	2120,2179,2177
Partition 34	2167,2168,2171
Partition 35	2154
Partition 36	2195,2197,2198
Partition 37	2192,2191,2193,2189,2190
Partition 38	2124,2188
Partition 39	2121,2122,2123
Partition 40	2185,2199,2200,2183,2184
Partition 41	2186
Partition 42	2112,2113,2110
Partition 43	2114,2071,2115
Partition 44	2118,2073,2119
Partition 45	2187,2182,2180,2181
Partition 46	2064,2125,2126
Partition 47	2132
Partition 48	2066,2131
Partition 49	2088,2089
Partition 50	2196,2194
Partition 51	2096,2090
Partition 52	2116,2117
path	4
T	27
cut	106
Partition 1	2129,2068
Partition 2	2130,2138,2139,2140
Partition 3	2066,2131,2132
Partition 4	2135,2136
Partition 5	2133,2076,2134
Partition 6	2151,2152
Partition 7	2098,2104,2105
Partition 8	2142,2143,2144,2094,2095
Partition 9	2063,2099,2100
Partition 10	2141,2149,2150
Partition 11	2145,2148
Partition 12	2069,2111
Partition 13	2109,2108
Partition 14	2093,2107,2106
Partition 15	2087,2137,2083
Partition 16	2082,2062
Partition 17	2088,2089
Partition 18	2085,2086
Partition 19	2065
Partition 20	2079,2080
Partition 21	2102,2103,2101
Partition 22	2077,2067
Partition 23	2078,2090,2091,2092
Partition 24	2072
Partition 25	2158
Partition 26	2164,2157,2160
Partition 27	2155,2159
Partition 28	2161,2162,2165,2167,2170
Partition 29	2070,2163,2166
Partition 30	2169,2172
Partition 31	2127,2128
Partition 32	2176,2175,2178
Partition 33	2120,2174,2179,2173,2177
Partition 34	2168,2171
Partition 35	2153,2154
Partition 36	2195,2197,2198
Partition 37	2191,2193,2190
Partition 38	2187,2189,2188,2122,2123
Partition 39	2124,2183
Partition 40	2096,2097,2199,2200,2184
Partition 41	2196,2194
Partition 42	2112,2113,2110
Partition 43	2116,2117,2118,2121
Partition 44	2114,2071,2115
Partition 45	2073,2119
Partition 46	2180,2181
Partition 47	2182
Partition 48	2192
Partition 49	2081,2075,2084
Partition 50	2185,2186
Partition 51	2064,2125,2126
Partition 52	2146,2147
Partition 53	2156,2074
path	5
T	22
cut	109
Partition 1	2129,2068
Partition 2	2130,2139,2140
Partition 3	2066,2131,2142,2132,2076
Partition 4	2135,2136
Partition 5	2138,2133,2134
Partition 6	2143,2144,2151,2152
Partition 7	2094,2095
Partition 8	2146,2100,2104
Partition 9	2149,2150
Partition 10	2147,2145,2148
Partition 11	2069,2111
Partition 12	2109,2108
Partition 13	2098,2093,2105,2107,2106
Partition 14	2087,2137,2083,2153
Partition 15	2082,2062
Partition 16	2063,2088,2099,2089
Partition 17	2085,2086
Partition 18	2081,2075,2084
Partition 19	2096,2097
Partition 20	2102,2103
Partition 21	2077,2067
Partition 22	2090,2092
Partition 23	2158,2157,2160
Partition 24	2164,2166
Partition 25	2072,2074
Partition 26	2156,2155,2159
Partition 27	2162,2165,2167,2170
Partition 28	2070,2161,2163
Partition 29	2169,2172
Partition 30	2127,2128
Partition 31	2176,2175,2178
Partition 32	2179,2173,2177
Partition 33	2168,2120,2171
Partition 34	2154
Partition 35	2186,2195,2197,2198
Partition 36	2191,2190
Partition 37	2124,2187,2189,2188
Partition 38	2121,2122,2123
Partition 39	2185,2199,2200,2183,2184
Partition 40	2196,2194
Partition 41	2112,2113,2114,2110
Partition 42	2116,2117
Partition 43	2071,2115
Partition 44	2118,2073,2119
Partition 45	2180,2181
Partition 46	2064,2125,2126
Partition 47	2174
Partition 48	2141
Partition 49	2101
Partition 50	2192
Partition 51	2193,2182
Partition 52	2078,2091
Partition 53	2065,2079,2080
