path	1
T	10
cut	39
Partition 0	1672,1673,1671
Partition 1	1686,1687,1670
Partition 2	1711,1717,1716,1710
Partition 3	1684,1707,1708,1709,1718,1719
Partition 4	1674,1668,1669
Partition 5	1689,1688
Partition 6	1706,1720
Partition 7	1695,1722,1723,1721
Partition 8	1666,1712,1667
Partition 9	1665
Partition 10	1693,1692,1691
Partition 11	1713,1715,1714
Partition 12	1662,1681,1682,1683,1663,1685
Partition 13	1703,1704,1705
Partition 14	1696,1697,1679,1680
Partition 15	1675,1676
Partition 16	1664,1677,1678,1699
Partition 17	1700,1701,1702
Partition 18	1694
Partition 20	1690
Partition 22	1698
path	2
T	7
cut	40
Partition 0	1672,1673,1671
Partition 1	1686,1687,1670
Partition 2	1711,1717,1716,1710
Partition 3	1709,1718,1719
Partition 4	1674,1668,1669
Partition 5	1683,1684
Partition 6	1706
Partition 7	1722,1723,1721
Partition 8	1666,1712,1667
Partition 11	1713,1715,1714
Partition 12	1662,1681,1682,1663,1685
Partition 13	1698,1704,1705
Partition 14	1696,1697,1679,1680
Partition 15	1676,1702,1703
Partition 16	1664,1677,1678,1699
Partition 17	1700,1701,1707,1708
Partition 18	1720
Partition 19	1695
Partition 20	1675
Partition 21	1665
Partition 24	1693,1694,1692,1691,1689,1688,1690
path	3
T	13
cut	42
Partition 0	1672,1673,1671
Partition 1	1686,1687,1670
Partition 2	1711,1717,1716,1710
Partition 3	1684,1709
Partition 4	1674,1669
Partition 5	1681,1682,1683,1668
Partition 6	1720,1718,1719
Partition 7	1666,1695,1722,1723,1721
Partition 8	1694,1689,1688,1690
Partition 9	1665
Partition 10	1693,1692,1691
Partition 11	1715,1714
Partition 12	1663,1685
Partition 13	1698,1704,1705
Partition 14	1696,1697,1679,1680
Partition 15	1676,1702,1703
Partition 16	1664,1677,1678,1699
Partition 17	1700,1701,1707,1708
Partition 21	1667,1706
Partition 23	1713
Partition 26	1712
Partition 27	1662
Partition 28	1675
path	4
T	16
cut	40
Partition 0	1672,1673,1671
Partition 1	1686,1687,1670
Partition 2	1711,1717,1716,1710
Partition 3	1709,1718,1719
Partition 4	1674,1669,1689
Partition 5	1684,1688
Partition 6	1667,1706
Partition 7	1722,1720,1723,1721
Partition 8	1694,1666,1695,1690
Partition 9	1665
Partition 10	1693,1692,1691
Partition 11	1713,1712,1714
Partition 12	1663,1685,1715
Partition 13	1698,1704,1705
Partition 14	1696,1697,1679,1680
Partition 15	1676,1702,1703
Partition 16	1664,1677,1678,1699
Partition 17	1700,1701,1707,1708
Partition 20	1681,1682,1683,1668
Partition 21	1662
Partition 23	1675
path	5
T	13
cut	39
Partition 0	1672,1673,1671
Partition 1	1686,1687,1670
Partition 2	1711,1717,1716,1710
Partition 3	1709,1718,1719
Partition 4	1674,1668,1669
Partition 5	1683,1684,1666,1712,1689,1688
Partition 6	1667,1706
Partition 7	1695,1722,1723,1721
Partition 8	1693,1694,1690
Partition 9	1691,1665
Partition 10	1662,1681,1663,1685
Partition 11	1713,1715,1714
Partition 13	1704,1705
Partition 14	1696,1697,1698,1679,1680,1692
Partition 15	1676,1702,1703
Partition 16	1664,1677,1678,1699
Partition 17	1700,1701,1707,1708
Partition 19	1720
Partition 20	1675
Partition 22	1682
path	6
T	8
cut	40
Partition 0	1672,1673,1671
Partition 1	1686,1687,1670
Partition 2	1711,1717,1716,1710
Partition 3	1708,1709,1718,1719
Partition 4	1674,1668,1669
Partition 5	1689,1688
Partition 6	1706,1720
Partition 7	1695,1722,1723,1721
Partition 8	1666,1712,1667
Partition 9	1665
Partition 10	1693,1692,1691
Partition 11	1713,1715,1714
Partition 12	1662,1681,1682,1683,1663,1685,1684
Partition 13	1703,1704,1705
Partition 14	1696,1697,1679,1680
Partition 15	1675,1676
Partition 16	1664,1677,1707,1678
Partition 17	1700,1701,1702
Partition 18	1694
Partition 20	1690
Partition 22	1698
Partition 24	1699
path	7
T	15
cut	44
Partition 0	1672,1673,1674
Partition 1	1684,1687,1688
Partition 2	1711,1717,1716,1710
Partition 3	1709,1718,1719
Partition 4	1666,1712
Partition 5	1681
Partition 6	1667,1706
Partition 7	1722,1723,1721
Partition 8	1692,1691
Partition 11	1683,1668,1669,1670,1671
Partition 12	1682,1678,1699
Partition 13	1698,1704,1705
Partition 14	1696,1697,1679,1680
Partition 15	1675,1676
Partition 16	1702,1703
Partition 17	1700,1701,1664,1677,1707,1708
Partition 18	1720
Partition 19	1689
Partition 20	1713,1715,1714
Partition 21	1665
Partition 24	1694,1695,1690
Partition 25	1662,1693
Partition 26	1663
Partition 28	1685,1686
path	8
T	14
cut	41
Partition 0	1672,1673,1671
Partition 1	1686,1687,1670
Partition 2	1711,1717,1716,1710
Partition 3	1709,1718,1719
Partition 4	1674,1668,1669
Partition 5	1683,1684,1666,1712,1689,1688
Partition 6	1667,1706
Partition 7	1695,1722,1723,1721
Partition 8	1693,1694,1690
Partition 9	1691,1665
Partition 10	1663,1685
Partition 11	1713,1715,1714
Partition 13	1704,1705
Partition 14	1696,1697,1698,1679,1680,1692
Partition 15	1676,1702,1703
Partition 16	1664,1677,1678,1699
Partition 17	1700,1701,1707,1708
Partition 19	1720
Partition 20	1675
Partition 22	1682
Partition 23	1681
Partition 25	1662
