path	1
T	10
cut	75
Partition 0	7574,7575
Partition 1	7576,7577,7578
Partition 2	7536,7534,7535
Partition 3	7546,7526,7527
Partition 4	7493,7521,7549,7497
Partition 5	7509,7510,7513
Partition 6	7547,7548,7579
Partition 7	7568,7566
Partition 8	7491,7500,7504,7496
Partition 9	7501,7565,7498,7499,7545
Partition 10	7516,7517
Partition 13	7505,7520,7508,7533,7518,7519
Partition 14	7538,7539,7591,7592
Partition 15	7593,7594,7595
Partition 16	7588,7587,7589
Partition 17	7511,7512,7494,7537,7555,7556
Partition 18	7551,7552,7495
Partition 19	7564,7590
Partition 20	7562,7560,7561
Partition 21	7573
Partition 22	7553,7550,7559,7563,7558
Partition 23	7515,7557
Partition 24	7567,7554,7586
Partition 25	7490,7506,7528
Partition 26	7529,7530,7531,7532
Partition 27	7582,7585,7584
Partition 28	7542,7544,7543
Partition 31	7580
Partition 35	7522
Partition 36	7583
Partition 37	7514,7492
Partition 39	7569,7540,7541,7581,7571,7570,7572
Partition 42	7502,7503
Partition 43	7507
Partition 45	7523,7524
Partition 46	7525
path	2
T	18
cut	81
Partition 0	7523,7576,7496
Partition 1	7577,7578
Partition 2	7583,7524,7522,7525,7534,7535
Partition 3	7546,7526,7527
Partition 4	7493,7521,7549
Partition 5	7509,7510,7574,7575
Partition 6	7548,7580,7579
Partition 7	7511,7512
Partition 8	7491,7500,7501,7545,7547
Partition 9	7498,7499
Partition 10	7513,7517
Partition 11	7502,7503
Partition 12	7540,7541,7581
Partition 13	7505,7508,7533,7518,7519
Partition 14	7538,7539,7564,7563,7590,7591,7592
Partition 15	7593,7594
Partition 16	7588,7587
Partition 17	7494,7537,7555
Partition 18	7551,7552,7495
Partition 19	7595
Partition 20	7562,7561
Partition 21	7569,7571,7570
Partition 22	7515,7557,7553,7550,7556,7559,7558
Partition 23	7568
Partition 24	7567,7554,7586
Partition 25	7490,7506,7528
Partition 26	7529,7530,7531
Partition 27	7582,7585,7584
Partition 28	7542,7544,7543
Partition 31	7497
Partition 34	7573,7572
Partition 36	7532
Partition 37	7492
Partition 39	7566
Partition 41	7589
Partition 42	7565
Partition 43	7514
Partition 44	7504
Partition 45	7516
Partition 46	7560
Partition 49	7507
Partition 50	7536
Partition 51	7520
path	3
T	18
cut	77
Partition 0	7523,7576,7496
Partition 1	7577,7578
Partition 2	7524,7520,7525,7536,7534,7535
Partition 3	7503,7546,7526,7527
Partition 4	7493,7521,7549,7550,7497
Partition 5	7575,7580,7588
Partition 6	7548,7579
Partition 7	7511,7512,7565
Partition 8	7491,7500
Partition 9	7498,7499
Partition 11	7516
Partition 12	7505,7540,7541,7581,7533
Partition 13	7507,7508,7573,7518,7519
Partition 14	7538,7539,7591,7592
Partition 15	7593,7594,7589,7595
Partition 16	7567,7586,7587
Partition 17	7494,7537,7555,7556
Partition 18	7551,7552,7495
Partition 19	7564,7590
Partition 20	7562,7560,7561
Partition 21	7569,7571,7570
Partition 22	7559,7558
Partition 23	7515,7557
Partition 24	7553,7554
Partition 25	7490,7506,7528
Partition 26	7529,7530,7531,7532
Partition 27	7582,7585,7584
Partition 28	7542,7544,7543,7583,7522
Partition 30	7563
Partition 31	7492
Partition 33	7501
Partition 34	7545,7547
Partition 37	7509
Partition 40	7510,7513,7574,7517
Partition 43	7566
Partition 44	7502,7504
Partition 45	7568
Partition 46	7572
Partition 47	7514
path	4
T	21
cut	75
Partition 0	7523,7576,7496
Partition 1	7577,7578
Partition 2	7524,7525,7534,7535
Partition 3	7546,7526,7527
Partition 4	7493,7521,7549,7550,7497,7571,7570
Partition 5	7574,7575,7580
Partition 6	7547,7548,7579
Partition 7	7511,7512,7565
Partition 8	7491,7500
Partition 9	7498,7499,7520,7545,7562,7536
Partition 10	7513,7516,7503,7517
Partition 11	7502,7504,7505,7533
Partition 12	7540,7541,7581
Partition 13	7507,7508,7518,7519
Partition 14	7538,7539,7591,7592
Partition 15	7593,7594,7595
Partition 16	7588,7587,7589
Partition 17	7494,7537,7555
Partition 18	7551,7552,7495
Partition 19	7564,7590
Partition 20	7560,7561
Partition 22	7559,7558
Partition 23	7514,7515,7557,7556,7568,7572
Partition 24	7566,7567,7554
Partition 25	7490,7506,7528
Partition 26	7529,7530,7531,7532
Partition 27	7583,7582,7585,7584,7586
Partition 28	7542,7544,7543
Partition 30	7553
Partition 31	7563
Partition 32	7522
Partition 35	7492
Partition 39	7569
Partition 42	7501
Partition 43	7573
Partition 44	7510
Partition 46	7509
path	5
T	20
cut	78
Partition 0	7523,7500,7576,7496
Partition 1	7577,7578
Partition 2	7524,7520,7525,7536,7534,7535
Partition 3	7546,7526,7527
Partition 4	7493,7521,7549,7497
Partition 5	7509,7510,7513,7574,7517,7575
Partition 6	7548,7579
Partition 7	7491,7511,7512
Partition 8	7501,7545
Partition 9	7498,7499
Partition 10	7503
Partition 11	7502,7504
Partition 12	7540,7541,7581
Partition 13	7508,7518,7519
Partition 14	7538,7539,7591,7592
Partition 15	7593,7594,7595
Partition 16	7588,7587,7589
Partition 17	7494,7537,7555
Partition 18	7551,7552,7495
Partition 19	7564
Partition 20	7590
Partition 21	7507,7573,7571,7572
Partition 22	7559,7558
Partition 23	7515,7516,7557,7565,7556,7568,7566
Partition 24	7567,7554,7586
Partition 25	7490,7506,7528
Partition 26	7530,7505,7531,7533,7532
Partition 27	7582,7585,7584
Partition 28	7542,7514,7544,7543,7583,7553
Partition 30	7547
Partition 31	7563
Partition 32	7562
Partition 34	7492
Partition 35	7560,7561
Partition 38	7580
Partition 40	7522
Partition 44	7569
Partition 46	7529
Partition 47	7570
Partition 48	7550
path	6
T	10
cut	79
Partition 0	7574,7575
Partition 1	7576,7577,7578
Partition 2	7536,7534,7535
Partition 3	7546,7526,7527
Partition 4	7493,7521,7549,7497
Partition 5	7513,7512
Partition 6	7547,7548,7579
Partition 7	7568,7566
Partition 8	7491,7500,7511
Partition 9	7498,7499
Partition 10	7516,7517
Partition 13	7504,7505,7520,7508,7533,7518,7519
Partition 14	7538,7539,7591,7592
Partition 15	7593,7594,7595
Partition 16	7588,7587,7589
Partition 17	7494,7537,7555,7556
Partition 18	7551,7552,7495
Partition 19	7564,7590
Partition 20	7562,7560,7561
Partition 21	7573,7572
Partition 22	7553,7550,7559,7563,7558
Partition 23	7515,7557
Partition 24	7567,7554,7586
Partition 25	7490,7506,7528
Partition 26	7529,7530,7531,7532
Partition 27	7582,7585,7584
Partition 28	7542,7544,7543
Partition 31	7580
Partition 35	7522
Partition 36	7583
Partition 37	7514,7492
Partition 39	7569,7540,7541,7570
Partition 42	7502,7503
Partition 43	7507
Partition 45	7523,7496,7524
Partition 46	7525
Partition 49	7509,7510
Partition 50	7571
Partition 51	7581
Partition 52	7565
Partition 56	7501,7545
path	7
T	17
cut	78
Partition 0	7509,7510,7523
Partition 1	7583,7576,7577,7578,7496,7522
Partition 2	7524,7525,7534,7535
Partition 3	7546,7526,7527
Partition 4	7493,7521,7549,7550,7497
Partition 5	7575,7580,7588
Partition 7	7511,7512,7565
Partition 8	7491,7500
Partition 9	7562,7563,7561
Partition 11	7516
Partition 12	7574,7540,7541
Partition 13	7508,7518,7519
Partition 14	7538,7539,7536
Partition 15	7593,7594,7589,7595
Partition 16	7567,7586,7587
Partition 17	7494,7537,7555,7556
Partition 18	7551,7552,7560,7495
Partition 19	7564,7590
Partition 20	7507
Partition 21	7569,7571,7570
Partition 22	7559,7558
Partition 23	7515,7557
Partition 24	7553,7554
Partition 25	7490,7506,7528
Partition 26	7529,7530,7505,7531,7533,7532
Partition 27	7581,7582,7585,7584
Partition 28	7542,7544,7543
Partition 31	7492
Partition 40	7513,7517
Partition 43	7566
Partition 44	7502,7504
Partition 45	7568
Partition 46	7572
Partition 47	7514
Partition 48	7501,7498,7499,7545,7547,7548,7579
Partition 49	7503
Partition 52	7573
Partition 56	7520
Partition 58	7591
Partition 59	7592
path	8
T	19
cut	78
Partition 0	7523,7496
Partition 1	7577,7578
Partition 2	7524,7525,7534,7535
Partition 3	7503,7546,7526,7527
Partition 4	7493,7521,7549,7550,7497
Partition 5	7574,7575,7580
Partition 6	7547,7548,7579
Partition 7	7511,7512,7565
Partition 8	7491,7500,7504,7501
Partition 9	7498,7499,7520,7545,7562,7536
Partition 10	7513,7517
Partition 11	7502
Partition 12	7540,7541,7581
Partition 13	7508,7518,7519
Partition 14	7538,7539,7591,7592
Partition 15	7593,7594,7595
Partition 16	7588,7587,7589
Partition 17	7494,7537,7555
Partition 18	7551,7552,7495
Partition 19	7564,7590
Partition 22	7559,7558
Partition 23	7514,7515,7516,7557,7556,7568,7572
Partition 24	7566,7567,7554
Partition 25	7490,7506,7528,7507,7560,7573,7561
Partition 26	7529,7530,7531,7532
Partition 27	7583,7582,7585,7584
Partition 28	7542,7544
Partition 30	7553
Partition 31	7563
Partition 32	7522
Partition 35	7492
Partition 39	7569,7570
Partition 42	7576
Partition 44	7510
Partition 46	7509
Partition 50	7543
Partition 51	7586
Partition 52	7571
Partition 53	7533
Partition 55	7505
path	9
T	17
cut	81
Partition 0	7523,7496
Partition 1	7577,7578
Partition 2	7524,7522,7525,7536,7534,7535
Partition 3	7546,7526,7527
Partition 4	7493,7521,7549,7497
Partition 5	7509,7510,7574,7575
Partition 6	7548,7579
Partition 7	7491,7511,7512
Partition 8	7501,7545
Partition 9	7498,7499
Partition 11	7502,7503,7504,7505
Partition 12	7540,7541,7581
Partition 13	7508,7518,7519
Partition 14	7538,7539,7591,7592
Partition 15	7593,7594,7595
Partition 16	7588,7587,7589
Partition 17	7494,7537,7555
Partition 18	7551,7495
Partition 19	7564
Partition 20	7590
Partition 21	7573,7572
Partition 22	7559,7558
Partition 23	7515,7516,7557,7565,7556,7568,7566
Partition 24	7567,7554,7586
Partition 25	7490,7528
Partition 26	7531,7533,7532
Partition 27	7582,7585,7584
Partition 28	7542,7514,7544,7543,7583,7553
Partition 30	7547
Partition 31	7563
Partition 34	7552
Partition 35	7506,7507,7492,7562,7560,7561
Partition 38	7580
Partition 40	7530
Partition 44	7569
Partition 46	7529
Partition 47	7570
Partition 48	7550,7571
Partition 49	7576
Partition 51	7520
Partition 52	7500
Partition 54	7517
Partition 56	7513
