path	1
T	10
cut	36
Partition 0	1663,1672,1674,1673,1702
Partition 1	1677,1678,1687
Partition 2	1667
Partition 4	1688,1715,1717,1716,1718
Partition 6	1689,1690,1709,1668,1669
Partition 7	1684,1685,1686,1683
Partition 8	1670
Partition 9	1703,1705,1704
Partition 10	1662,1676,1675,1694
Partition 11	1680,1698,1681,1679,1666
Partition 12	1671,1696,1697
Partition 13	1664,1708,1695,1706,1707
Partition 14	1692,1693
Partition 15	1712,1710,1711,1713,1714
Partition 16	1691
Partition 18	1682
Partition 20	1665
Partition 23	1699,1700,1701
path	2
T	8
cut	40
Partition 0	1663,1670,1672,1671,1673
Partition 2	1699,1667,1668,1669
Partition 3	1713,1714
Partition 4	1715,1717,1716,1718
Partition 5	1710,1711
Partition 6	1689,1690,1709
Partition 7	1684,1685,1686,1683
Partition 8	1665,1682
Partition 9	1700,1701,1703,1705,1704
Partition 10	1662,1676,1675,1694
Partition 11	1680,1698,1681,1679,1666
Partition 12	1696,1697
Partition 13	1664,1708,1695,1706,1707
Partition 16	1702
Partition 17	1687
Partition 19	1688
Partition 20	1692,1693
Partition 21	1678
Partition 22	1677
Partition 24	1674
Partition 26	1691
Partition 27	1712
path	3
T	10
cut	38
Partition 0	1663,1672,1674,1673,1702
Partition 1	1688,1677,1678,1687
Partition 2	1699,1700,1701
Partition 3	1715,1714
Partition 4	1717,1716,1718
Partition 5	1712,1711
Partition 6	1689,1692,1693,1691,1710
Partition 7	1684,1685,1686
Partition 8	1665,1682
Partition 9	1705,1704
Partition 10	1676
Partition 11	1662,1680,1698,1679,1666
Partition 12	1670,1671,1696,1697
Partition 13	1664,1708,1706,1707
Partition 15	1675
Partition 16	1681,1694,1695,1683
Partition 17	1668,1669
Partition 18	1667
Partition 19	1690,1709
Partition 21	1713
Partition 22	1703
path	4
T	13
cut	41
Partition 0	1670,1671,1696,1697,1705
Partition 2	1672,1699,1673,1667,1691
Partition 3	1713,1714
Partition 4	1715,1717,1716,1718
Partition 5	1710,1711,1666
Partition 6	1689,1690,1692,1693
Partition 8	1663
Partition 9	1701,1698,1702,1703
Partition 10	1662,1676,1675,1694,1695
Partition 11	1680,1679
Partition 12	1674,1677,1678,1668
Partition 13	1664,1708,1706,1707
Partition 14	1681,1683
Partition 15	1704
Partition 16	1688,1687
Partition 17	1709,1669
Partition 18	1712
Partition 19	1685,1686
Partition 20	1684
Partition 21	1700
Partition 22	1665
Partition 24	1682
path	5
T	10
cut	37
Partition 0	1663,1670,1672,1674,1673
Partition 1	1677,1678,1687
Partition 2	1699,1667,1668,1669
Partition 3	1688,1715,1714
Partition 4	1717,1716,1718
Partition 5	1713
Partition 6	1689,1690,1692,1693
Partition 7	1684,1685,1686,1682,1683
Partition 9	1696,1697,1703,1705,1704
Partition 10	1662,1676,1675,1694
Partition 11	1701,1680,1698,1679,1666
Partition 12	1671
Partition 13	1664,1708,1695,1706,1707
Partition 14	1702
Partition 15	1681
Partition 16	1700
Partition 19	1691
Partition 20	1712,1710,1711
Partition 21	1709
Partition 22	1665
