path	1
T	10
cut	35
Partition 0	1669,1679,1680
Partition 1	1682,1678
Partition 2	1663,1705
Partition 3	1688,1666
Partition 4	1714,1715,1713
Partition 5	1685
Partition 6	1664,1687,1686
Partition 7	1668
Partition 8	1698,1696,1697
Partition 9	1695,1673,1674,1676,1665
Partition 10	1662
Partition 11	1702,1701
Partition 12	1706,1667,1690,1704,1691
Partition 13	1689,1693,1692
Partition 14	1694,1700,1699
Partition 15	1711,1710
Partition 16	1675,1707,1708,1709
Partition 17	1670,1672,1671
Partition 18	1677,1681,1683,1684
Partition 19	1712
Partition 20	1703
path	2
T	11
cut	34
Partition 0	1669,1679,1695,1680,1698
Partition 1	1681
Partition 2	1667,1690
Partition 3	1688,1666
Partition 4	1664,1687,1714,1715,1713
Partition 5	1685
Partition 6	1686
Partition 7	1670,1671
Partition 8	1696,1697,1673
Partition 9	1674,1676
Partition 10	1663,1705
Partition 11	1702,1701,1665
Partition 12	1703,1711,1710
Partition 13	1689,1693,1691,1692
Partition 14	1694,1700,1699
Partition 16	1706,1675,1707,1708,1709
Partition 17	1668,1672,1677,1678
Partition 19	1682
Partition 20	1704,1683,1662,1684
Partition 22	1712
path	3
T	11
cut	33
Partition 1	1681
Partition 2	1683,1662,1684,1685
Partition 3	1688,1666
Partition 4	1714,1715,1713
Partition 5	1664,1687,1686
Partition 6	1663,1668
Partition 7	1669,1670,1695,1671
Partition 8	1698,1696,1697
Partition 9	1679
Partition 10	1705
Partition 12	1704
Partition 13	1689,1693,1691,1692
Partition 14	1694,1700,1699
Partition 15	1702,1703,1667,1690
Partition 16	1706,1675,1707,1708,1709
Partition 17	1677,1680,1682,1678
Partition 18	1701,1665
Partition 19	1711,1712,1710
Partition 21	1672,1673,1674,1676
path	4
T	11
cut	32
Partition 0	1677,1680,1682,1678
Partition 1	1663,1668
Partition 2	1681
Partition 3	1679
Partition 4	1714,1712,1715,1713
Partition 5	1664,1687,1686
Partition 6	1674,1676
Partition 7	1669,1670,1672,1671
Partition 8	1698,1696,1697
Partition 9	1705,1695,1673,1665
Partition 11	1702,1703
Partition 12	1706,1667,1690,1704,1691
Partition 13	1689,1693,1688,1692,1666
Partition 14	1694,1700,1699
Partition 15	1711,1710
Partition 16	1675,1707,1708
Partition 17	1683,1662,1701,1684,1685
Partition 18	1709
path	5
T	7
cut	32
Partition 0	1681
Partition 1	1682,1683,1684,1678,1685
Partition 3	1669,1679,1680,1688,1666
Partition 4	1714,1715,1713
Partition 5	1664,1687,1686
Partition 6	1674,1676
Partition 7	1668,1670,1672,1677,1671
Partition 8	1698,1696,1697
Partition 9	1705,1706
Partition 11	1695,1702,1673,1701,1665
Partition 12	1703,1667,1690,1704,1691
Partition 13	1689,1693,1692
Partition 14	1694,1700,1699
Partition 15	1711,1710
Partition 16	1675,1707,1708,1709
Partition 17	1662
Partition 18	1663
Partition 19	1712
