path	1
T	11
cut	33
Partition 0	1694,1700,1712,1699
Partition 1	1703,1711
Partition 2	1693,1690,1691,1692
Partition 3	1702,1701
Partition 4	1695,1698,1696,1697,1673,1665
Partition 5	1667,1704
Partition 6	1675,1707,1708,1709
Partition 7	1689,1688,1666
Partition 8	1672,1671,1674,1676
Partition 9	1663,1668,1669,1670,1679
Partition 10	1680,1682
Partition 11	1677,1681,1678
Partition 12	1664,1687,1714,1715
Partition 13	1685
Partition 15	1683,1662,1684
Partition 19	1710
Partition 20	1686
Partition 21	1713
Partition 23	1705,1706
path	2
T	10
cut	32
Partition 0	1694,1700,1712,1699
Partition 1	1667,1704
Partition 2	1693,1690,1691,1692
Partition 3	1695,1702,1662,1701,1665
Partition 4	1672,1671,1698,1696,1697,1673
Partition 5	1663,1705,1706
Partition 6	1675,1707,1708,1709,1710
Partition 7	1689,1688,1666
Partition 8	1674,1676,1686
Partition 9	1669,1670
Partition 10	1680,1682
Partition 11	1668,1677,1678
Partition 12	1664,1687,1714,1715
Partition 13	1683,1684,1685
Partition 14	1703,1711
Partition 15	1713
Partition 17	1679,1681
path	3
T	9
cut	31
Partition 0	1694,1700,1712,1699
Partition 1	1703,1711,1710
Partition 2	1693,1690,1691,1692
Partition 3	1702,1662,1701
Partition 4	1698,1696,1697,1673
Partition 5	1667,1704
Partition 6	1675,1707,1708,1709
Partition 7	1689,1688,1666
Partition 8	1674,1676,1686
Partition 9	1669,1670,1695,1665
Partition 10	1680,1682,1685
Partition 11	1671
Partition 12	1664,1687,1714,1715
Partition 13	1681,1683,1684
Partition 14	1663,1668,1705,1672,1677,1706,1678
Partition 15	1679
Partition 17	1713
path	4
T	9
cut	33
Partition 0	1694,1700,1712,1699
Partition 1	1703,1711,1710
Partition 2	1693,1690,1691,1692
Partition 3	1702,1701
Partition 4	1696,1697,1673
Partition 5	1683,1662
Partition 6	1675,1707,1708,1709
Partition 7	1689,1688,1666
Partition 8	1672,1671,1674,1676
Partition 9	1663,1668,1705,1669,1670,1695
Partition 10	1680,1682
Partition 11	1677,1681,1678
Partition 12	1664,1687,1714,1715,1713
Partition 13	1684,1685,1686
Partition 14	1706,1667,1704
Partition 16	1679
Partition 17	1665
Partition 18	1698
path	5
T	6
cut	32
Partition 0	1694,1700,1712,1699,1713
Partition 1	1702,1703,1711,1710
Partition 2	1693,1690,1691,1692
Partition 3	1701
Partition 4	1698,1696,1697,1673
Partition 5	1667,1704
Partition 6	1675,1707,1708
Partition 7	1689,1688,1666
Partition 8	1670,1672,1671,1680,1674,1676,1682
Partition 9	1663,1705,1706
Partition 10	1679
Partition 11	1668,1677,1681,1683,1678
Partition 12	1664,1687,1714,1715
Partition 13	1684,1685,1686
Partition 14	1709
Partition 15	1662
Partition 17	1669,1695,1665
