cut	124
Partition 0	2191,2193,2194
Partition 1	2192,2187,2189,2190
Partition 2	2064,2125,s_i[0]
Partition 3	s_i[1],2124,2183,2184
Partition 4	2126,2123,2188,2182
Partition 5	2079,2080,2081
Partition 6	2096,2085,2084,2086
Partition 7	2200,a_o[1],b_i[1],2199
Partition 8	2198,a_o[0],2196,2197
Partition 9	2065,2185,2186,2195
Partition 10	2111,2109,2108
Partition 11	a_i[1],2069,2112,2110
Partition 12	2082,2083,2087
Partition 13	round_i[1],2063,2094,2095
Partition 14	2088,2099,round_i[0],2062,2089
Partition 15	2100,2105,2104
Partition 16	2097,2098,2107,2106
Partition 17	2102,2101,d_i[1],2103
Partition 18	2078,c_i[1],2075,2091
Partition 19	2077,2090,2092,2067,2093
Partition 20	b_i[0],2066,2142,2143
Partition 21	2131,d_i[0],2068
Partition 22	2129,2130,2138,2140
Partition 23	2132,2135,2136,2133
Partition 24	c_i[0],2076,2134,2139
Partition 25	2145,2148,2149
Partition 26	2146,2141,2147
Partition 27	2144,2151,2150
Partition 28	2162,2165,2170,2167
Partition 29	2137,2153,2154,2152
Partition 30	a_i[0],2070,2164,2163
Partition 31	2166,2173,2168,2169,2171
Partition 32	2161,2158,2160
Partition 33	2072,2156,2159,2074
Partition 34	m_i[0],2155,2157,t_i[0]
Partition 35	2120,2179,2181
Partition 36	2127,2180,2176,2178
Partition 37	2128,2174,2175,2177,2172
Partition 38	t_i[1],2073,2121,2119,2122
Partition 39	2115,2117,2114,2118
Partition 40	2113,m_i[1],2071,2116
