path	1
T	6
cut	20
Partition 0	1686,1684,1685
Partition 1	1664,1678
Partition 2	1679,1680,1667
Partition 3	1683,1662,1681,1682,1691
Partition 4	1694,1676,1687,1693,1695
Partition 5	1689,1690,1688
Partition 6	1672,1692,1666
Partition 7	1675
Partition 8	1673,1674,1669
Partition 9	1670,1671,1668
Partition 10	1697,1698,1696
Partition 11	1663,1677
Partition 12	1665
path	2
T	4
cut	18
Partition 0	1683,1686,1685
Partition 1	1664,1678,1684
Partition 2	1679,1680,1667
Partition 3	1691,1693
Partition 4	1692,1666
Partition 5	1689,1690,1694
Partition 6	1682
Partition 7	1688
Partition 8	1673,1674,1662,1681,1665
Partition 9	1670,1671,1669,1668
Partition 10	1697,1698,1695,1696
Partition 11	1663,1677,1676,1675,1672
Partition 14	1687
path	3
T	5
cut	19
Partition 0	1686,1685
Partition 1	1664,1678,1684
Partition 2	1679,1680,1667
Partition 3	1683,1682,1691
Partition 4	1694,1687,1693,1695
Partition 5	1689,1690,1688
Partition 6	1662,1681
Partition 7	1672,1692,1666
Partition 8	1673,1674
Partition 9	1670,1671,1669,1668
Partition 10	1697,1698,1696
Partition 11	1663,1677,1676
Partition 12	1675
Partition 13	1665
path	4
T	5
cut	18
Partition 0	1686,1685
Partition 1	1664,1678,1684
Partition 2	1679,1680,1667
Partition 3	1683,1682,1691
Partition 4	1694,1687,1693,1695
Partition 5	1689,1690,1688
Partition 6	1662,1681
Partition 7	1672,1692,1666
Partition 8	1673,1674,1675
Partition 9	1670,1671,1669,1668
Partition 10	1697,1698,1696
Partition 11	1663,1677,1676
Partition 12	1665
path	5
T	6
cut	19
Partition 0	1686,1685
Partition 1	1664,1678,1684
Partition 2	1679,1687,1680,1667
Partition 3	1694,1691,1693
Partition 4	1692,1666
Partition 5	1689,1690,1688
Partition 6	1665
Partition 7	1662,1681
Partition 8	1673,1674,1675
Partition 9	1670,1671,1669,1668
Partition 10	1697,1698,1695,1696
Partition 11	1663,1677,1676
Partition 12	1683,1672,1682
