path	1
T	16
cut	57
Partition 0	3589,3596,3595
Partition 1	3593,3547,3591,3594
Partition 2	3533,3590,3548,3549
Partition 3	3522,3544,3592
Partition 4	3552,3550,3551
Partition 5	3610,3609,3611
Partition 6	3543,3571,3572,3520,3570
Partition 7	3534,3535,3536
Partition 8	3545,3546,3523,3529,3530,3575
Partition 9	3576,3577,3524,3541,3542
Partition 10	3573,3574,3584,3583
Partition 11	3599,3608,3597,3598
Partition 12	3528,3537,3538,3539,3540
Partition 13	3578,3579,3580,3581,3582
Partition 14	3526,3555,3553,3554
Partition 15	3556,3567,3566,3565
Partition 16	3601,3602,3603,3604
Partition 17	3562,3563,3605,3561,3564
Partition 18	3585,3586,3587,3588
Partition 19	3532,3600,3607,3521,3606
Partition 20	3558,3559,3560,3557,3525
Partition 22	3568
Partition 23	3527
Partition 24	3569
Partition 25	3531
path	2
T	15
cut	56
Partition 0	3589,3596,3595
Partition 1	3593,3547,3591,3594
Partition 2	3533,3590,3548,3549
Partition 3	3522,3544,3592
Partition 4	3552,3550,3551
Partition 5	3610,3609,3611
Partition 6	3543,3571,3572,3520,3570
Partition 7	3536,3540
Partition 8	3545,3546,3523,3529,3530,3575
Partition 9	3531,3577,3524,3541,3542
Partition 10	3573,3574,3584,3583
Partition 11	3599,3608,3597,3598
Partition 12	3528,3537,3538,3539
Partition 13	3578,3579,3580,3581,3582
Partition 14	3526,3555,3553,3554
Partition 15	3568,3556,3567,3566
Partition 16	3601,3602,3603,3604
Partition 17	3562,3563,3605,3561,3564,3565
Partition 18	3585,3586,3587,3588
Partition 19	3534,3532,3600,3607,3521,3606
Partition 20	3527,3558,3559,3560,3557,3525
Partition 21	3569
Partition 22	3576
Partition 23	3535
path	3
T	14
cut	58
Partition 0	3589,3596,3595
Partition 1	3592,3593,3547,3591,3594
Partition 2	3590,3548,3549
Partition 3	3522,3544,3568
Partition 4	3545,3550,3551
Partition 5	3610,3609,3611
Partition 6	3543,3571,3572,3520,3570
Partition 7	3534,3535,3536
Partition 8	3546,3523,3529,3530,3575
Partition 9	3524,3541
Partition 10	3573,3574,3584,3577,3583
Partition 11	3599,3608,3597,3598
Partition 12	3528,3537,3538,3539,3540
Partition 13	3578,3579,3580,3581,3582
Partition 14	3526,3555,3553,3554
Partition 15	3556,3567,3566,3565
Partition 16	3601,3602,3603,3604
Partition 17	3562,3563,3605,3561,3564
Partition 18	3585,3586,3587,3588
Partition 19	3532,3600,3607,3521,3606
Partition 20	3558,3559,3560,3557,3525
Partition 24	3527
Partition 25	3533
Partition 26	3569,3552
Partition 27	3531,3542
Partition 28	3576
path	4
T	13
cut	63
Partition 0	3589,3596,3595
Partition 1	3593,3591,3594
Partition 2	3592,3533,3590
Partition 3	3522,3544,3568
Partition 4	3569,3552,3551
Partition 5	3610,3609,3611
Partition 6	3543,3571,3572,3520,3570
Partition 7	3534,3535,3536,3532
Partition 8	3523,3529,3530,3575
Partition 9	3576,3577,3524,3541,3542
Partition 10	3573,3574,3584,3583
Partition 11	3599,3608,3597,3598
Partition 12	3527,3528,3537,3538,3539,3540
Partition 13	3578,3579,3580,3581,3582
Partition 14	3526,3555,3553,3554
Partition 15	3556,3567,3566,3565
Partition 16	3601,3602,3603,3604
Partition 17	3562,3563,3564
Partition 18	3585,3586,3587,3588
Partition 19	3600,3607
Partition 20	3558,3559,3560,3557,3525
Partition 21	3546
Partition 24	3550
Partition 25	3545
Partition 26	3548
Partition 28	3549
Partition 30	3531
Partition 31	3605,3606
Partition 34	3521
Partition 35	3547
Partition 37	3561
path	5
T	16
cut	59
Partition 0	3589,3596,3595
Partition 1	3593,3546,3547,3591,3594
Partition 2	3533,3590,3549
Partition 3	3522,3544
Partition 4	3569,3552,3551
Partition 5	3610,3609,3611
Partition 6	3543,3571,3572,3520,3570
Partition 7	3534,3535,3536
Partition 8	3523,3529,3530,3575
Partition 9	3576,3577,3524,3541,3542
Partition 10	3573,3574,3584,3583
Partition 11	3599,3608,3597,3598
Partition 12	3527,3528,3537,3538,3539,3540
Partition 13	3578,3579,3580,3581,3582
Partition 14	3526,3555,3553,3554
Partition 15	3556,3567,3566,3565
Partition 16	3601,3602,3603,3604
Partition 17	3562,3563,3605,3561,3564
Partition 18	3585,3586,3587,3588
Partition 19	3532,3600,3607,3521,3606
Partition 20	3558,3559,3560,3557,3525
Partition 21	3568
Partition 22	3592
Partition 24	3531
Partition 25	3548
Partition 26	3550
Partition 28	3545
path	6
T	14
cut	60
Partition 0	3589,3596,3595
Partition 1	3592,3593,3547,3591,3594
Partition 2	3590,3548,3549
Partition 3	3522,3544,3568
Partition 4	3545,3550,3551
Partition 5	3610,3609,3611
Partition 6	3543,3571,3572,3520,3570
Partition 7	3534,3535,3536
Partition 8	3546,3523,3529,3530,3575
Partition 9	3524,3541
Partition 10	3573,3574,3584,3583
Partition 11	3599,3608,3597,3598
Partition 12	3528,3537,3538,3539,3540
Partition 13	3578,3579,3580,3581,3582
Partition 14	3555,3553,3554
Partition 15	3556,3567,3566,3565
Partition 16	3601,3602,3603,3604
Partition 17	3562,3563,3605,3561,3564
Partition 18	3585,3586,3587,3588
Partition 19	3532,3600,3607,3521,3606
Partition 20	3558,3559,3560,3557,3525
Partition 24	3527
Partition 25	3533
Partition 26	3569,3552
Partition 27	3531,3542
Partition 28	3576
Partition 30	3577
Partition 33	3526
path	7
T	11
cut	67
Partition 0	3589,3596,3595
Partition 1	3593,3594
Partition 2	3533
Partition 3	3522,3544,3568
Partition 4	3569,3552,3551
Partition 5	3610,3609,3611
Partition 6	3543,3571,3572,3542,3520,3570
Partition 7	3534,3535,3536
Partition 8	3545
Partition 9	3577,3524
Partition 10	3573,3574,3584,3583
Partition 11	3599,3608,3597,3598
Partition 12	3527,3528,3537,3538,3539,3540
Partition 13	3578,3579,3580,3581,3582
Partition 14	3526,3555,3553,3554
Partition 15	3556,3567,3566,3565
Partition 16	3601,3602,3603,3604
Partition 17	3562,3563,3564
Partition 18	3585,3586,3587,3588
Partition 19	3600,3607
Partition 20	3558,3559,3560,3557,3525
Partition 21	3546
Partition 24	3550
Partition 25	3523,3529,3575
Partition 26	3548
Partition 28	3549
Partition 30	3530,3531
Partition 31	3605,3606
Partition 35	3547
Partition 37	3591
Partition 40	3590
Partition 43	3592
Partition 45	3532,3521,3561
Partition 47	3576
Partition 48	3541
path	8
T	17
cut	62
Partition 0	3589,3596,3595
Partition 1	3593,3546,3547,3591,3594
Partition 2	3533,3590,3549
Partition 3	3522,3544
Partition 4	3569,3552,3551
Partition 5	3610,3609,3611
Partition 6	3543,3571,3572,3520,3570
Partition 7	3534,3535,3536
Partition 8	3545,3529,3530,3575
Partition 9	3577,3524
Partition 10	3573,3574,3584,3583
Partition 11	3599,3608,3597,3598
Partition 12	3527,3528,3537,3538,3539,3540
Partition 13	3578,3579,3580,3581,3582
Partition 14	3526,3555,3553,3554
Partition 15	3556,3567,3566,3565
Partition 16	3601,3602,3603,3604
Partition 17	3562,3563,3605,3561,3564
Partition 18	3585,3586,3587,3588
Partition 19	3532,3600,3607,3521,3606
Partition 20	3558,3559,3560,3557,3525
Partition 21	3568
Partition 22	3592
Partition 24	3531
Partition 25	3548
Partition 26	3550
Partition 29	3523
Partition 31	3576
Partition 32	3541
Partition 34	3542
path	9
T	11
cut	64
Partition 0	3589,3596,3595
Partition 1	3593,3591,3594
Partition 2	3592,3533,3590
Partition 3	3522,3544,3568
Partition 4	3569,3552,3551
Partition 5	3610,3609,3611
Partition 6	3543,3571,3572,3520,3570
Partition 7	3534,3535,3536,3529
Partition 8	3523
Partition 9	3541,3542
Partition 10	3573,3574,3584,3583
Partition 11	3599,3608,3597,3598
Partition 12	3527,3528,3537,3538,3539,3540
Partition 13	3578,3579,3580,3581,3582
Partition 14	3526,3555,3553,3554
Partition 15	3556,3567,3566,3565
Partition 16	3601,3602,3603,3604
Partition 17	3562,3563,3564
Partition 18	3585,3586,3587,3588
Partition 19	3600,3607
Partition 20	3558,3559,3560,3557,3525
Partition 21	3546
Partition 24	3550
Partition 25	3545
Partition 26	3548,3524
Partition 28	3549
Partition 30	3530,3531
Partition 31	3605,3606
Partition 35	3547
Partition 38	3576,3575
Partition 39	3532,3521,3561
Partition 42	3577
