path	1
T	7
cut	117
Partition 0	1226,1227,1228
Partition 1	1218,1223,1219
Partition 2	1157,1139,1140
Partition 3	1217,1229,1230
Partition 4	1212,1213,1158
Partition 5	1201,1224,1225
Partition 6	1160,1167,1168
Partition 7	1155,1159,1156
Partition 8	1202,1204,1203,1205
Partition 9	1210,1231,1232
Partition 10	1206,1207,1208,1209
Partition 11	1172,1173,1179
Partition 12	1177,1178,1180
Partition 13	1181,1191,1192
Partition 14	1132,1133,1136
Partition 15	1085,1093,1094
Partition 16	1122,1174,1175
Partition 17	1123,1131,1137,1138,1130
Partition 18	1128,1129
Partition 19	1125,1126,1086
Partition 20	1154,1169,1170
Partition 21	1147,1151,1152,1153
Partition 22	1124,1150,1148,1149
Partition 23	1165
Partition 24	1188,1164
Partition 25	1142,1143,1144
Partition 26	1182,1183,1184,1091
Partition 27	1185,1189,1190
Partition 28	1118,1121,1119,1120
Partition 29	1113,1109,1110
Partition 30	1161,1162,1200
Partition 31	1099,1141,1088
Partition 32	1105,1106,1107,1108
Partition 33	1176,1087,1127
Partition 34	1102,1104,1103
Partition 35	1100
Partition 36	1101,1221,1220,1222
Partition 37	1114
Partition 38	1211,1215,1216
Partition 39	1214
Partition 40	1092,1116
Partition 41	1193,1197
Partition 42	1198,1194,1199
Partition 43	1186,1187,1233,1234
Partition 44	1096,1111,1112
Partition 45	1145,1146,1095
Partition 46	1163
Partition 47	1117,1171
Partition 48	1089
Partition 49	1115,1166
Partition 50	1097,1098
Partition 51	1195,1196
Partition 52	1090,1134,1135
path	2
T	7
cut	117
Partition 0	1226,1227,1228
Partition 1	1218,1223,1219
Partition 2	1157,1139,1140
Partition 3	1217,1229,1230
Partition 4	1212,1213,1158
Partition 5	1201,1224,1225
Partition 6	1160,1167,1168
Partition 7	1155,1159,1156
Partition 8	1202,1204,1203,1205
Partition 9	1210,1231,1232
Partition 10	1206,1207,1208,1209
Partition 11	1172,1173,1179
Partition 12	1177,1178,1180
Partition 13	1181,1191,1192
Partition 14	1132,1133,1136
Partition 15	1085,1093,1094
Partition 16	1122,1174,1175
Partition 17	1123,1131,1137,1138,1130
Partition 18	1128,1129
Partition 19	1125,1126,1086
Partition 20	1154,1169,1170
Partition 21	1147,1151,1152,1153
Partition 22	1124,1150,1148,1149
Partition 23	1165
Partition 24	1188,1164
Partition 25	1142,1143,1144
Partition 26	1182,1183,1184,1091
Partition 27	1185,1189,1190
Partition 28	1118,1121,1119,1120
Partition 29	1113,1109,1110
Partition 30	1161,1162,1200
Partition 31	1099,1141,1088
Partition 32	1105,1106,1107,1108
Partition 33	1176,1087,1127
Partition 34	1102,1104,1103
Partition 35	1100
Partition 36	1101,1221,1220,1222
Partition 37	1114
Partition 38	1211,1215,1216
Partition 39	1214
Partition 40	1092,1116
Partition 41	1193,1197
Partition 42	1198,1194,1199
Partition 43	1186,1187,1233,1234
Partition 44	1096,1111,1112
Partition 45	1145,1146,1095
Partition 46	1163
Partition 47	1117,1171
Partition 48	1089
Partition 49	1115,1166
Partition 50	1097,1098
Partition 51	1195,1196
Partition 52	1090,1134,1135
path	3
T	7
cut	117
Partition 0	1226,1227,1228
Partition 1	1218,1223,1219
Partition 2	1157,1139,1140
Partition 3	1217,1229,1230
Partition 4	1212,1213,1158
Partition 5	1201,1224,1225
Partition 6	1160,1167,1168
Partition 7	1155,1159,1156
Partition 8	1202,1204,1203,1205
Partition 9	1210,1231,1232
Partition 10	1206,1207,1208,1209
Partition 11	1172,1173,1179
Partition 12	1177,1178,1180
Partition 13	1181,1191,1192
Partition 14	1132,1133,1136
Partition 15	1085,1093,1094
Partition 16	1122,1174,1175
Partition 17	1123,1131,1137,1138,1130
Partition 18	1128,1129
Partition 19	1125,1126,1086
Partition 20	1154,1169,1170
Partition 21	1147,1151,1152,1153
Partition 22	1124,1150,1148,1149
Partition 23	1165
Partition 24	1188,1164
Partition 25	1142,1143,1144
Partition 26	1182,1183,1184,1091
Partition 27	1185,1189,1190
Partition 28	1118,1121,1119,1120
Partition 29	1113,1109,1110
Partition 30	1161,1162,1200
Partition 31	1099,1141,1088
Partition 32	1105,1106,1107,1108
Partition 33	1176,1087,1127
Partition 34	1102,1104,1103
Partition 35	1100
Partition 36	1101,1221,1220,1222
Partition 37	1114
Partition 38	1211,1215,1216
Partition 39	1214
Partition 40	1092,1116
Partition 41	1193,1197
Partition 42	1198,1194,1199
Partition 43	1186,1187,1233,1234
Partition 44	1096,1111,1112
Partition 45	1145,1146,1095
Partition 46	1163
Partition 47	1117,1171
Partition 48	1089
Partition 49	1115,1166
Partition 50	1097,1098
Partition 51	1195,1196
Partition 52	1090,1134,1135
path	4
T	7
cut	117
Partition 0	1226,1227,1228
Partition 1	1218,1223,1219
Partition 2	1157,1139,1140
Partition 3	1217,1229,1230
Partition 4	1212,1213,1158
Partition 5	1201,1224,1225
Partition 6	1160,1167,1168
Partition 7	1155,1159,1156
Partition 8	1202,1204,1203,1205
Partition 9	1210,1231,1232
Partition 10	1206,1207,1208,1209
Partition 11	1172,1173,1179
Partition 12	1177,1178,1180
Partition 13	1181,1191,1192
Partition 14	1132,1133,1136
Partition 15	1085,1093,1094
Partition 16	1122,1174,1175
Partition 17	1123,1131,1137,1138,1130
Partition 18	1128,1129
Partition 19	1125,1126,1086
Partition 20	1154,1169,1170
Partition 21	1147,1151,1152,1153
Partition 22	1124,1150,1148,1149
Partition 23	1165
Partition 24	1188,1164
Partition 25	1142,1143,1144
Partition 26	1182,1183,1184,1091
Partition 27	1185,1189,1190
Partition 28	1118,1121,1119,1120
Partition 29	1113,1109,1110
Partition 30	1161,1162,1200
Partition 31	1099,1141,1088
Partition 32	1105,1106,1107,1108
Partition 33	1176,1087,1127
Partition 34	1102,1104,1103
Partition 35	1100
Partition 36	1101,1221,1220,1222
Partition 37	1114
Partition 38	1211,1215,1216
Partition 39	1214
Partition 40	1092,1116
Partition 41	1193,1197
Partition 42	1198,1194,1199
Partition 43	1186,1187,1233,1234
Partition 44	1096,1111,1112
Partition 45	1145,1146,1095
Partition 46	1163
Partition 47	1117,1171
Partition 48	1089
Partition 49	1115,1166
Partition 50	1097,1098
Partition 51	1195,1196
Partition 52	1090,1134,1135
path	5
T	7
cut	117
Partition 0	1226,1227,1228
Partition 1	1218,1223,1219
Partition 2	1157,1139,1140
Partition 3	1217,1229,1230
Partition 4	1212,1213,1158
Partition 5	1201,1224,1225
Partition 6	1160,1167,1168
Partition 7	1155,1159,1156
Partition 8	1202,1204,1203,1205
Partition 9	1210,1231,1232
Partition 10	1206,1207,1208,1209
Partition 11	1172,1173,1179
Partition 12	1177,1178,1180
Partition 13	1181,1191,1192
Partition 14	1132,1133,1136
Partition 15	1085,1093,1094
Partition 16	1122,1174,1175
Partition 17	1123,1131,1137,1138,1130
Partition 18	1128,1129
Partition 19	1125,1126,1086
Partition 20	1154,1169,1170
Partition 21	1147,1151,1152,1153
Partition 22	1124,1150,1148,1149
Partition 23	1165
Partition 24	1188,1164
Partition 25	1142,1143,1144
Partition 26	1182,1183,1184,1091
Partition 27	1185,1189,1190
Partition 28	1118,1121,1119,1120
Partition 29	1113,1109,1110
Partition 30	1161,1162,1200
Partition 31	1099,1141,1088
Partition 32	1105,1106,1107,1108
Partition 33	1176,1087,1127
Partition 34	1102,1104,1103
Partition 35	1100
Partition 36	1101,1221,1220,1222
Partition 37	1114
Partition 38	1211,1215,1216
Partition 39	1214
Partition 40	1092,1116
Partition 41	1193,1197
Partition 42	1198,1194,1199
Partition 43	1186,1187,1233,1234
Partition 44	1096,1111,1112
Partition 45	1145,1146,1095
Partition 46	1163
Partition 47	1117,1171
Partition 48	1089
Partition 49	1115,1166
Partition 50	1097,1098
Partition 51	1195,1196
Partition 52	1090,1134,1135
path	6
T	7
cut	117
Partition 0	1226,1227,1228
Partition 1	1218,1223,1219
Partition 2	1157,1139,1140
Partition 3	1217,1229,1230
Partition 4	1212,1213,1158
Partition 5	1201,1224,1225
Partition 6	1160,1167,1168
Partition 7	1155,1159,1156
Partition 8	1202,1204,1203,1205
Partition 9	1210,1231,1232
Partition 10	1206,1207,1208,1209
Partition 11	1172,1173,1179
Partition 12	1177,1178,1180
Partition 13	1181,1191,1192
Partition 14	1132,1133,1136
Partition 15	1085,1093,1094
Partition 16	1122,1174,1175
Partition 17	1123,1131,1137,1138,1130
Partition 18	1128,1129
Partition 19	1125,1126,1086
Partition 20	1154,1169,1170
Partition 21	1147,1151,1152,1153
Partition 22	1124,1150,1148,1149
Partition 23	1165
Partition 24	1188,1164
Partition 25	1142,1143,1144
Partition 26	1182,1183,1184,1091
Partition 27	1185,1189,1190
Partition 28	1118,1121,1119,1120
Partition 29	1113,1109,1110
Partition 30	1161,1162,1200
Partition 31	1099,1141,1088
Partition 32	1105,1106,1107,1108
Partition 33	1176,1087,1127
Partition 34	1102,1104,1103
Partition 35	1100
Partition 36	1101,1221,1220,1222
Partition 37	1114
Partition 38	1211,1215,1216
Partition 39	1214
Partition 40	1092,1116
Partition 41	1193,1197
Partition 42	1198,1194,1199
Partition 43	1186,1187,1233,1234
Partition 44	1096,1111,1112
Partition 45	1145,1146,1095
Partition 46	1163
Partition 47	1117,1171
Partition 48	1089
Partition 49	1115,1166
Partition 50	1097,1098
Partition 51	1195,1196
Partition 52	1090,1134,1135
path	7
T	7
cut	117
Partition 0	1226,1227,1228
Partition 1	1218,1223,1219
Partition 2	1157,1139,1140
Partition 3	1217,1229,1230
Partition 4	1212,1213,1158
Partition 5	1201,1224,1225
Partition 6	1160,1167,1168
Partition 7	1155,1159,1156
Partition 8	1202,1204,1203,1205
Partition 9	1210,1231,1232
Partition 10	1206,1207,1208,1209
Partition 11	1172,1173,1179
Partition 12	1177,1178,1180
Partition 13	1181,1191,1192
Partition 14	1132,1133,1136
Partition 15	1085,1093,1094
Partition 16	1122,1174,1175
Partition 17	1123,1131,1137,1138,1130
Partition 18	1128,1129
Partition 19	1125,1126,1086
Partition 20	1154,1169,1170
Partition 21	1147,1151,1152,1153
Partition 22	1124,1150,1148,1149
Partition 23	1165
Partition 24	1188,1164
Partition 25	1142,1143,1144
Partition 26	1182,1183,1184,1091
Partition 27	1185,1189,1190
Partition 28	1118,1121,1119,1120
Partition 29	1113,1109,1110
Partition 30	1161,1162,1200
Partition 31	1099,1141,1088
Partition 32	1105,1106,1107,1108
Partition 33	1176,1087,1127
Partition 34	1102,1104,1103
Partition 35	1100
Partition 36	1101,1221,1220,1222
Partition 37	1114
Partition 38	1211,1215,1216
Partition 39	1214
Partition 40	1092,1116
Partition 41	1193,1197
Partition 42	1198,1194,1199
Partition 43	1186,1187,1233,1234
Partition 44	1096,1111,1112
Partition 45	1145,1146,1095
Partition 46	1163
Partition 47	1117,1171
Partition 48	1089
Partition 49	1115,1166
Partition 50	1097,1098
Partition 51	1195,1196
Partition 52	1090,1134,1135
path	8
T	7
cut	117
Partition 0	1226,1227,1228
Partition 1	1218,1223,1219
Partition 2	1157,1139,1140
Partition 3	1217,1229,1230
Partition 4	1212,1213,1158
Partition 5	1201,1224,1225
Partition 6	1160,1167,1168
Partition 7	1155,1159,1156
Partition 8	1202,1204,1203,1205
Partition 9	1210,1231,1232
Partition 10	1206,1207,1208,1209
Partition 11	1172,1173,1179
Partition 12	1177,1178,1180
Partition 13	1181,1191,1192
Partition 14	1132,1133,1136
Partition 15	1085,1093,1094
Partition 16	1122,1174,1175
Partition 17	1123,1131,1137,1138,1130
Partition 18	1128,1129
Partition 19	1125,1126,1086
Partition 20	1154,1169,1170
Partition 21	1147,1151,1152,1153
Partition 22	1124,1150,1148,1149
Partition 23	1165
Partition 24	1188,1164
Partition 25	1142,1143,1144
Partition 26	1182,1183,1184,1091
Partition 27	1185,1189,1190
Partition 28	1118,1121,1119,1120
Partition 29	1113,1109,1110
Partition 30	1161,1162,1200
Partition 31	1099,1141,1088
Partition 32	1105,1106,1107,1108
Partition 33	1176,1087,1127
Partition 34	1102,1104,1103
Partition 35	1100
Partition 36	1101,1221,1220,1222
Partition 37	1114
Partition 38	1211,1215,1216
Partition 39	1214
Partition 40	1092,1116
Partition 41	1193,1197
Partition 42	1198,1194,1199
Partition 43	1186,1187,1233,1234
Partition 44	1096,1111,1112
Partition 45	1145,1146,1095
Partition 46	1163
Partition 47	1117,1171
Partition 48	1089
Partition 49	1115,1166
Partition 50	1097,1098
Partition 51	1195,1196
Partition 52	1090,1134,1135
path	9
T	7
cut	117
Partition 0	1226,1227,1228
Partition 1	1218,1223,1219
Partition 2	1157,1139,1140
Partition 3	1217,1229,1230
Partition 4	1212,1213,1158
Partition 5	1201,1224,1225
Partition 6	1160,1167,1168
Partition 7	1155,1159,1156
Partition 8	1202,1204,1203,1205
Partition 9	1210,1231,1232
Partition 10	1206,1207,1208,1209
Partition 11	1172,1173,1179
Partition 12	1177,1178,1180
Partition 13	1181,1191,1192
Partition 14	1132,1133,1136
Partition 15	1085,1093,1094
Partition 16	1122,1174,1175
Partition 17	1123,1131,1137,1138,1130
Partition 18	1128,1129
Partition 19	1125,1126,1086
Partition 20	1154,1169,1170
Partition 21	1147,1151,1152,1153
Partition 22	1124,1150,1148,1149
Partition 23	1165
Partition 24	1188,1164
Partition 25	1142,1143,1144
Partition 26	1182,1183,1184,1091
Partition 27	1185,1189,1190
Partition 28	1118,1121,1119,1120
Partition 29	1113,1109,1110
Partition 30	1161,1162,1200
Partition 31	1099,1141,1088
Partition 32	1105,1106,1107,1108
Partition 33	1176,1087,1127
Partition 34	1102,1104,1103
Partition 35	1100
Partition 36	1101,1221,1220,1222
Partition 37	1114
Partition 38	1211,1215,1216
Partition 39	1214
Partition 40	1092,1116
Partition 41	1193,1197
Partition 42	1198,1194,1199
Partition 43	1186,1187,1233,1234
Partition 44	1096,1111,1112
Partition 45	1145,1146,1095
Partition 46	1163
Partition 47	1117,1171
Partition 48	1089
Partition 49	1115,1166
Partition 50	1097,1098
Partition 51	1195,1196
Partition 52	1090,1134,1135
path	10
T	7
cut	117
Partition 0	1226,1227,1228
Partition 1	1218,1223,1219
Partition 2	1157,1139,1140
Partition 3	1217,1229,1230
Partition 4	1212,1213,1158
Partition 5	1201,1224,1225
Partition 6	1160,1167,1168
Partition 7	1155,1159,1156
Partition 8	1202,1204,1203,1205
Partition 9	1210,1231,1232
Partition 10	1206,1207,1208,1209
Partition 11	1172,1173,1179
Partition 12	1177,1178,1180
Partition 13	1181,1191,1192
Partition 14	1132,1133,1136
Partition 15	1085,1093,1094
Partition 16	1122,1174,1175
Partition 17	1123,1131,1137,1138,1130
Partition 18	1128,1129
Partition 19	1125,1126,1086
Partition 20	1154,1169,1170
Partition 21	1147,1151,1152,1153
Partition 22	1124,1150,1148,1149
Partition 23	1165
Partition 24	1188,1164
Partition 25	1142,1143,1144
Partition 26	1182,1183,1184,1091
Partition 27	1185,1189,1190
Partition 28	1118,1121,1119,1120
Partition 29	1113,1109,1110
Partition 30	1161,1162,1200
Partition 31	1099,1141,1088
Partition 32	1105,1106,1107,1108
Partition 33	1176,1087,1127
Partition 34	1102,1104,1103
Partition 35	1100
Partition 36	1101,1221,1220,1222
Partition 37	1114
Partition 38	1211,1215,1216
Partition 39	1214
Partition 40	1092,1116
Partition 41	1193,1197
Partition 42	1198,1194,1199
Partition 43	1186,1187,1233,1234
Partition 44	1096,1111,1112
Partition 45	1145,1146,1095
Partition 46	1163
Partition 47	1117,1171
Partition 48	1089
Partition 49	1115,1166
Partition 50	1097,1098
Partition 51	1195,1196
Partition 52	1090,1134,1135
