cut	83
Partition 0	506,402,403,404,505
Partition 1	361,373,362,406,405
Partition 2	363,408,372,409,364
Partition 3	508,410,507,407,411
Partition 4	490,424,422,489,423
Partition 5	345,420,370,421,346
Partition 6	359,371,360,418,419
Partition 7	504,412,413,417
Partition 8	414,415,416,503
Partition 9	498,392,497,393
Partition 10	353,390,375,391,354
Partition 11	339,374,340,400,401
Partition 12	396,397,398,399
Partition 13	484,394,483,395
Partition 14	500,338,499,381,380
Partition 15	355,378,377,379,356
Partition 16	357,376,358,388,389
Partition 17	502,382,383,387
Partition 18	384,385,386,501
Partition 19	496,467,495,468
Partition 20	351,465,441,466,352
Partition 21	349,442,350,463,464
Partition 22	494,459,460,461,493,462
Partition 23	477,478,479,480
Partition 24	482,343,439,344,481
Partition 25	341,471,440,472,342
Partition 26	486,469,485,470,474
Partition 27	488,475,487,473,476
Partition 28	510,450,449,509
Partition 29	365,447,444,448,366
Partition 30	347,443,348,457,458
Partition 31	453,454,455,491
Partition 32	492,451,452,456
Partition 33	367,426,369,427,368
Partition 34	512,428,511,425,429
Partition 35	438,430,431,437
Partition 36	433,434,436,435
Partition 37	336,432,337,445,446
