path	1
T	6
cut	62
Partition 0	3609,3607,3608
Partition 1	3606
Partition 2	3590,3591,3592
Partition 3	3597,3555,3554
Partition 4	3553,3604,3605,3525
Partition 5	3521,3527,3567,3524
Partition 6	3551,3548,3552
Partition 7	3537,3538
Partition 8	3558,3559,3557,3556
Partition 9	3579,3580,3528,3578
Partition 10	3581,3576
Partition 11	3522,3530,3585,3586,3529
Partition 12	3584,3531,3577,3583,3582
Partition 13	3535,3532,3533
Partition 14	3596,3574,3575
Partition 15	3534,3549,3550,3563,3520
Partition 16	3593,3594,3544
Partition 17	3595,3568
Partition 18	3599,3598,3600,3601
Partition 19	3610,3611,3603
Partition 20	3613,3589,3612,3588
Partition 21	3526,3573,3566,3572
Partition 22	3542,3545,3540,3546
Partition 23	3562,3560,3547,3561
Partition 24	3539,3569,3570,3571
Partition 25	3541,3543,3564,3565
Partition 26	3602
Partition 28	3587
Partition 30	3536
Partition 34	3523
path	2
T	9
cut	62
Partition 0	3609,3607,3608
Partition 1	3523,3606
Partition 2	3590,3591
Partition 3	3597,3555,3554
Partition 4	3553,3604,3605,3525
Partition 5	3521,3527,3567,3568,3524
Partition 6	3551,3548,3552
Partition 7	3537,3538
Partition 8	3558,3559,3557,3556
Partition 9	3579,3580,3528,3578
Partition 10	3581
Partition 11	3522,3530,3585,3586
Partition 12	3584,3576,3577,3583,3582
Partition 13	3532,3533
Partition 14	3534,3535,3596,3599,3574,3575,3598
Partition 15	3549,3550,3563,3520
Partition 16	3593,3594,3544
Partition 17	3595,3602
Partition 18	3592,3600,3601
Partition 19	3610,3611,3603
Partition 20	3613,3589,3612,3588
Partition 21	3526,3573,3566,3572
Partition 22	3542,3545,3540,3546
Partition 23	3562,3560,3547,3561
Partition 24	3539,3569,3570,3571
Partition 25	3541,3543,3564,3565
Partition 28	3587
Partition 30	3529
Partition 31	3536,3531
path	3
T	11
cut	62
Partition 0	3609,3606,3607,3608
Partition 1	3590
Partition 2	3522,3530,3591,3592,3600
Partition 3	3597,3555,3554,3556
Partition 4	3553,3604,3605,3525
Partition 5	3521,3527,3524
Partition 6	3551,3548,3552
Partition 7	3537,3536
Partition 8	3538,3558,3559
Partition 9	3579,3580,3581,3528,3576,3578
Partition 10	3587
Partition 11	3529
Partition 12	3585,3586,3584,3531,3577,3583,3582
Partition 13	3534,3535,3532,3533
Partition 14	3574,3575
Partition 15	3549,3550,3563,3520
Partition 16	3593,3594,3544
Partition 17	3568
Partition 18	3596,3599,3598
Partition 19	3610,3611,3603,3595,3602
Partition 20	3613,3589,3612,3588
Partition 21	3526,3573,3566,3572
Partition 22	3542,3545,3540,3546
Partition 23	3562,3560,3547,3561
Partition 24	3539,3569,3570,3571
Partition 25	3523,3541,3543,3564,3565
Partition 26	3567
Partition 28	3601
Partition 30	3557
path	4
T	5
cut	61
Partition 0	3609,3607,3608
Partition 1	3523,3606
Partition 3	3597,3555,3554
Partition 4	3553,3604,3605,3525
Partition 5	3521,3527,3567,3524
Partition 6	3551,3548,3552
Partition 7	3536,3531
Partition 8	3558,3559,3557,3556
Partition 9	3579,3580,3528,3576,3577,3578
Partition 10	3581,3587
Partition 11	3522,3530,3585,3586
Partition 12	3584,3583,3582
Partition 13	3535,3532,3533
Partition 14	3596,3599,3575,3598
Partition 15	3534,3549,3550,3563,3529,3574,3520
Partition 16	3593,3594,3544
Partition 17	3595,3602
Partition 18	3591,3592,3600,3601
Partition 19	3610,3611,3603
Partition 20	3613,3589,3612,3588
Partition 21	3526,3573,3566,3572
Partition 22	3542,3545,3540,3546
Partition 23	3562,3560,3547,3561
Partition 24	3539,3569,3570,3571
Partition 25	3541,3543,3564,3565
Partition 26	3537,3538
Partition 29	3568
Partition 32	3590
path	5
T	9
cut	62
Partition 0	3609,3607,3608
Partition 1	3523,3606
Partition 2	3590,3591,3592
Partition 3	3597,3555,3554,3598
Partition 4	3553,3604,3605,3525
Partition 5	3541,3521,3527,3524
Partition 6	3551,3548,3552
Partition 7	3535,3537,3536,3538,3567,3531
Partition 8	3558,3559,3557,3556
Partition 9	3579,3580,3528,3578
Partition 10	3581,3576,3577
Partition 11	3522,3530
Partition 12	3585,3584,3583,3582
Partition 13	3566,3532,3533
Partition 14	3596,3574,3575
Partition 15	3549,3550,3563,3520
Partition 16	3593,3594,3544
Partition 17	3595,3568
Partition 18	3600,3601,3602
Partition 19	3610,3611,3603
Partition 20	3613,3589,3612,3588
Partition 21	3526,3573,3572
Partition 22	3542,3545,3540,3546
Partition 23	3562,3560,3547,3561
Partition 24	3539,3569,3570,3571
Partition 25	3543,3564,3565
Partition 28	3534
Partition 30	3529
Partition 31	3586,3587
Partition 32	3599
path	6
T	11
cut	62
Partition 0	3609,3607,3608
Partition 1	3606
Partition 2	3590,3591,3592
Partition 3	3597,3555,3554
Partition 5	3521,3527,3567,3529,3531,3524
Partition 6	3551,3548,3552
Partition 7	3537,3538
Partition 8	3558,3559,3557,3556
Partition 9	3579,3580,3528,3578
Partition 10	3581,3576
Partition 11	3522,3530,3585,3586
Partition 12	3584,3577,3583,3582
Partition 13	3535,3532,3533
Partition 15	3534,3549,3550,3563,3520
Partition 16	3593,3594,3544
Partition 17	3595,3568
Partition 18	3599,3598,3600,3601
Partition 19	3610,3611,3603
Partition 20	3613,3589,3612,3588
Partition 21	3526,3573,3566,3572
Partition 22	3542,3545,3540,3546
Partition 23	3562,3560,3547,3561
Partition 24	3539,3569,3570,3571
Partition 25	3541,3543,3564,3565
Partition 26	3602
Partition 28	3587
Partition 30	3536
Partition 34	3523
Partition 35	3605
Partition 36	3596,3604,3525,3574,3575
Partition 37	3553
path	7
T	11
cut	67
Partition 0	3609,3606,3607,3608
Partition 2	3591,3592,3600
Partition 3	3597,3555,3554,3556
Partition 4	3604,3605
Partition 5	3521,3527
Partition 6	3551,3548,3552
Partition 7	3537
Partition 8	3538,3558,3559
Partition 9	3579,3580,3581,3528,3576,3578
Partition 10	3587
Partition 11	3522,3530
Partition 12	3585,3586,3584,3577,3583,3582
Partition 13	3534,3535,3532,3533
Partition 14	3590,3525
Partition 15	3549,3550,3563,3574,3520
Partition 16	3593,3594,3544
Partition 17	3568
Partition 18	3596,3599,3575,3598
Partition 19	3610,3611,3603
Partition 20	3613,3589,3612,3588
Partition 21	3526,3573,3572
Partition 22	3542,3545,3540,3546
Partition 23	3562,3560,3547,3561
Partition 24	3539,3569,3570,3571
Partition 25	3541,3543,3564,3565
Partition 26	3536
Partition 28	3601
Partition 30	3557
Partition 32	3523
Partition 33	3567,3531,3524
Partition 34	3566
Partition 35	3595
Partition 38	3602
Partition 39	3529
Partition 42	3553
