cut	40
Partition 0	7514,7555
Partition 1	7558,7557,7556
Partition 2	7491,7546,7547
Partition 3	7541,7542,7549,7550
Partition 4	7530,7531,7548
Partition 5	7503,7502,7501
Partition 6	7513,7504,7512
Partition 7	7500,7499,7536
Partition 8	7532,7533,7534
Partition 9	7537,7538,7551
Partition 10	7559,7554,7529,7553,7552
Partition 11	7496,7526,7527
Partition 12	7523,7524,7525
Partition 13	7520,7519,7517
Partition 14	7516,7515,7492
Partition 15	7521,7522,7528
Partition 16	7494,7540,7539
Partition 17	7506,7505,7511
Partition 18	7507,7509,7493,7510
Partition 19	7495,7498,7508
Partition 20	7518,7497,7535
Partition 21	7543,7544,7490,7545
