path	1
T	9
cut	25
Partition 0	1662,1685,1704,1703
Partition 1	1672,1684,1683,1670,1671
Partition 2	1691,1692,1694,1700,1701
Partition 4	1664
Partition 5	1681,1682,1679,1680,1663,1676
Partition 6	1667,1697,1698,1695,1696,1699
Partition 7	1674,1665,1673
Partition 8	1677,1678,1688
Partition 9	1666,1687,1668,1686
Partition 10	1690
Partition 12	1702
Partition 15	1693
Partition 18	1689
Partition 19	1675
Partition 23	1669
path	2
T	8
cut	25
Partition 0	1662,1685,1704,1703
Partition 1	1672,1684,1683,1670,1671
Partition 2	1666,1687,1691,1692,1694,1700,1701
Partition 3	1689,1690,1702
Partition 4	1679,1664
Partition 5	1681,1682,1680,1663,1676
Partition 6	1675,1667,1697,1695,1696
Partition 7	1674,1665,1669,1673
Partition 8	1677
Partition 10	1686
Partition 13	1668
Partition 14	1688
Partition 15	1678,1693
Partition 16	1698
Partition 17	1699
path	3
T	8
cut	24
Partition 0	1662,1685,1704,1703
Partition 1	1672,1684,1683,1670,1671
Partition 2	1692,1694,1700,1701,1702
Partition 3	1689,1690
Partition 4	1691,1679,1680,1663,1676,1664
Partition 5	1675,1681,1682
Partition 6	1667,1697,1698,1695,1696,1699
Partition 7	1677,1678
Partition 8	1674,1665,1669,1673
Partition 11	1686
Partition 12	1693
Partition 14	1668
Partition 15	1666,1687
Partition 17	1688
path	4
T	8
cut	25
Partition 0	1662,1685,1704,1703
Partition 1	1672,1684,1683,1670,1671
Partition 2	1691,1692,1694,1700,1701
Partition 3	1678,1689,1688,1690
Partition 4	1679,1664
Partition 5	1680,1663,1676
Partition 6	1697,1698,1695,1696,1699
Partition 7	1674,1665,1669,1673
Partition 8	1675,1667
Partition 10	1693
Partition 12	1677
Partition 13	1687,1668,1686
Partition 14	1681,1682
Partition 15	1702
Partition 18	1666
path	5
T	5
cut	26
Partition 0	1689,1662,1685,1690,1702,1704,1703
Partition 1	1672,1684,1670,1671
Partition 2	1691,1692,1694,1700,1701
Partition 3	1687,1686
Partition 4	1669
Partition 5	1681,1682,1680,1663,1676
Partition 6	1697,1698,1695,1696,1668,1699
Partition 7	1674,1665,1673
Partition 8	1677,1678,1688
Partition 9	1683
Partition 10	1693
Partition 11	1679
Partition 13	1666
Partition 14	1664
Partition 15	1675
Partition 18	1667
