path	1
T	27
cut	92
Partition 1	2066,2131
Partition 2	2132,2133,2135,2134,2136
Partition 3	2129,2068
Partition 4	2142
Partition 5	2130,2138,2139,2140,2076
Partition 7	2146,2147,2145,2148
Partition 8	2141,2149,2150
Partition 9	2153,2154,2151,2152
Partition 10	2098,2143,2144,2094,2095
Partition 12	2100
Partition 13	2069,2111,2127,2128
Partition 15	2086,2087,2137,2083,2109
Partition 16	2104,2105,2107,2108,2106
Partition 18	2082,2062
Partition 19	2093,2063,2088,2099,2089
Partition 21	2079,2185,2080,2081,2085
Partition 22	2096,2097,2075
Partition 23	2078,2090,2091,2092,2084
Partition 25	2077,2102,2103,2101,2067
Partition 27	2065
Partition 28	2124,2183
Partition 29	2199,2200,2184
Partition 30	2196,2192,2193,2194
Partition 31	2186,2195,2197,2198
Partition 34	2118,2073,2119,2180
Partition 35	2121,2122,2123
Partition 36	2116,2117
Partition 37	2064,2125,2126,2182
Partition 38	2191,2187,2189,2190,2188
Partition 39	2120,2179,2181,2173,2177
Partition 42	2163,2164,2166,2168,2169
Partition 44	2070,2161,2162,2165
Partition 45	2155,2159
Partition 46	2156,2158,2157,2160,2074
Partition 47	2072
Partition 49	2114,2071,2115
Partition 50	2112,2113,2110
Partition 51	2170,2174,2175,2178,2172
Partition 53	2167,2176,2171
path	2
T	18
cut	94
Partition 0	2131,2132,2133,2134
Partition 1	2135,2136
Partition 3	2129,2130,2068
Partition 4	2066,2138,2139,2140,2076
Partition 6	2100
Partition 7	2146,2147,2145,2148
Partition 8	2141,2149,2150,2151
Partition 9	2153,2152
Partition 10	2142,2143,2144,2094,2095
Partition 12	2098,2104,2105,2106
Partition 15	2087,2137,2082,2083
Partition 16	2093,2109,2110,2107,2108
Partition 19	2063,2088,2099,2089,2062
Partition 20	2065,2079,2080,2081,2085
Partition 22	2096,2097,2075,2084,2086
Partition 23	2090,2092
Partition 25	2102,2103,2101
Partition 26	2077,2078,2091,2067
Partition 27	2185
Partition 28	2124,2183
Partition 29	2199,2200,2184
Partition 30	2196,2194
Partition 31	2186,2195,2197,2198
Partition 32	2193
Partition 33	2192,2191,2189,2190,2188
Partition 34	2118,2073,2119,2120
Partition 35	2121,2122,2123
Partition 36	2116,2117
Partition 38	2064,2125,2126
Partition 39	2187,2182,2179,2181
Partition 41	2169,2154
Partition 42	2070,2163,2164,2166
Partition 44	2161,2162,2165
Partition 45	2156,2155,2159
Partition 47	2072,2158,2157,2160,2074
Partition 48	2069,2111,2127,2128,2173
Partition 49	2114,2071,2115
Partition 50	2112,2113
Partition 51	2170,2174,2175,2177,2172
Partition 53	2167,2168,2171
Partition 54	2180,2176,2178
path	3
T	23
cut	92
Partition 0	2066,2131,2132,2135
Partition 1	2142
Partition 2	2133,2134,2136,2137
Partition 3	2129,2143,2068
Partition 4	2130,2139,2076
Partition 7	2146,2147,2145,2148
Partition 8	2138,2140,2141,2149,2150
Partition 10	2094,2095
Partition 14	2114,2071,2115
Partition 15	2082,2083,2062
Partition 16	2087,2109,2107,2108,2106
Partition 19	2063,2088,2099,2089,2100
Partition 21	2096,2075
Partition 22	2081,2085,2084,2086
Partition 23	2078,2090,2091,2092,2093
Partition 25	2102,2103,2101,2104,2105
Partition 26	2077,2097,2098,2144,2067
Partition 27	2065,2079,2185,2080,2196
Partition 28	2124,2183
Partition 29	2199,2200,2184
Partition 31	2186,2195,2197,2198
Partition 32	2192,2191,2193,2194,2190
Partition 33	2187,2189,2188
Partition 34	2118,2073,2119,2180
Partition 36	2116,2117
Partition 37	2121,2122,2123
Partition 38	2064,2125,2126,2182
Partition 39	2120,2179,2181,2173,2177
Partition 41	2127,2153,2154,2151,2152
Partition 42	2164,2166
Partition 44	2070,2161,2163,2162,2165
Partition 45	2155,2159
Partition 46	2072
Partition 47	2156,2158,2157,2160,2074
Partition 50	2069,2111,2112,2113,2110
Partition 51	2170,2169,2174,2175,2172
Partition 53	2167,2168,2176,2178,2171
Partition 54	2128
path	4
T	16
cut	89
Partition 0	2066,2131,2132
Partition 2	2133,2135,2134,2136,2137
Partition 3	2129,2146,2147,2068
Partition 4	2142,2076
Partition 5	2130,2138,2139,2140
Partition 7	2145,2148
Partition 8	2141,2149,2150,2151,2152
Partition 10	2098,2143,2144,2094,2095
Partition 13	2069,2111
Partition 15	2082,2083,2062
Partition 16	2087,2109,2110,2107,2108
Partition 17	2103,2100,2104,2105,2106
Partition 19	2063,2088,2099,2089
Partition 21	2065,2079,2080,2081,2085
Partition 22	2096,2097,2075,2084,2086
Partition 23	2090,2091,2092,2093
Partition 26	2077,2078,2102,2101,2067
Partition 29	2199,2200,2184
Partition 30	2185,2196,2194,2124,2183
Partition 31	2186,2195,2197,2198
Partition 32	2192,2191,2193,2190
Partition 34	2120,2180,2179,2177,2178
Partition 35	2121,2122,2123
Partition 36	2116,2117,2118,2073,2119
Partition 37	2064,2125,2126,2188
Partition 39	2187,2189,2182,2181
Partition 42	2164,2166
Partition 43	2070,2163
Partition 44	2161,2162,2165,2153,2154
Partition 45	2156,2155,2159
Partition 47	2072,2158,2157,2160,2074
Partition 49	2127,2114,2071,2115,2128
Partition 50	2112,2113
Partition 51	2170,2169,2174,2175,2172
Partition 53	2167,2168,2176,2173,2171
path	5
T	18
cut	92
Partition 0	2131,2132
Partition 1	2066
Partition 2	2133,2135,2134,2136
Partition 3	2129,2146,2068
Partition 4	2130,2139,2076
Partition 6	2147,2145,2148
Partition 8	2138,2140,2141,2149,2150
Partition 9	2167,2153,2154,2151,2152
Partition 10	2142,2143,2144,2094,2095
Partition 11	2098,2100,2104,2105
Partition 13	2069,2111
Partition 15	2087,2137,2082,2083,2109
Partition 16	2107,2108,2106
Partition 17	2093
Partition 19	2063,2088,2099,2089,2062
Partition 21	2065,2079,2080,2081,2085
Partition 22	2096,2097,2075,2084,2086
Partition 23	2090,2092
Partition 24	2078,2091
Partition 25	2077,2102,2103,2101,2067
Partition 28	2124,2183
Partition 29	2199,2200,2184
Partition 30	2185,2196,2192,2193,2194
Partition 31	2186,2195,2197,2198
Partition 33	2191,2187,2189,2190,2188
Partition 34	2118,2073,2119,2120
Partition 36	2116,2117
Partition 37	2064,2125,2126,2182
Partition 38	2121,2122,2123
Partition 39	2180,2181
Partition 41	2128
Partition 44	2070,2161,2163,2162,2165
Partition 45	2156,2155,2159
Partition 47	2072,2158,2157,2160,2074
Partition 48	2170
Partition 49	2127,2114,2071,2115
Partition 50	2112,2113,2110
Partition 51	2174,2176,2175,2178,2172
Partition 53	2164,2166,2168,2169,2171
Partition 54	2179,2173,2177
path	6
T	16
cut	89
Partition 0	2066,2131,2132
Partition 2	2133,2135,2134,2136
Partition 4	2129,2130,2068
Partition 5	2142,2138,2139,2140,2076
Partition 7	2146,2147,2145,2148
Partition 8	2141,2149,2150,2151,2152
Partition 10	2098,2143,2144,2094,2095
Partition 12	2103,2104,2105
Partition 13	2069,2111
Partition 14	2109,2108
Partition 15	2170,2087,2137,2083,2153
Partition 17	2092,2093,2107,2106
Partition 18	2082,2062
Partition 19	2063,2088,2099,2089,2100
Partition 21	2065,2079,2080,2081,2085
Partition 22	2096,2097,2075,2084,2086
Partition 24	2078,2091
Partition 26	2077,2090,2102,2101,2067
Partition 28	2124,2183,2182,2179,2181
Partition 29	2199,2200,2184
Partition 30	2185,2196,2192,2193,2194
Partition 31	2186,2195,2197,2198
Partition 33	2191,2187,2189,2190,2188
Partition 34	2118,2073,2119,2120
Partition 36	2116,2117
Partition 37	2121,2122,2123
Partition 38	2064,2125,2126
Partition 42	2070,2163,2164,2166
Partition 44	2161,2162,2165
Partition 45	2156,2155,2159
Partition 47	2072,2158,2157,2160,2074
Partition 49	2071
Partition 50	2112,2113,2114,2115,2110
Partition 51	2169,2174,2173,2177,2172
Partition 52	2167,2168,2176,2154,2171
Partition 53	2127,2128
Partition 54	2180,2175,2178
path	7
T	18
cut	90
Partition 0	2066,2131,2132
Partition 2	2133,2135,2134,2136
Partition 3	2129,2138,2068
Partition 4	2142,2130,2139,2140,2076
Partition 7	2146,2147,2145,2148
Partition 8	2143,2141,2149,2089,2150
Partition 9	2144,2153,2151,2152
Partition 10	2094,2095
Partition 12	2093
Partition 13	2069,2111,2127,2128
Partition 15	2087,2137,2082,2083,2109
Partition 16	2107,2108,2106
Partition 19	2063,2088,2099,2100,2062
Partition 21	2080,2081,2085,2084,2086
Partition 23	2090,2092
Partition 24	2077,2078,2091,2075,2067
Partition 25	2102,2103,2101,2104,2105
Partition 26	2065,2079,2096,2097,2098
Partition 28	2124,2183
Partition 29	2199,2200,2184
Partition 31	2186,2195,2197,2198
Partition 32	2185,2196,2192,2193,2194
Partition 33	2191,2190
Partition 34	2118,2073,2119,2180,2178
Partition 35	2121,2122
Partition 36	2116,2117
Partition 37	2064,2125,2126,2188,2123
Partition 39	2187,2189,2182,2181
Partition 40	2120,2179
Partition 42	2163,2164,2166,2169,2154
Partition 45	2161,2162,2165,2155,2159
Partition 46	2156,2158,2157,2160,2074
Partition 47	2070,2072
Partition 49	2114,2071,2115
Partition 50	2112,2113,2110
Partition 51	2170,2174,2175,2177,2172
Partition 53	2167,2168,2176,2173,2171
path	8
T	29
cut	92
Partition 0	2131,2129,2132,2068
Partition 1	2135,2136
Partition 4	2142,2143,2133,2076,2134
Partition 5	2130,2138,2139,2140
Partition 7	2146,2147,2145,2148
Partition 8	2066,2141,2149,2089,2150
Partition 9	2098
Partition 10	2144,2094,2095,2151,2152
Partition 13	2069,2111,2127,2128,2174
Partition 14	2112,2113,2110
Partition 15	2087,2137,2082,2083,2153
Partition 16	2093
Partition 17	2109,2107,2108,2106
Partition 19	2063,2088,2099,2100,2062
Partition 20	2065,2185
Partition 21	2079,2080,2081,2085
Partition 22	2096,2097,2075,2084,2086
Partition 23	2090,2092
Partition 25	2102,2103,2101,2104,2105
Partition 26	2077,2078,2091,2067
Partition 28	2124,2183
Partition 29	2199,2200,2184
Partition 30	2196,2192,2193,2194
Partition 31	2186,2195,2197,2198
Partition 33	2191,2187,2189,2190,2188
Partition 34	2118,2073,2119
Partition 36	2116,2117
Partition 37	2121,2122,2123
Partition 38	2064,2125,2126
Partition 40	2182,2120,2180,2179,2181
Partition 42	2163,2164,2166,2158,2160
Partition 44	2070,2161,2162,2165,2170
Partition 46	2072,2156,2155,2159
Partition 47	2157,2074
Partition 49	2114,2071,2115
Partition 51	2169,2172
Partition 53	2167,2168,2154,2171
Partition 54	2176,2173,2175,2177,2178
path	9
T	18
cut	90
Partition 1	2066,2131
Partition 2	2132,2133,2135,2134,2136
Partition 5	2138,2140
Partition 6	2129,2130,2139,2076,2068
Partition 8	2141,2149,2150,2151,2152
Partition 9	2146,2147,2145,2148
Partition 10	2142,2143,2144
Partition 11	2097,2098,2094,2095
Partition 13	2069,2111,2127,2128
Partition 15	2087,2137,2082,2083,2062
Partition 16	2093,2109,2107,2108,2106
Partition 19	2063,2088,2099,2089,2100
Partition 21	2065,2079,2080,2081,2085
Partition 22	2096,2091,2075,2084,2086
Partition 23	2090,2092
Partition 25	2102,2103,2101,2104,2105
Partition 26	2077,2078,2067
Partition 28	2124,2183
Partition 29	2199,2200,2184
Partition 30	2196,2192,2193,2194,2182
Partition 31	2186,2195,2197,2198
Partition 32	2185
Partition 33	2187,2189,2188
Partition 34	2118,2073,2119
Partition 35	2121,2122,2123
Partition 36	2116,2117
Partition 37	2064,2125,2126
Partition 39	2191,2190
Partition 40	2120,2180,2179,2181,2177
Partition 41	2153
Partition 42	2164,2166,2168,2169,2154
Partition 44	2070,2161,2163,2162,2165
Partition 45	2156,2155,2159
Partition 47	2072,2158,2157,2160,2074
Partition 49	2114,2071,2115
Partition 50	2112,2113,2110
Partition 51	2170,2174,2175,2172
Partition 53	2167,2176,2173,2178,2171
path	10
T	18
cut	89
Partition 0	2131,2132,2133,2135
Partition 2	2087,2134,2136,2137,2083
Partition 3	2129,2146,2147,2068
Partition 4	2076
Partition 5	2066,2130,2138,2139,2140
Partition 8	2145,2148,2141,2149,2150
Partition 9	2153,2154,2151,2152
Partition 10	2142,2143,2144,2094,2095
Partition 12	2098,2100,2104,2105
Partition 13	2069,2111,2113,2127
Partition 15	2082
Partition 16	2112,2109,2110,2108
Partition 17	2090,2092,2093,2107,2106
Partition 19	2063,2088,2099,2089,2062
Partition 21	2065,2079,2080,2081,2085
Partition 22	2096,2097,2075,2084,2086
Partition 24	2078,2091
Partition 25	2077,2102,2103,2101,2067
Partition 28	2121,2124,2122,2123
Partition 29	2185,2199,2200,2186,2184
Partition 30	2196,2194,2197,2198
Partition 33	2192,2191,2193,2195,2190
Partition 35	2118,2073,2119
Partition 36	2116,2117
Partition 37	2064,2125,2126,2188
Partition 39	2183,2187,2189,2182,2181
Partition 40	2180,2176,2178
Partition 42	2163,2164,2166
Partition 44	2070,2161,2162,2165,2170
Partition 45	2155,2159
Partition 46	2072
Partition 47	2156,2158,2157,2160,2074
Partition 49	2114,2071,2115
Partition 51	2169,2128,2175,2172
Partition 53	2167,2168,2171
Partition 54	2120,2174,2179,2173,2177
