path	1
T	15
cut	65
Partition 0	3576,3575,3577
Partition 1	3534,3535,3536
Partition 2	3545,3550,3523,3529
Partition 3	3543,3530,3531,3542
Partition 4	3548,3549,3524
Partition 5	3572,3520,3610,3609,3611
Partition 6	3568,3567
Partition 7	3569,3546,3552,3570,3551
Partition 8	3591,3594
Partition 9	3589,3596
Partition 10	3592,3533,3590
Partition 11	3585,3586,3587,3588
Partition 12	3547,3558,3559,3521,3557
Partition 13	3532,3600,3560,3525
Partition 14	3528,3537,3580
Partition 15	3563,3564,3566,3565
Partition 16	3538,3539,3556
Partition 17	3599,3608,3598
Partition 18	3601,3602,3603,3604
Partition 19	3562,3605,3607,3561,3606
Partition 20	3578,3579,3581,3582
Partition 21	3526,3555,3553,3554
Partition 22	3574,3584
Partition 23	3571
Partition 24	3593
Partition 26	3541
Partition 27	3573
Partition 28	3540
Partition 29	3527
Partition 30	3597
Partition 31	3583
Partition 34	3595
Partition 39	3522,3544
path	2
T	18
cut	63
Partition 0	3576,3575,3577
Partition 1	3534,3535,3536,3540,3541
Partition 2	3545,3550,3523,3529
Partition 3	3543,3530,3531,3542
Partition 4	3548,3549,3524
Partition 5	3571,3572,3520,3610,3609,3611
Partition 6	3522,3544,3568
Partition 7	3569,3552,3570,3551
Partition 8	3546,3547,3591,3594
Partition 9	3589,3596
Partition 10	3592,3593,3533,3590
Partition 11	3558,3557,3585,3586,3587,3525,3588
Partition 12	3578
Partition 13	3527
Partition 14	3528,3537,3580
Partition 15	3564,3566,3565
Partition 16	3538,3539
Partition 17	3599,3608,3598
Partition 18	3601,3602,3603,3604
Partition 19	3562,3605,3600,3607,3561,3606
Partition 20	3579,3582
Partition 21	3526,3555,3553,3554
Partition 22	3573,3574,3584,3583
Partition 23	3595
Partition 24	3563
Partition 26	3556,3567
Partition 28	3597
Partition 29	3581
Partition 30	3559,3560
Partition 31	3532
Partition 33	3521
path	3
T	19
cut	63
Partition 0	3576,3575,3577
Partition 1	3534,3535,3536
Partition 2	3545,3523,3529
Partition 3	3543,3530,3531,3542
Partition 4	3540,3548,3549,3524,3541
Partition 5	3572,3520,3610,3609,3611
Partition 6	3522,3544,3568
Partition 7	3569,3546,3552,3570,3551
Partition 8	3547
Partition 9	3594
Partition 10	3592,3593,3533,3590
Partition 11	3585,3586,3587,3588
Partition 12	3558,3591,3559,3521,3557
Partition 13	3532,3600,3560,3525
Partition 14	3528,3537
Partition 15	3563,3564,3566,3565
Partition 16	3538,3556,3567
Partition 17	3599,3608,3598
Partition 18	3601,3602,3603,3604
Partition 19	3562,3605,3607,3561,3606
Partition 20	3578,3579,3580,3581,3582
Partition 21	3526,3555,3553,3554
Partition 22	3574,3584,3597
Partition 26	3550
Partition 27	3539
Partition 28	3573
Partition 29	3589
Partition 31	3583
Partition 32	3527
Partition 33	3571
Partition 34	3596,3595
path	4
T	14
cut	61
Partition 0	3576,3577
Partition 1	3534,3535,3536,3540,3541
Partition 2	3544,3545,3550,3523,3529,3575
Partition 3	3543,3530,3531,3542
Partition 4	3548,3549,3524
Partition 5	3572,3520,3610,3609,3611
Partition 6	3568,3567
Partition 7	3569,3552,3551
Partition 8	3589
Partition 9	3596,3594,3595
Partition 10	3592,3593,3533,3590
Partition 11	3585,3586,3587,3588
Partition 12	3558,3559,3521,3557
Partition 13	3527,3532,3600,3560,3525
Partition 14	3528,3537,3580
Partition 15	3563,3564,3566,3565
Partition 16	3538,3539,3556
Partition 17	3599,3608,3598
Partition 18	3601,3602,3603,3604
Partition 19	3562,3605,3607,3561,3606
Partition 20	3579,3581,3582,3583
Partition 21	3526,3555,3578,3553,3554
Partition 22	3573,3574,3584,3597
Partition 24	3591
Partition 25	3571
Partition 28	3522
Partition 31	3546
Partition 33	3570
Partition 34	3547
path	5
T	12
cut	66
Partition 0	3576,3575,3577
Partition 1	3534,3535
Partition 2	3545,3546,3536,3523,3529
Partition 3	3543,3530,3531,3542
Partition 4	3540,3541
Partition 5	3572,3520,3610,3609,3611
Partition 6	3524
Partition 7	3569,3552,3570,3551
Partition 9	3589,3596,3595
Partition 10	3533,3590,3548,3549
Partition 11	3585,3586,3587,3588
Partition 12	3547,3558,3557,3564,3565
Partition 13	3532,3600,3525
Partition 14	3528,3537,3580
Partition 15	3562,3563
Partition 16	3568,3556,3567,3566
Partition 17	3599,3608,3598
Partition 18	3601,3602,3603,3604
Partition 19	3605,3607,3606
Partition 20	3579,3581,3582,3583
Partition 21	3526,3555,3553,3554
Partition 22	3573,3574,3584,3597
Partition 23	3550
Partition 27	3527
Partition 28	3522,3592
Partition 29	3571
Partition 31	3544
Partition 34	3593,3591,3594
Partition 35	3578
Partition 36	3539
Partition 39	3538
Partition 40	3559,3560
Partition 42	3521
Partition 43	3561
path	6
T	12
cut	67
Partition 0	3576,3575,3577
Partition 1	3534,3535,3536
Partition 2	3545,3550,3523,3529
Partition 3	3543,3530,3531,3542
Partition 4	3548,3549,3524
Partition 5	3572,3520,3610,3609,3611
Partition 6	3568,3567
Partition 7	3569,3552,3570,3551
Partition 8	3591,3594
Partition 9	3589
Partition 10	3592,3533,3590
Partition 11	3585,3586,3587,3588
Partition 12	3547,3558,3559,3521,3557
Partition 13	3532,3600,3560,3525
Partition 14	3528,3537,3580
Partition 15	3563,3564,3566,3565
Partition 16	3538,3539,3556
Partition 17	3599,3608,3598
Partition 18	3601,3602,3603,3604
Partition 19	3562,3605,3607,3561,3606
Partition 20	3578,3579,3581,3582
Partition 21	3526,3555,3553,3554
Partition 22	3574,3584
Partition 23	3571
Partition 24	3593
Partition 26	3541
Partition 27	3573
Partition 28	3540
Partition 29	3527
Partition 30	3597
Partition 31	3583
Partition 34	3595
Partition 39	3522,3544
Partition 40	3596
Partition 41	3546
path	7
T	18
cut	66
Partition 0	3576,3575,3577
Partition 1	3534,3535,3536
Partition 2	3545,3550,3523,3529,3559
Partition 3	3543,3541,3542
Partition 4	3548,3549,3524
Partition 5	3571,3572,3520,3610,3609,3611
Partition 6	3522,3544,3568
Partition 7	3569,3552,3570,3551
Partition 8	3547,3591
Partition 9	3589,3596
Partition 10	3592,3593,3594,3595
Partition 11	3558,3557,3585,3586,3587,3525,3588
Partition 12	3578
Partition 13	3527
Partition 14	3528,3537,3580
Partition 15	3564,3566,3565
Partition 16	3538,3539
Partition 17	3599,3608,3598
Partition 18	3601,3602,3603,3604
Partition 19	3600,3607,3606
Partition 20	3579,3582
Partition 21	3526,3555,3553,3554
Partition 22	3573,3574,3584,3583
Partition 24	3562,3563
Partition 26	3556,3567
Partition 28	3597
Partition 29	3581
Partition 30	3560
Partition 31	3540
Partition 34	3532,3533,3590,3521
Partition 37	3546
Partition 41	3530
Partition 42	3531
Partition 43	3605,3561
path	8
T	8
cut	66
Partition 0	3576,3577
Partition 1	3534,3535,3536
Partition 2	3544,3545,3550
Partition 3	3543,3571,3541,3542,3570
Partition 4	3548,3549,3524
Partition 5	3572,3520,3610,3609,3611
Partition 6	3568,3567
Partition 7	3569,3552,3551
Partition 8	3589
Partition 9	3596,3594,3595
Partition 10	3592,3593,3533,3590
Partition 11	3585,3586,3587,3588
Partition 12	3523,3559,3521
Partition 13	3527,3532,3600,3525
Partition 14	3537,3580
Partition 15	3562,3563,3561
Partition 16	3538,3539,3556
Partition 17	3599,3608,3598
Partition 18	3601,3602,3603,3604
Partition 19	3605,3607,3606
Partition 20	3579,3581,3582,3583
Partition 21	3526,3555,3553,3554
Partition 22	3573,3574,3584,3597
Partition 24	3591
Partition 25	3528,3530,3531
Partition 28	3522
Partition 31	3546
Partition 34	3547
Partition 38	3540
Partition 39	3529,3575
Partition 41	3560,3564
Partition 43	3557
Partition 44	3558,3566,3565
Partition 46	3578
path	9
T	17
cut	69
Partition 0	3576,3575,3577
Partition 1	3534,3535
Partition 2	3545,3546,3536,3523,3529
Partition 3	3543,3530,3531,3542
Partition 4	3540,3541
Partition 5	3572,3520,3610,3609,3611
Partition 6	3524
Partition 7	3569,3552,3570,3551
Partition 9	3589,3596,3595
Partition 10	3533,3590,3548,3549
Partition 11	3585,3586,3587,3588
Partition 12	3564,3565
Partition 13	3532,3600,3560,3525
Partition 14	3528,3537,3580
Partition 15	3562,3563
Partition 16	3568,3556,3567,3566
Partition 17	3599,3608,3598
Partition 18	3601,3602,3603,3604
Partition 19	3605,3607,3606
Partition 20	3581,3582,3583
Partition 21	3527
Partition 22	3573,3574,3584,3597
Partition 23	3550
Partition 28	3522,3592
Partition 29	3571
Partition 31	3544
Partition 34	3591,3594
Partition 35	3559
Partition 39	3538
Partition 42	3539,3521,3561
Partition 43	3593
Partition 44	3578
Partition 45	3579
Partition 49	3526,3555,3553,3554
Partition 50	3547
Partition 51	3558
Partition 55	3557
