path	1
T	2
cut	6
Partition 0	803,797,799,800
Partition 1	808,809,811,810,812,798,796
Partition 2	814,801,802,807,813
Partition 3	805,806,804
path	2
T	2
cut	8
Partition 0	812,811,813,814,807
Partition 1	808,809,810
Partition 2	802,805,806,798
Partition 3	800,799,797,801,804,803,796
path	3
T	2
cut	6
Partition 0	796,804,803,797,799
Partition 1	808,809,811,810,812
Partition 2	814,801,802,807,813
Partition 3	798,805,800,806
path	4
T	3
cut	7
Partition 0	796,804,803,797,799
Partition 1	808,809,811,810,812,806
Partition 2	814,801,802,807,813
Partition 3	798,805,800
path	5
T	3
cut	7
Partition 0	796,804,803,797
Partition 1	808,809,811,810,812,806,805
Partition 2	814,801,802,807,813
Partition 3	798,800,799
path	6
T	2
cut	7
Partition 0	804,803,797,805,806,807,798
Partition 1	808,811,796
Partition 2	814,813,812,809,810
Partition 3	800,799,801,802
path	7
T	2
cut	7
Partition 0	796,804,803,799,812,811,800
Partition 1	808,809,810
Partition 2	814,801,802,807,813,806
Partition 3	798,805,797
path	8
T	2
cut	6
Partition 0	796,804,803,797,799
Partition 1	808,809,811,810,812
Partition 2	814,807,813,806,805,798
Partition 3	800,801,802
path	9
T	3
cut	8
Partition 0	796,804,803
Partition 1	808,809,811,810,812,806,805
Partition 2	814,801,802,807,813
Partition 3	798,800,799,797
path	10
T	2
cut	6
Partition 0	804,803,797,806
Partition 1	808,809,811,810,812,796
Partition 2	814,801,802,807,813
Partition 3	798,805,800,799
