path	1
T	16
cut	91
Partition 0	2063,2088,2099,2089,2062
Partition 1	2146,2147,2145,2148
Partition 2	2100
Partition 3	2142,2143,2144,2094,2095
Partition 4	2153,2154,2150,2151,2152
Partition 6	2130,2139,2076
Partition 7	2140,2141,2149
Partition 8	2129,2138,2068
Partition 11	2066,2131,2132
Partition 12	2133,2135,2134,2136,2137
Partition 13	2069,2111
Partition 14	2109,2108
Partition 15	2082,2083
Partition 16	2081,2085,2084,2086,2087
Partition 17	2079,2080
Partition 19	2107,2106
Partition 20	2097,2098,2103,2104,2105
Partition 21	2077,2102,2101,2067
Partition 22	2065,2096,2075
Partition 23	2078,2090,2091,2092,2093
Partition 26	2072,2156,2155,2159,2074
Partition 27	2070,2161,2163,2162,2165
Partition 29	2164,2166
Partition 31	2158,2157,2160
Partition 34	2120,2179,2173,2177
Partition 36	2170,2169,2174,2175,2172
Partition 38	2127,2167,2168,2128,2171
Partition 39	2116,2117
Partition 40	2112,2113,2110
Partition 41	2114,2071,2115
Partition 42	2121,2122,2123
Partition 43	2118,2073,2119
Partition 44	2180,2176,2181,2178
Partition 45	2064,2125,2126,2182
Partition 46	2185,2199,2200,2183,2184
Partition 48	2124
Partition 49	2191,2187,2189,2190,2188
Partition 51	2196,2197,2198
Partition 52	2186,2192,2193,2194,2195
path	2
T	25
cut	90
Partition 0	2063,2088,2099,2089,2100
Partition 1	2146,2147,2145,2148
Partition 3	2142,2076
Partition 4	2168,2153,2150,2151,2152
Partition 5	2138,2140,2141,2149
Partition 6	2143,2144
Partition 8	2129,2130,2139,2068
Partition 9	2066,2131,2192,2132,2193
Partition 10	2094,2095
Partition 12	2133,2135,2134,2136,2137
Partition 14	2087,2109,2107,2108,2106
Partition 15	2082,2083
Partition 16	2080,2081,2085,2084,2086
Partition 17	2065,2079,2062
Partition 20	2096,2097,2098,2104,2105
Partition 21	2077,2102,2103,2101,2067
Partition 22	2075
Partition 23	2078,2090,2091,2092,2093
Partition 26	2072,2156,2155,2159,2074
Partition 28	2070,2161,2163,2162,2165
Partition 29	2164,2166
Partition 31	2158,2157,2160
Partition 33	2180
Partition 34	2069,2111,2127,2128,2174
Partition 36	2170,2169,2154,2172
Partition 38	2167,2176,2175,2178,2171
Partition 39	2116,2117
Partition 40	2112,2113,2110
Partition 41	2114,2071,2115
Partition 42	2121,2122,2123
Partition 43	2118,2073,2119,2120
Partition 44	2182,2179,2181,2173,2177
Partition 45	2064,2125,2126,2188
Partition 46	2124
Partition 48	2185,2199,2200,2183,2184
Partition 49	2187,2189
Partition 50	2191,2190
Partition 51	2196,2194,2197,2198
Partition 52	2186,2195
path	3
T	14
cut	89
Partition 0	2063,2099,2100
Partition 1	2146,2147,2145,2148,2149
Partition 3	2144,2094,2095
Partition 4	2153,2154,2150,2151,2152
Partition 5	2138,2140,2141,2088,2089
Partition 8	2129,2130,2143,2139,2068
Partition 9	2066,2142,2076
Partition 10	2131,2132
Partition 12	2133,2135,2134,2136,2137
Partition 13	2069,2111
Partition 14	2109,2108
Partition 15	2065
Partition 16	2081,2084,2086,2087
Partition 17	2079,2080,2085
Partition 18	2082,2083,2062
Partition 20	2096,2097,2098,2104,2105
Partition 21	2077,2102,2103,2101,2067
Partition 22	2078,2091,2075
Partition 23	2090,2092,2093,2107,2106
Partition 26	2072,2156,2155,2159,2074
Partition 29	2070,2161,2163,2164,2166
Partition 31	2158,2157,2160
Partition 35	2128,2173,2175,2178
Partition 36	2162,2165,2170,2169,2172
Partition 38	2127,2167,2168,2176,2171
Partition 39	2116,2117
Partition 40	2112,2113,2110
Partition 41	2114,2071,2115
Partition 42	2121,2122,2123
Partition 43	2118,2073,2119,2120
Partition 44	2180,2174,2179,2181,2177
Partition 45	2064,2125,2126
Partition 46	2199,2200
Partition 48	2185,2124,2183,2184,2182
Partition 49	2191,2187,2189,2190,2188
Partition 51	2196,2197,2198
Partition 52	2186,2192,2193,2194,2195
path	4
T	17
cut	92
Partition 1	2146,2147,2145,2148
Partition 2	2099,2100
Partition 3	2144,2094,2095
Partition 4	2150,2151,2152
Partition 6	2143
Partition 7	2138,2140,2141,2149,2089
Partition 8	2129,2130,2139,2068
Partition 9	2066,2131,2132
Partition 11	2133,2135,2134,2136
Partition 12	2142,2076
Partition 13	2175
Partition 14	2112,2110
Partition 16	2085,2084,2086,2087,2109
Partition 17	2079,2080,2081
Partition 18	2063,2088,2082,2083,2062
Partition 19	2107,2108,2106
Partition 20	2097,2098,2104,2105
Partition 21	2077,2102,2103,2101,2067
Partition 23	2078,2090,2091,2092,2093
Partition 24	2065,2096,2075
Partition 26	2156,2155,2159,2074
Partition 28	2070,2161,2163,2164,2166
Partition 30	2072
Partition 31	2158,2157,2160
Partition 33	2180,2174,2179,2181,2177
Partition 35	2069,2111,2113,2127,2128
Partition 36	2162,2165,2170,2169,2172
Partition 37	2168,2137,2153,2154
Partition 38	2167,2176,2173,2178,2171
Partition 39	2116,2117
Partition 41	2114,2071,2115
Partition 43	2118,2073,2119,2120
Partition 45	2064,2125,2126,2182,2188
Partition 46	2200
Partition 47	2121,2122,2123
Partition 48	2185,2199,2124,2183,2184
Partition 49	2187,2189
Partition 50	2191,2190
Partition 51	2196,2197,2198
Partition 52	2186,2192,2193,2194,2195
path	5
T	17
cut	89
Partition 1	2146,2147,2145,2148
Partition 2	2063,2099,2100
Partition 3	2144,2094,2095
Partition 4	2168,2153,2150,2151,2152
Partition 7	2138,2140,2141,2149,2089
Partition 8	2129,2130,2143,2139,2068
Partition 10	2142,2076
Partition 11	2066,2131,2132
Partition 12	2133,2135,2134,2136,2137
Partition 13	2069,2111
Partition 14	2109,2108
Partition 17	2080,2081,2085,2084,2086
Partition 18	2087,2088,2082,2083,2062
Partition 20	2097,2098,2104,2105,2106
Partition 21	2102,2103,2101
Partition 23	2078,2091,2092,2093,2107
Partition 24	2065,2096,2075
Partition 25	2079,2077,2090,2067
Partition 26	2162
Partition 28	2070,2161,2163,2165
Partition 30	2156,2155,2159,2157,2074
Partition 31	2072,2158,2160
Partition 34	2127,2128,2174,2173,2177
Partition 35	2176,2175,2178
Partition 36	2164,2166,2170,2169,2172
Partition 38	2167,2154,2171
Partition 39	2116,2117
Partition 40	2112,2113,2110
Partition 41	2114,2071,2115
Partition 42	2121,2122,2123
Partition 43	2118,2073,2119,2120
Partition 44	2180,2179,2181
Partition 45	2064,2125,2126,2182,2188
Partition 46	2185,2199,2200,2183,2184
Partition 47	2124
Partition 49	2187,2189
Partition 50	2191,2190
Partition 51	2196,2197,2198
Partition 52	2186,2192,2193,2194,2195
path	6
T	14
cut	90
Partition 1	2146,2147,2145,2148
Partition 2	2063,2099,2100
Partition 3	2094,2095
Partition 4	2141,2149,2150,2151,2152
Partition 5	2088,2089
Partition 6	2142,2129,2143,2144,2068
Partition 7	2138,2140
Partition 8	2130,2139
Partition 10	2066,2131,2076
Partition 11	2137
Partition 12	2132,2133,2135,2134,2136
Partition 14	2069,2111,2087,2109,2108
Partition 16	2085,2086
Partition 17	2065,2079,2080,2081,2084
Partition 18	2082,2083,2062
Partition 20	2096,2097,2098,2104,2105
Partition 21	2102,2103,2101
Partition 23	2090,2092,2093,2107,2106
Partition 25	2077,2078,2091,2075,2067
Partition 26	2072,2156,2155,2159,2074
Partition 28	2070,2161,2163,2162,2165
Partition 29	2164,2166
Partition 31	2158,2157,2160
Partition 32	2128,2174,2173,2175,2177
Partition 35	2127,2114,2071,2115,2176
Partition 36	2170,2169,2153,2154,2172
Partition 38	2167,2168,2171
Partition 39	2116,2117
Partition 40	2112,2113,2110
Partition 42	2121,2122,2123
Partition 43	2118,2073,2119
Partition 44	2120,2180,2179,2181,2178
Partition 45	2064,2125,2126
Partition 46	2199,2200,2184
Partition 48	2124,2183,2182
Partition 49	2185,2186,2187,2189,2188
Partition 51	2196,2194,2195,2197,2198
Partition 52	2192,2191,2193,2190
path	7
T	18
cut	90
Partition 1	2147,2145,2148,2141,2149
Partition 3	2094,2095
Partition 4	2144,2153,2150,2151,2152
Partition 5	2063,2088,2099,2089,2100
Partition 6	2129,2146,2068
Partition 7	2138,2140
Partition 8	2130,2139,2076
Partition 11	2066,2131,2132,2133,2135
Partition 12	2142,2143,2134,2136,2137
Partition 13	2069,2111
Partition 14	2109,2108
Partition 16	2065
Partition 17	2079,2080,2081,2085,2084
Partition 18	2086,2087,2082,2083,2062
Partition 19	2090,2092,2093,2107,2106
Partition 20	2096,2097,2098,2104,2105
Partition 21	2077,2102,2103,2101,2067
Partition 22	2078,2091,2075
Partition 28	2070,2161,2163,2162,2165
Partition 29	2164,2166
Partition 30	2156,2155,2159,2157,2074
Partition 31	2072,2158,2160
Partition 33	2120,2174,2179,2173,2177
Partition 35	2127,2128,2176,2175,2178
Partition 36	2170,2169,2154,2172
Partition 38	2167,2168,2171
Partition 39	2116,2117
Partition 40	2112,2113,2110
Partition 41	2114,2071,2115
Partition 42	2121,2122
Partition 43	2118,2073,2119
Partition 44	2180,2181
Partition 45	2064,2125,2126
Partition 46	2199,2200,2184
Partition 48	2185,2124,2183,2182,2123
Partition 49	2192,2187,2189,2190,2188
Partition 51	2196,2197,2198
Partition 52	2186,2191,2193,2194,2195
path	8
T	26
cut	91
Partition 0	2085
Partition 1	2146,2147,2145,2148
Partition 2	2099,2100
Partition 3	2144,2094,2095
Partition 4	2153,2154,2150,2151,2152
Partition 7	2138,2140,2141,2149,2089
Partition 8	2129,2130,2139,2076,2068
Partition 9	2131,2132
Partition 10	2066,2142,2192,2143,2193
Partition 12	2133,2135,2134,2136,2137
Partition 13	2069,2111,2127
Partition 16	2081,2084,2086,2087,2109
Partition 17	2079,2080
Partition 18	2063,2088,2082,2083,2062
Partition 20	2097,2098,2104,2105,2106
Partition 21	2102,2103,2101
Partition 22	2077,2078,2091,2067
Partition 23	2090,2092,2093,2107,2108
Partition 24	2065,2096,2075
Partition 26	2156,2155,2159
Partition 29	2070,2161,2163,2164,2166
Partition 31	2072,2158,2157,2160,2074
Partition 32	2174,2173,2177
Partition 33	2120,2180,2179,2181
Partition 35	2128,2176,2175,2178
Partition 36	2170,2169,2172
Partition 38	2162,2165,2167,2168,2171
Partition 39	2116,2117
Partition 40	2112,2113,2110
Partition 41	2114,2071,2115
Partition 42	2121,2122,2123
Partition 43	2118,2073,2119
Partition 45	2064,2125,2126,2188
Partition 46	2199,2200
Partition 48	2185,2124,2183,2184,2182
Partition 49	2187,2189
Partition 50	2191,2190
Partition 51	2196,2194,2197,2198
Partition 52	2186,2195
path	9
T	15
cut	93
Partition 0	2063,2088,2099,2089,2062
Partition 1	2146,2147,2145,2148
Partition 3	2094,2095
Partition 4	2149,2153,2150,2151,2152
Partition 6	2142,2129,2130,2143,2144
Partition 7	2138,2139,2140,2141
Partition 9	2068
Partition 10	2076
Partition 11	2131,2132
Partition 12	2133,2135,2134,2136,2137
Partition 13	2069,2111
Partition 14	2109,2108
Partition 15	2085,2086,2087,2082,2083
Partition 16	2079,2080
Partition 17	2081,2084
Partition 19	2107,2106
Partition 20	2097,2098,2100,2104,2105
Partition 21	2102,2103,2101
Partition 23	2090,2091,2092,2093
Partition 24	2065,2096,2075
Partition 25	2077,2078,2067
Partition 26	2156,2155,2159
Partition 27	2162,2165
Partition 28	2070,2161,2163,2164,2166
Partition 30	2072,2158,2157,2160,2074
Partition 32	2128,2173,2175
Partition 33	2127,2120,2174,2179,2177
Partition 35	2176,2178
Partition 36	2170,2169,2154,2172
Partition 38	2167,2168,2171
Partition 39	2116,2117
Partition 40	2112,2113,2110
Partition 41	2114,2071,2115
Partition 42	2121,2122,2123
Partition 43	2118,2073,2119
Partition 45	2064,2125,2126,2188
Partition 46	2199,2200,2184
Partition 48	2185,2186,2124,2183,2182
Partition 49	2187,2189,2180,2181
Partition 51	2196,2194,2195,2197,2198
Partition 52	2066,2192,2191,2193,2190
path	10
T	17
cut	91
Partition 1	2146,2147,2145,2148
Partition 2	2063,2099,2100
Partition 3	2094,2095
Partition 4	2153,2154,2150,2151,2152
Partition 5	2138,2140,2141,2149
Partition 6	2129,2130,2068
Partition 9	2066,2131,2132
Partition 10	2142,2143,2139,2144,2076
Partition 12	2133,2135,2134,2136,2137
Partition 13	2069,2111
Partition 15	2087,2082,2083,2109,2108
Partition 16	2075
Partition 17	2065,2079,2080,2081,2084
Partition 18	2085,2086,2088,2089,2062
Partition 20	2096,2097,2098,2104,2105
Partition 21	2102,2103,2101
Partition 22	2077,2078,2091,2067
Partition 23	2090,2092,2093,2107,2106
Partition 26	2156,2155,2159,2074
Partition 28	2070,2161,2163,2162,2165
Partition 30	2072
Partition 31	2158,2157,2160
Partition 32	2127,2128,2174,2173,2175
Partition 35	2176,2178
Partition 36	2164,2166,2170,2169,2172
Partition 38	2167,2168,2171
Partition 39	2116,2117
Partition 40	2112,2113,2110
Partition 41	2114,2071,2115
Partition 42	2121,2122,2123
Partition 43	2118,2073,2119,2120
Partition 44	2180,2179,2181,2177
Partition 45	2064,2125,2126,2182,2188
Partition 46	2185,2199,2200,2183,2184
Partition 48	2124
Partition 49	2187,2189
Partition 50	2191,2190
Partition 51	2196,2197,2198
Partition 52	2186,2192,2193,2194,2195
