path	1
T	13
cut	54
Partition 0	3584,3585,3531,3532
Partition 1	3586,3587,3588
Partition 2	3524,3574,3575,3576
Partition 3	3572,3573,3566,3565,3577,3520
Partition 4	3561,3559
Partition 5	3562,3558
Partition 6	3542,3541,3526,3544
Partition 7	3540,3523
Partition 8	3567,3568
Partition 9	3528,3529,3527,3530,3564,3570,3569
Partition 10	3589,3590,3591
Partition 11	3594,3595,3592,3593
Partition 12	3535,3578
Partition 13	3580,3583,3581,3582
Partition 15	3571,3596,3597
Partition 16	3539,3525,3533,3538
Partition 17	3555,3554,3521,3556,3598
Partition 18	3563
Partition 19	3548,3549,3553,3552
Partition 20	3543,3546,3547
Partition 21	3579
Partition 23	3560
Partition 27	3557
Partition 28	3534,3536,3537
Partition 29	3550,3551
Partition 30	3522
Partition 31	3545
path	2
T	19
cut	54
Partition 0	3584,3585,3533,3531,3532
Partition 1	3586,3587,3588
Partition 2	3560,3561,3559,3577,3576,3520
Partition 4	3524,3574,3579,3575,3580,3550,3551
Partition 5	3558
Partition 6	3540
Partition 7	3542,3541
Partition 8	3567,3568,3564,3566,3570,3569
Partition 9	3528,3529,3527,3530
Partition 10	3589,3590,3591
Partition 11	3583,3594,3595,3592,3593
Partition 12	3534,3535,3536
Partition 13	3582
Partition 14	3578
Partition 15	3571,3596,3597
Partition 16	3537,3522,3539,3538
Partition 17	3555,3554,3521,3556,3598
Partition 19	3548,3549,3553,3552
Partition 20	3543,3545,3546,3547
Partition 23	3573
Partition 24	3572
Partition 25	3581
Partition 27	3565
Partition 28	3526,3544
Partition 30	3557,3523
Partition 31	3562,3525,3563
path	3
T	18
cut	60
Partition 0	3590,3586,3591,3587,3592,3588,3593
Partition 2	3568,3565
Partition 4	3560,3561,3544
Partition 5	3536
Partition 6	3542,3541,3526,3557
Partition 7	3528,3529
Partition 8	3562,3563,3564,3570,3569,3558
Partition 9	3527,3530
Partition 10	3589
Partition 12	3581
Partition 14	3583,3594,3595
Partition 15	3571,3596,3597
Partition 16	3537,3539,3555,3525,3533,3538
Partition 19	3535,3578,3549,3553,3554,3552
Partition 20	3545,3546,3547
Partition 23	3559,3520
Partition 25	3550,3551
Partition 26	3598
Partition 27	3574
Partition 28	3579
Partition 29	3524,3584,3585
Partition 31	3548
Partition 32	3580
Partition 36	3534
Partition 38	3573
Partition 41	3575,3577,3576,3582
Partition 42	3556
Partition 43	3572
Partition 47	3521
Partition 49	3522,3567,3540,3566,3523
Partition 50	3543
Partition 51	3531,3532
path	4
T	24
cut	60
Partition 0	3561,3522,3567,3562,3525,3563,3558
Partition 1	3584,3585
Partition 2	3524,3560,3572,3573,3586,3587,3577
Partition 3	3574
Partition 5	3528,3542,3529,3530,3540,3541,3523
Partition 6	3557
Partition 7	3536,3537,3521,3556
Partition 8	3569
Partition 9	3566
Partition 10	3589,3590,3591
Partition 11	3594,3595,3592,3593
Partition 12	3550,3551
Partition 13	3579,3580,3578,3583,3581,3582
Partition 14	3527
Partition 15	3598,3597
Partition 17	3539,3555,3571,3596
Partition 18	3533,3538
Partition 19	3548,3549,3553,3552
Partition 20	3543,3545,3546,3547
Partition 22	3534,3520
Partition 25	3568,3565
Partition 26	3564
Partition 29	3575
Partition 32	3559
Partition 34	3570
Partition 37	3588
Partition 38	3535
Partition 39	3526,3531,3544,3532
Partition 41	3576
Partition 43	3554
path	5
T	19
cut	61
Partition 0	3533,3587,3588,3532
Partition 1	3586
Partition 2	3584,3585,3531
Partition 4	3548,3573,3549,3522,3539,3577,3576
Partition 5	3536,3537,3538
Partition 6	3540,3541
Partition 7	3528,3529,3565,3526,3557,3523
Partition 8	3594,3568,3595,3570,3569,3571,3596
Partition 9	3534
Partition 10	3589,3590,3591
Partition 11	3592,3593
Partition 13	3535,3580,3578,3581,3582
Partition 14	3553,3552,3550,3551
Partition 15	3597
Partition 17	3521
Partition 18	3562,3525,3563
Partition 20	3543,3545,3546,3547,3544
Partition 21	3520
Partition 22	3524,3574
Partition 23	3561,3559
Partition 26	3560
Partition 28	3572
Partition 31	3542
Partition 32	3554
Partition 34	3583
Partition 35	3579
Partition 36	3567,3566
Partition 39	3558
Partition 42	3527,3530,3564
Partition 45	3575
Partition 47	3555,3556,3598
path	6
T	11
cut	59
Partition 0	3584,3585
Partition 1	3586,3587,3588
Partition 2	3575,3576
Partition 3	3572,3573,3566,3565,3577,3520
Partition 4	3561,3559
Partition 5	3562,3558
Partition 6	3542,3541,3526,3544
Partition 7	3540,3523
Partition 8	3567,3568
Partition 9	3528,3529,3527,3530,3564
Partition 10	3589,3590,3591
Partition 11	3594,3595,3592,3593
Partition 12	3535,3578
Partition 13	3580,3583,3581,3582
Partition 15	3571,3596,3597
Partition 16	3533,3538
Partition 17	3539,3555,3554,3521,3556,3598
Partition 18	3563
Partition 19	3548,3549,3553,3552
Partition 20	3543,3546,3547
Partition 21	3574
Partition 27	3557
Partition 28	3534,3536,3537
Partition 29	3550,3551
Partition 30	3522
Partition 31	3545
Partition 32	3525
Partition 33	3569
Partition 34	3570
Partition 36	3524,3560,3579
Partition 39	3531
Partition 41	3532
path	7
T	13
cut	55
Partition 0	3584,3585
Partition 1	3586,3587,3588
Partition 2	3560,3561,3559
Partition 4	3524,3574,3579,3575,3580,3550,3551
Partition 5	3558
Partition 6	3540
Partition 7	3542,3541,3526,3531,3557
Partition 8	3567,3568,3564,3566,3570,3569
Partition 9	3528,3529,3527,3530
Partition 10	3589,3590,3591,3525
Partition 11	3583,3594,3595,3592,3593
Partition 12	3534,3535,3536
Partition 13	3582
Partition 14	3578
Partition 15	3571,3596,3597
Partition 16	3537,3522,3539,3538
Partition 17	3555,3554,3521,3556,3598
Partition 19	3548,3549,3553,3552
Partition 20	3543,3545,3546,3547
Partition 24	3572,3573,3520
Partition 25	3581
Partition 27	3565
Partition 28	3544
Partition 30	3523
Partition 31	3562,3563,3577,3576
Partition 34	3533
Partition 35	3532
path	8
T	14
cut	59
Partition 0	3589,3590,3591,3587,3592,3588,3593
Partition 2	3568,3565
Partition 5	3536
Partition 6	3557
Partition 7	3524,3528,3579,3529,3540,3541,3523
Partition 8	3564,3570,3569
Partition 9	3527,3530
Partition 12	3581
Partition 14	3583,3594,3595
Partition 15	3571,3596,3597
Partition 16	3537,3539,3555,3525,3533,3538
Partition 19	3580,3578,3549,3553,3554,3552
Partition 20	3545,3546,3547
Partition 23	3561,3559
Partition 25	3550,3551
Partition 26	3598
Partition 27	3574
Partition 29	3584,3585
Partition 31	3542,3548
Partition 36	3534,3535
Partition 38	3573
Partition 41	3575,3577,3576,3582
Partition 42	3556
Partition 47	3521
Partition 49	3522,3567,3566
Partition 50	3543
Partition 51	3572,3586,3531,3532,3520
Partition 52	3526,3544
Partition 56	3560
Partition 57	3563
Partition 58	3562,3558
path	9
T	12
cut	62
Partition 0	3561,3522,3567,3562,3525,3563,3558
Partition 1	3584,3585
Partition 2	3524,3560,3572,3573,3586,3587,3577
Partition 3	3574
Partition 5	3528,3542,3529,3530,3540,3541,3523
Partition 6	3557
Partition 7	3521,3556
Partition 8	3569
Partition 9	3566
Partition 10	3589,3590,3591
Partition 11	3594,3595,3592,3593
Partition 12	3550,3551
Partition 13	3580,3583,3581,3582
Partition 14	3527
Partition 15	3571,3596,3598,3597
Partition 17	3539,3555
Partition 18	3537,3533,3538
Partition 19	3548,3549,3553,3552
Partition 20	3543,3545,3546,3547
Partition 22	3534,3520
Partition 25	3565
Partition 26	3564
Partition 29	3575
Partition 32	3559
Partition 34	3570
Partition 37	3588
Partition 38	3535
Partition 39	3526,3531,3544,3532
Partition 41	3576
Partition 43	3554
Partition 45	3568
Partition 50	3536
Partition 52	3578
Partition 53	3579
path	10
T	1
cut	59
Partition 0	3525,3533,3587,3588,3532
Partition 1	3586
Partition 2	3584,3585
Partition 4	3548,3573,3549,3522,3539,3577,3576
Partition 5	3536,3537,3538
Partition 6	3540,3541
Partition 7	3528,3529,3565,3526,3557,3523
Partition 8	3594,3568,3595,3570,3569,3571,3596
Partition 9	3534
Partition 10	3589,3590,3591
Partition 11	3592,3593
Partition 13	3535,3580,3578,3581,3582
Partition 14	3553,3552,3550,3551
Partition 15	3597
Partition 17	3521
Partition 18	3562,3563
Partition 20	3543,3545,3546,3547,3544
Partition 22	3524,3572,3574,3575
Partition 23	3559
Partition 26	3560
Partition 31	3542
Partition 32	3554
Partition 34	3583
Partition 35	3579
Partition 36	3567,3566
Partition 39	3561
Partition 42	3527,3530,3564
Partition 47	3555,3556,3598
Partition 50	3531,3558,3520
