path	1
T	12
cut	65
Partition 0	3567,3548,3531,3524,3544
Partition 1	3553
Partition 2	3527,3604,3605,3597,3555,3554
Partition 3	3590,3591,3592
Partition 4	3522,3530,3537
Partition 5	3541
Partition 6	3585,3584,3583
Partition 7	3576,3577,3582
Partition 8	3586,3579,3580,3581,3587
Partition 9	3549,3550,3551,3552
Partition 10	3558,3559,3560,3557
Partition 11	3528,3578
Partition 12	3566,3533
Partition 13	3526,3573,3589,3588
Partition 14	3562,3613,3561,3612
Partition 15	3609,3606,3607,3608
Partition 16	3610,3611,3603
Partition 17	3596,3599,3598
Partition 18	3543,3570,3565,3571
Partition 19	3525,3574,3575
Partition 20	3534,3535,3563,3564,3529,3520
Partition 21	3539,3542,3540
Partition 22	3593,3594,3595,3568
Partition 23	3545,3547,3546
Partition 24	3532
Partition 25	3572
Partition 28	3536
Partition 31	3600,3601,3602
Partition 32	3569
Partition 33	3556
Partition 34	3521
Partition 35	3523
Partition 37	3538
path	2
T	9
cut	63
Partition 0	3521,3567,3531,3524
Partition 1	3553,3604,3605,3525
Partition 2	3527,3597,3555,3554
Partition 3	3591,3592
Partition 4	3522,3530,3537
Partition 5	3523,3538,3541,3590,3543,3565
Partition 6	3585,3584,3583
Partition 7	3576,3577,3582
Partition 8	3586,3579,3580,3581,3587
Partition 9	3549,3550,3551,3548,3552,3557
Partition 10	3558,3559,3560
Partition 11	3528,3578
Partition 12	3566,3572,3533
Partition 13	3526,3573,3589,3588
Partition 14	3562,3613,3561,3612
Partition 15	3609,3606,3607,3608
Partition 16	3610,3611,3603
Partition 17	3599,3598,3600,3601
Partition 18	3569,3570,3571
Partition 19	3574,3575
Partition 20	3534,3535,3563,3564,3529,3520
Partition 21	3539,3542,3540
Partition 22	3594,3595,3568
Partition 23	3545,3547,3546
Partition 25	3536
Partition 26	3596
Partition 27	3532
Partition 29	3602
Partition 30	3593
Partition 32	3544
Partition 33	3556
path	3
T	12
cut	60
Partition 0	3521,3567,3531,3524
Partition 1	3553,3604,3605,3525,3574
Partition 2	3527,3597,3555,3554
Partition 3	3591,3592
Partition 4	3537,3536
Partition 5	3523,3538,3541,3590
Partition 6	3522,3585,3584,3583
Partition 7	3576,3577,3582
Partition 8	3586,3579,3580,3581,3587
Partition 9	3549,3550,3551,3552
Partition 10	3558,3559,3560,3557,3556
Partition 11	3528,3578
Partition 12	3566,3572,3533
Partition 13	3526,3573,3589,3588
Partition 14	3562,3613,3561,3612
Partition 15	3609,3606,3607,3608
Partition 16	3610,3611,3603
Partition 17	3599,3598,3600,3601
Partition 18	3543,3570,3565,3571
Partition 19	3532,3596,3575
Partition 20	3530,3534,3563,3564,3529,3544,3520
Partition 21	3539,3542,3540
Partition 22	3593,3594,3595,3568
Partition 23	3545,3547,3546
Partition 24	3535
Partition 28	3602
Partition 29	3569
Partition 31	3548
path	4
T	11
cut	62
Partition 0	3521,3567,3531,3524
Partition 1	3553,3604,3605,3525
Partition 2	3527,3528,3529,3597,3555,3554,3598
Partition 3	3592
Partition 4	3522,3530,3537,3536
Partition 5	3523,3538,3541,3590
Partition 6	3585,3584,3583
Partition 7	3576,3577,3582
Partition 8	3586,3579,3580,3581,3587
Partition 9	3549,3550,3551,3552
Partition 10	3558,3559,3560,3557
Partition 11	3578
Partition 12	3566,3572,3533
Partition 13	3526,3573,3589,3588
Partition 14	3562,3613,3561,3612
Partition 15	3609,3606,3607,3608
Partition 16	3610,3611,3603
Partition 17	3600,3601,3602
Partition 18	3543,3570,3565,3571
Partition 19	3596,3574,3575
Partition 20	3534,3535,3593,3563,3564,3544,3520
Partition 21	3539,3542,3540
Partition 22	3594,3595,3568
Partition 23	3545,3547,3546
Partition 26	3532
Partition 28	3569
Partition 30	3591
Partition 32	3599
Partition 33	3548
Partition 34	3556
path	5
T	11
cut	67
Partition 0	3521,3567,3531,3524
Partition 1	3553,3604,3605,3525
Partition 2	3527,3597,3555,3554,3556
Partition 3	3591,3592
Partition 4	3522,3530,3537
Partition 5	3538
Partition 6	3585,3584,3583
Partition 7	3576,3577,3582
Partition 8	3586,3579,3580,3581,3587
Partition 9	3549,3550,3551,3552
Partition 10	3558,3559,3560,3557
Partition 11	3528,3578
Partition 12	3566,3572,3532,3533
Partition 13	3526,3573,3589,3588
Partition 14	3562,3613,3561,3612
Partition 15	3609,3523,3541,3606,3607,3608
Partition 16	3610,3611,3603
Partition 17	3600,3601,3602
Partition 18	3543,3570,3565,3571
Partition 19	3596,3574,3575
Partition 20	3534,3535,3563,3520
Partition 21	3539,3542,3540
Partition 22	3594,3595
Partition 23	3547,3546
Partition 25	3569
Partition 28	3529
Partition 29	3590
Partition 30	3564
Partition 31	3536
Partition 32	3599,3598
Partition 33	3568
Partition 35	3548
Partition 36	3545
Partition 38	3593
Partition 39	3544
path	6
T	11
cut	65
Partition 0	3521,3567,3531
Partition 1	3604,3605
Partition 2	3527,3528,3529,3597,3555,3554,3598
Partition 3	3592
Partition 4	3522,3530,3537
Partition 5	3538
Partition 6	3585,3584,3583
Partition 7	3576,3577,3582
Partition 8	3586,3579,3580,3581,3587
Partition 9	3549,3550,3551,3552
Partition 10	3558,3559,3560,3557
Partition 11	3578
Partition 12	3566,3572,3533
Partition 13	3526,3573,3589,3588
Partition 14	3562,3613,3561,3612
Partition 15	3609,3606,3607,3608
Partition 16	3610,3611,3603
Partition 17	3600,3601,3602
Partition 18	3543,3570,3565,3571
Partition 19	3596,3525,3574,3575
Partition 20	3534,3535,3593,3563,3564,3544,3520
Partition 21	3539,3542,3540
Partition 22	3594,3595,3568
Partition 23	3545,3547,3546
Partition 26	3532
Partition 28	3569
Partition 30	3590,3591
Partition 32	3599
Partition 33	3548
Partition 34	3556
Partition 35	3536
Partition 37	3523,3541,3524
Partition 41	3553
path	7
T	15
cut	69
Partition 0	3567
Partition 1	3604,3605
Partition 2	3597,3555,3554,3556
Partition 3	3591,3592
Partition 4	3522,3530,3537
Partition 5	3538
Partition 6	3585,3584,3583
Partition 7	3576,3577,3582
Partition 8	3586,3579,3580,3581,3587
Partition 9	3549,3550,3551,3552
Partition 10	3558,3559,3560,3557
Partition 11	3527,3528,3529,3578,3524
Partition 12	3566,3572,3532,3533
Partition 13	3526,3573,3589,3588
Partition 14	3562,3613,3561,3612
Partition 15	3609,3606,3607,3608
Partition 16	3610,3611,3603
Partition 17	3600,3601,3602
Partition 18	3543,3570,3565,3571
Partition 19	3596,3574,3575
Partition 20	3534,3535,3563,3520
Partition 21	3539,3542,3540
Partition 22	3594,3595
Partition 23	3547,3546
Partition 25	3569
Partition 30	3564
Partition 31	3536,3548,3531
Partition 32	3599,3598
Partition 33	3568
Partition 36	3545
Partition 38	3593
Partition 39	3544
Partition 41	3541
Partition 42	3523
Partition 44	3521
Partition 46	3553
Partition 47	3590,3525
