path	1
T	13
cut	37
Partition 0	1664,1671,1672
Partition 1	1706,1707
Partition 3	1692,1693
Partition 4	1662,1679,1680,1667
Partition 5	1691,1690
Partition 6	1699,1700,1701,1702
Partition 7	1695,1696,1708,1697,1709,1670
Partition 8	1704,1703,1712,1710,1711
Partition 9	1685,1686,1681,1682,1665
Partition 10	1674,1677,1675,1673,1676
Partition 11	1663,1698
Partition 13	1687
Partition 14	1684
Partition 15	1668
Partition 16	1683
Partition 17	1669
Partition 18	1705,1666
Partition 21	1688
Partition 23	1678
Partition 24	1689
Partition 25	1694
path	2
T	5
cut	28
Partition 0	1664,1671,1681,1672
Partition 1	1705,1706,1666
Partition 2	1682,1683
Partition 3	1694,1692,1693,1674,1673
Partition 4	1662,1679,1669,1689,1680,1667,1684
Partition 5	1691,1690
Partition 6	1663,1698,1699,1700,1701,1702
Partition 7	1695,1696,1697,1670
Partition 9	1685,1686,1687,1665
Partition 10	1677,1675,1676
Partition 11	1688,1712,1711
Partition 13	1668
Partition 14	1708,1704,1709,1707,1703,1710
Partition 16	1678
path	3
T	11
cut	37
Partition 0	1668,1682,1683
Partition 1	1705,1706,1666
Partition 2	1664,1671,1681,1675,1676
Partition 4	1662,1679,1680,1667
Partition 5	1692
Partition 6	1701
Partition 7	1695,1696,1708,1697
Partition 8	1694
Partition 9	1685,1686,1688,1687,1684
Partition 10	1704,1709,1702,1703,1712,1710,1711
Partition 11	1674,1677
Partition 14	1665
Partition 15	1693,1699,1700,1673
Partition 16	1678
Partition 17	1672
Partition 18	1691
Partition 21	1689,1690
Partition 22	1669,1670
Partition 23	1663,1698
Partition 24	1707
path	4
T	13
cut	36
Partition 0	1705,1664,1671,1672,1673,1666
Partition 3	1689
Partition 4	1685,1683,1669,1670,1680,1667,1684
Partition 6	1699,1700,1701,1702
Partition 7	1663,1698,1695,1696,1697
Partition 8	1708,1704,1709,1703
Partition 9	1686,1687,1665
Partition 10	1691,1694,1677,1662,1675,1676,1690
Partition 11	1678,1688,1712,1710,1711
Partition 13	1679
Partition 14	1692
Partition 15	1668
Partition 16	1681,1682
Partition 19	1707
Partition 21	1706
Partition 24	1693
Partition 25	1674
path	5
T	12
cut	32
Partition 0	1692,1664,1671,1681
Partition 1	1705,1706,1679,1680,1666
Partition 2	1682,1683
Partition 3	1668,1674,1672,1673
Partition 6	1699,1700,1701,1702
Partition 7	1695,1696,1697,1670
Partition 8	1708,1704,1709,1703,1710,1711
Partition 9	1685,1686,1665
Partition 10	1677,1662,1675,1676
Partition 11	1663,1678,1698,1688
Partition 13	1667
Partition 14	1684
Partition 18	1687
Partition 20	1707
Partition 21	1669,1689
Partition 24	1691,1694,1693,1690
Partition 25	1712
