cut	46
Partition 0	7547,7491,7511
Partition 1	7512,7510,7513
Partition 2	7546,7514,7515
Partition 3	7550,7508,7507
Partition 4	7509,7521,7494
Partition 5	7522,7523,7524
Partition 6	7549,7496
Partition 7	7561,7560,7556,7559
Partition 8	7548,7557,7558
Partition 9	7551,7554,7555
Partition 10	7542,7543,7544
Partition 11	7545,7540,7539
Partition 12	7526,7527,7530
Partition 13	7532,7533,7534
Partition 14	7537,7536,7535
Partition 15	7493,7503,7525
Partition 16	7490,7531,7553
Partition 17	7505,7506,7504
Partition 18	7500,7495
Partition 19	7541,7552,7538
Partition 20	7497,7528,7520,7529
Partition 21	7498,7499,7501,7502
Partition 22	7563,7519,7562,7492
Partition 23	7518,7516,7517
