path	1
T	8
cut	17
Partition 0	3529,3522,3530,3520
Partition 1	3521,3534,3535,3533
Partition 2	3531,3554,3555,3553
Partition 3	3525,3536,3542,3543
Partition 4	3545,3546,3544,3523
Partition 5	3547,3548,3549
Partition 6	3528,3527
Partition 7	3538,3540,3541
Partition 10	3526,3537,3539,3532,3524
Partition 11	3550,3551,3552
path	2
T	5
cut	17
Partition 0	3529,3522,3530,3520
Partition 1	3521,3534,3535,3536,3533
Partition 2	3531,3554,3555,3552,3553
Partition 3	3542,3541,3543
Partition 4	3545,3546,3537,3544,3523
Partition 5	3547,3548,3525,3528
Partition 6	3524,3527
Partition 7	3538,3540
Partition 8	3526,3539
Partition 9	3532
Partition 10	3550,3549,3551
path	3
T	8
cut	18
Partition 0	3529,3522,3530,3520
Partition 1	3534,3535,3533
Partition 2	3531,3554,3555,3552,3553
Partition 3	3542,3543
Partition 4	3545,3546,3537,3544,3523
Partition 5	3547,3548,3549
Partition 6	3525,3528,3524,3527
Partition 7	3538,3540,3541
Partition 8	3526,3539
Partition 10	3521,3550,3551
Partition 11	3532,3536
path	4
T	8
cut	20
Partition 0	3529,3522,3530,3520
Partition 1	3536
Partition 2	3554,3555,3552,3553
Partition 3	3550,3551
Partition 4	3545,3546,3544,3523
Partition 5	3547,3548,3549
Partition 6	3539,3532,3524,3527
Partition 7	3526,3537,3538
Partition 8	3525
Partition 9	3540,3541
Partition 10	3528
Partition 11	3521,3534,3535,3533
Partition 12	3531,3542,3543
path	5
T	6
cut	18
Partition 0	3529,3522,3530,3520
Partition 1	3521,3534,3535,3533
Partition 2	3531,3554,3555,3553
Partition 3	3540,3542,3541,3543,3552
Partition 4	3545,3537,3544,3523
Partition 5	3547,3548,3549
Partition 6	3546,3525,3528,3527
Partition 8	3526,3539,3532,3536,3524
Partition 9	3538
Partition 10	3550
Partition 12	3551
