path	1
T	4
cut	11
Partition 0	799,801,798,809,811
Partition 1	814,808,812,813
Partition 2	823,815,810,822,816
Partition 3	800,802,821,820
Partition 4	797,807,796,818,819
Partition 5	804,805,817,803,806
path	2
T	4
cut	11
Partition 0	799,801,798,809,811
Partition 1	814,808,812,813
Partition 2	823,815,810,822,816
Partition 3	800,802,821,820
Partition 4	797,807,796,818,819
Partition 5	804,805,817,803,806
path	3
T	4
cut	11
Partition 0	799,801,798,809,811
Partition 1	814,808,812,813
Partition 2	823,815,810,822,816
Partition 3	800,802,821,820
Partition 4	797,807,796,818,819
Partition 5	804,805,817,803,806
path	4
T	4
cut	11
Partition 0	799,801,798,809,811
Partition 1	814,808,812,813
Partition 2	823,815,810,822,816
Partition 3	800,802,821,820,806,803
Partition 4	797,807,796,818,819
Partition 5	804,805,817
path	5
T	4
cut	11
Partition 0	799,801,798,809,811
Partition 1	814,808,812,813
Partition 2	823,815,810,822,816
Partition 3	800,802,803,806
Partition 4	797,807,796,818,819,820,821
Partition 5	804,805,817
path	6
T	4
cut	11
Partition 0	799,801,798,809,811
Partition 1	814,808,812,813
Partition 2	823,815,810,822,816
Partition 3	800,802,821,820,803,806
Partition 4	797,807,796,818,819
Partition 5	804,805,817
path	7
T	4
cut	11
Partition 0	799,801,798,809,811
Partition 1	814,808,812,813
Partition 2	823,815,810,822,816
Partition 3	800,802,821,820,805,806,803
Partition 4	797,807,796,819
Partition 5	804,817,818
path	8
T	4
cut	11
Partition 0	799,801,798,809,811
Partition 1	814,808,812,813
Partition 2	823,815,810,822,816
Partition 3	800,802,821,820,806,803
Partition 4	797,807,796,818,819
Partition 5	804,805,817
path	9
T	4
cut	11
Partition 0	799,801,798,809,811
Partition 1	814,808,812,813
Partition 2	823,815,810,822,816
Partition 3	800,802,821,820
Partition 4	797,807,796,818,819
Partition 5	804,805,817,803,806
path	10
T	4
cut	11
Partition 0	799,801,798,809,811
Partition 1	814,808,812,813
Partition 2	823,815,810,822,816
Partition 3	800,802,821,820,806,803
Partition 4	797,807,796,818,819
Partition 5	804,805,817
