path	1
T	12
cut	75
Partition 0	3557,3613,3616,3612,3617,3618
Partition 1	3610,3611
Partition 2	3537,3538,3609
Partition 3	3540,3581
Partition 4	3554,3555,3556,3583,3582
Partition 5	3547,3530
Partition 6	3577,3600
Partition 8	3542,3546,3548,3523,3544,3545,3549
Partition 9	3543,3608,3614,3607
Partition 11	3574,3575,3576
Partition 12	3621,3622,3623,3624,3619,3620
Partition 13	3586,3558,3559,3568,3584,3585
Partition 14	3569,3572,3573
Partition 15	3570,3562,3551,3520,3553,3552,3550
Partition 16	3596,3597,3598,3534
Partition 17	3560,3561,3563
Partition 18	3592,3593,3603,3594,3595,3604,3605
Partition 19	3590,3591
Partition 20	3526,3527,3535,3528,3525
Partition 21	3532,3533
Partition 22	3571
Partition 23	3587,3588
Partition 24	3602
Partition 27	3566
Partition 28	3536
Partition 30	3601
Partition 31	3567
Partition 32	3589
Partition 33	3541
Partition 34	3578,3579,3599,3580,3615
Partition 36	3564,3529,3606,3565,3522
Partition 37	3521,3539
Partition 38	3531
Partition 40	3524
path	2
T	12
cut	75
Partition 0	3613,3616,3617,3618
Partition 1	3587,3610,3611,3588
Partition 2	3609
Partition 3	3541,3550
Partition 4	3554,3555,3556,3583,3557
Partition 5	3547,3531,3530
Partition 6	3577,3600,3565,3599,3580
Partition 7	3578,3579
Partition 8	3546,3548,3545,3549
Partition 9	3543,3608,3612
Partition 10	3524,3544,3564,3529,3606,3607,3522
Partition 11	3574,3575,3576
Partition 12	3621,3622,3623,3624,3605,3619,3620
Partition 13	3586,3558,3559,3584,3585
Partition 14	3568,3569,3572,3573
Partition 15	3570,3520,3571
Partition 16	3596,3597,3598,3532,3533,3534
Partition 17	3560,3561,3601
Partition 18	3593,3603,3594,3595,3604
Partition 19	3589,3590,3591,3592
Partition 20	3526,3527,3535,3528,3525
Partition 21	3536,3551,3552
Partition 22	3566
Partition 25	3567,3563
Partition 26	3521
Partition 27	3539,3540
Partition 28	3538
Partition 29	3537
Partition 31	3581,3582
Partition 32	3562
Partition 34	3553
Partition 38	3602
Partition 39	3542,3523
Partition 41	3615
Partition 43	3614
path	3
T	13
cut	72
Partition 0	3613,3616,3617,3618
Partition 1	3587,3610,3611,3588
Partition 2	3579,3609
Partition 3	3540,3581
Partition 4	3554,3555,3556,3583,3582
Partition 5	3547,3531,3530
Partition 6	3577,3600,3565,3567,3580
Partition 7	3599,3615
Partition 8	3546,3548,3545,3549
Partition 9	3543,3608,3614,3607
Partition 10	3524,3544,3564,3529,3606,3522
Partition 11	3574,3575,3576,3573
Partition 12	3621,3622,3623,3624,3619,3620
Partition 13	3558,3559,3568,3584,3585
Partition 14	3569,3572
Partition 15	3570,3562,3520,3571
Partition 16	3596,3597,3598,3534
Partition 17	3560,3561,3601,3602
Partition 18	3593,3603,3594,3595,3604,3605
Partition 19	3590,3591,3592
Partition 20	3526,3527,3535,3528,3525
Partition 21	3532,3533,3551,3553,3552,3550
Partition 22	3563
Partition 23	3586
Partition 26	3589
Partition 28	3612
Partition 30	3566
Partition 31	3557
Partition 32	3542,3523
Partition 34	3541,3537,3538
Partition 37	3521,3539,3578
Partition 39	3536
path	4
T	11
cut	74
Partition 0	3613,3616,3612,3617,3618
Partition 1	3610,3611
Partition 2	3537,3538,3609
Partition 3	3540,3541,3581,3587,3550,3588
Partition 4	3554,3555,3556,3583,3582
Partition 5	3531,3530,3599,3615
Partition 6	3577,3600,3565,3567,3580
Partition 7	3521,3578,3579
Partition 8	3546,3548,3545,3549
Partition 9	3543,3608,3614,3607
Partition 10	3524,3544,3564,3529,3606,3522
Partition 11	3574,3575,3576,3573
Partition 12	3621,3622,3623,3624,3619,3620
Partition 13	3558,3559,3568,3584,3585
Partition 15	3570,3562,3569,3589,3520,3571,3572
Partition 16	3596,3597,3598,3534
Partition 17	3560,3561,3601,3602
Partition 18	3593,3603,3594,3595,3604,3605
Partition 20	3526,3527,3535,3525
Partition 21	3532,3533,3586
Partition 22	3563
Partition 23	3592
Partition 25	3591
Partition 26	3590
Partition 27	3566
Partition 28	3557
Partition 29	3547
Partition 30	3539
Partition 32	3536
Partition 34	3551,3552
Partition 35	3553
Partition 36	3528
Partition 37	3542
Partition 39	3523
path	5
T	12
cut	76
Partition 0	3613,3616,3617,3618
Partition 1	3587,3610,3611,3588
Partition 2	3537,3538,3609
Partition 3	3540
Partition 4	3566,3554,3555,3556,3525,3557
Partition 5	3539,3547
Partition 6	3577,3600,3565,3580
Partition 7	3521,3578,3579
Partition 8	3546,3581,3545
Partition 9	3542,3543,3614,3607
Partition 10	3524,3544,3564,3529,3530,3606,3522
Partition 11	3574,3575,3576
Partition 12	3621,3622,3623,3624,3619,3620
Partition 13	3558,3559,3568,3584,3585
Partition 14	3567,3563,3573
Partition 15	3570,3562,3589,3520,3553,3571
Partition 16	3596,3597,3598,3534
Partition 17	3560,3561,3601,3602
Partition 18	3583,3593,3603,3594,3595,3604,3605
Partition 19	3586,3590,3591,3592
Partition 20	3526,3527,3535,3528,3536
Partition 21	3551,3552,3550
Partition 22	3569
Partition 24	3572
Partition 27	3612
Partition 28	3531
Partition 29	3608
Partition 30	3523
Partition 33	3615
Partition 34	3599
Partition 35	3582
Partition 36	3548
Partition 38	3541
Partition 39	3549
Partition 40	3533
Partition 45	3532
