path	1
T	14
cut	75
Partition 2	7569,7549,7526,7550,7497,7571,7570
Partition 3	7564,7559,7568,7563,7572
Partition 6	7498,7499,7545,7562,7547
Partition 7	7509,7510,7513
Partition 8	7574,7540,7541
Partition 9	7546
Partition 10	7515,7516,7557,7502,7503,7517,7518
Partition 12	7548,7575,7580,7579
Partition 13	7523,7576,7496
Partition 14	7577,7578,7524,7493,7521,7522,7525
Partition 15	7490,7506
Partition 17	7544,7583,7567,7585,7584,7554,7586
Partition 18	7494,7555,7495
Partition 19	7553
Partition 20	7551,7552,7560,7561
Partition 21	7542,7543
Partition 22	7520,7519
Partition 23	7537,7538,7539,7536
Partition 24	7590,7591,7592,7593,7594
Partition 25	7588,7589
Partition 26	7529,7530,7531
Partition 28	7533,7534,7535,7532
Partition 29	7504,7505,7581,7508,7582
Partition 34	7527
Partition 35	7514,7492
Partition 36	7501
Partition 38	7573
Partition 39	7558
Partition 42	7587
Partition 43	7595
Partition 44	7507
Partition 45	7565,7566
Partition 46	7556
Partition 47	7512
Partition 48	7491,7500,7511
Partition 49	7528
path	2
T	23
cut	76
Partition 0	7546,7527
Partition 1	7550,7562,7564,7559,7571,7563,7590
Partition 2	7526,7497
Partition 3	7566,7567,7586
Partition 4	7572
Partition 5	7499
Partition 6	7498
Partition 7	7509,7510,7513,7523,7576,7577
Partition 8	7574,7540,7541
Partition 9	7517
Partition 10	7515,7516,7503,7569
Partition 12	7548,7575,7580,7579
Partition 13	7491,7500,7511,7501,7496,7545
Partition 14	7524,7525
Partition 16	7581,7582,7585,7584
Partition 18	7494,7555,7495
Partition 20	7551,7552,7560,7561
Partition 21	7543,7557,7553,7556,7558
Partition 22	7520,7518,7519
Partition 23	7537,7538,7539,7536
Partition 24	7591,7592,7593,7594
Partition 25	7588,7587,7589
Partition 26	7529,7492,7530
Partition 27	7528
Partition 28	7533,7534,7535,7532
Partition 29	7506,7507,7502,7504,7505,7508,7573
Partition 30	7531
Partition 32	7568
Partition 33	7554
Partition 35	7514,7544,7583,7493,7521,7522
Partition 36	7595
Partition 39	7490,7542
Partition 44	7549
Partition 46	7578
Partition 48	7547
Partition 49	7570
Partition 50	7512,7565
path	3
T	15
cut	74
Partition 0	7546
Partition 1	7550,7559
Partition 2	7493,7521,7526,7497
Partition 3	7565,7566
Partition 4	7571,7570,7572
Partition 6	7501,7498,7499,7545,7562
Partition 7	7509,7510,7513,7523,7511,7512,7524
Partition 8	7574,7540,7541,7575
Partition 9	7569
Partition 10	7516,7500,7502,7503,7504,7517
Partition 12	7578,7548,7579
Partition 13	7496
Partition 15	7543,7553
Partition 16	7506,7507,7492
Partition 17	7583,7522,7582,7585,7584,7586,7587
Partition 18	7494,7555,7495
Partition 19	7514,7515,7557,7556,7558
Partition 20	7551,7552,7560,7561
Partition 22	7520,7508,7536,7518,7519
Partition 23	7537,7538,7539,7592
Partition 24	7573,7590,7591
Partition 25	7580,7593,7594,7588,7589,7595
Partition 26	7529,7530,7531
Partition 27	7490,7528,7542
Partition 28	7505,7525,7581,7533,7534,7535,7532
Partition 32	7547
Partition 34	7567,7554
Partition 36	7544
Partition 39	7568
Partition 41	7564
Partition 45	7563
Partition 47	7549
Partition 48	7491
Partition 49	7576,7577
Partition 51	7527
path	4
T	19
cut	76
Partition 0	7546,7545,7547,7548
Partition 1	7521,7522
Partition 2	7493,7549,7526,7527,7550,7531,7497
Partition 3	7565,7566
Partition 4	7571,7572
Partition 5	7501,7564,7559,7563
Partition 6	7498,7499
Partition 7	7523
Partition 8	7574,7540,7541
Partition 9	7569,7570
Partition 10	7515,7513,7516,7502,7503,7504,7517
Partition 11	7583,7584
Partition 12	7575,7580,7579
Partition 13	7491,7511
Partition 14	7509,7510,7576,7577,7578,7496
Partition 15	7542,7544,7543
Partition 16	7581,7582,7585
Partition 17	7586,7587
Partition 18	7494,7555,7556,7495
Partition 19	7557,7558
Partition 20	7562,7551,7552,7560,7561
Partition 21	7567,7554
Partition 22	7520,7518,7519
Partition 23	7537,7538,7539,7536
Partition 24	7591,7592,7593,7594,7595
Partition 25	7588,7589
Partition 26	7529,7492,7530
Partition 27	7490,7528
Partition 28	7533,7534,7535,7532
Partition 29	7507,7505,7508,7573,7590
Partition 30	7506
Partition 32	7514
Partition 35	7568
Partition 36	7553
Partition 38	7524,7525
Partition 39	7500
Partition 44	7512
path	5
T	14
cut	75
Partition 0	7546,7527
Partition 1	7549,7550
Partition 2	7493,7521,7526,7497
Partition 3	7566,7567,7554
Partition 4	7573,7572
Partition 5	7564,7590,7591
Partition 6	7565,7498,7499,7545,7562,7563
Partition 7	7509,7510
Partition 8	7574,7540,7541,7581,7582
Partition 9	7571,7570
Partition 10	7513,7516,7502,7503,7504,7569,7517
Partition 11	7583
Partition 12	7548,7575,7580,7579
Partition 13	7491,7500,7511,7501
Partition 14	7523,7576,7577,7496,7524
Partition 15	7514,7515
Partition 16	7585,7586
Partition 17	7584
Partition 18	7494,7555,7495
Partition 19	7557,7556
Partition 20	7542,7543,7553,7551,7552,7560,7561
Partition 21	7568
Partition 22	7520,7518,7519
Partition 23	7537,7538,7539,7536
Partition 24	7592,7593
Partition 25	7594,7588,7587,7589,7595
Partition 26	7529,7530,7531
Partition 27	7490,7506,7528
Partition 28	7522,7525,7533,7534,7535,7532
Partition 29	7507,7505,7508
Partition 30	7544
Partition 32	7492
Partition 37	7559,7558
Partition 39	7547
Partition 40	7512
Partition 41	7578
path	6
T	12
cut	76
Partition 2	7549,7526,7527,7550,7497,7571,7570
Partition 3	7564,7559,7568,7563,7572
Partition 6	7498,7499,7545,7562,7547
Partition 7	7509,7510,7513
Partition 8	7574,7540,7541
Partition 9	7546
Partition 10	7515,7516,7557,7502,7503,7517,7518
Partition 12	7548,7575,7580,7579
Partition 13	7523,7576,7496
Partition 14	7577,7578,7524,7493,7521,7522,7525
Partition 15	7490,7506
Partition 17	7544,7583,7567,7585,7584,7554,7586
Partition 18	7494,7555,7495
Partition 19	7553
Partition 20	7551,7552,7560,7561
Partition 21	7542,7543
Partition 22	7520,7519
Partition 23	7537,7538,7539,7536
Partition 24	7591,7592,7593,7594
Partition 25	7588,7589
Partition 26	7529,7530,7531
Partition 28	7533,7534,7535,7532
Partition 29	7504,7505,7581,7508,7582
Partition 34	7569
Partition 35	7514,7492
Partition 36	7501
Partition 38	7573
Partition 39	7558
Partition 42	7587
Partition 43	7595
Partition 44	7507
Partition 45	7565,7566
Partition 46	7556
Partition 47	7512
Partition 48	7491,7500,7511
Partition 49	7528
Partition 51	7590
path	7
T	12
cut	78
Partition 0	7527
Partition 1	7550,7562,7564,7559,7571,7563,7558
Partition 2	7526,7497
Partition 3	7567,7586
Partition 5	7498,7499
Partition 6	7545
Partition 7	7576,7577,7578
Partition 8	7540,7541
Partition 10	7515,7516
Partition 12	7548,7575,7580,7579
Partition 13	7491,7500,7511,7501,7512,7496
Partition 14	7524,7525
Partition 16	7581,7582,7585,7584
Partition 18	7494,7555,7495
Partition 20	7551,7552,7560,7561
Partition 21	7557,7556
Partition 22	7520,7518,7519
Partition 23	7537,7538,7539,7536
Partition 24	7591,7592,7593,7594
Partition 25	7588,7587,7589
Partition 26	7529,7492,7530
Partition 27	7528
Partition 28	7533,7534,7535,7532
Partition 29	7506,7507,7502,7504,7505,7508
Partition 30	7531
Partition 33	7553,7554
Partition 35	7514,7544,7583,7493,7521,7522
Partition 36	7595
Partition 39	7490,7542
Partition 44	7549
Partition 46	7510,7513,7574,7517
Partition 48	7547
Partition 49	7569,7570
Partition 50	7565,7568,7566,7572
Partition 53	7573,7590
Partition 55	7523
Partition 56	7509
Partition 57	7503
Partition 61	7546
Partition 63	7543
path	8
T	16
cut	78
Partition 0	7546
Partition 1	7550,7559
Partition 2	7493,7521,7526,7497
Partition 3	7498,7499
Partition 4	7571,7570,7572
Partition 6	7545,7547
Partition 7	7509,7510,7513,7523,7511,7512,7524
Partition 8	7574,7540,7541,7575
Partition 9	7569
Partition 10	7516,7500,7502,7503,7504,7501,7517
Partition 12	7578,7548,7579
Partition 13	7496
Partition 15	7543,7553
Partition 16	7506,7492
Partition 17	7582,7585,7584,7586,7587
Partition 18	7494,7555,7495
Partition 19	7514,7515,7544,7557,7556,7568
Partition 20	7551,7552,7560,7561
Partition 22	7507,7520,7508,7536,7518,7519
Partition 23	7537,7538,7539,7592
Partition 24	7590,7591
Partition 25	7580,7593,7594,7588,7589,7595
Partition 26	7529,7530,7531
Partition 27	7490,7528,7542
Partition 28	7505,7525,7581,7533,7534,7535,7532
Partition 34	7567,7554
Partition 39	7558
Partition 41	7564
Partition 45	7563
Partition 47	7549
Partition 48	7491
Partition 49	7576,7577
Partition 51	7527
Partition 52	7573
Partition 56	7583
Partition 57	7522
Partition 60	7562
Partition 62	7566
Partition 63	7565
path	9
T	15
cut	86
Partition 0	7546
Partition 1	7521,7522
Partition 2	7493,7549,7526,7550,7497
Partition 3	7565,7566
Partition 4	7571,7572
Partition 5	7501,7564,7559,7563,7590
Partition 6	7498,7499
Partition 7	7523
Partition 8	7574,7540,7541
Partition 9	7569,7570
Partition 10	7515,7513,7516,7502,7503,7504,7517
Partition 11	7583,7584
Partition 12	7575,7580
Partition 13	7491,7511
Partition 14	7576,7577,7578,7496
Partition 15	7542,7544,7543
Partition 16	7505,7581,7582,7585
Partition 17	7586,7587
Partition 18	7494,7555,7556,7495
Partition 19	7557,7558
Partition 20	7551,7552,7560,7561
Partition 21	7567,7554
Partition 22	7520,7518,7519
Partition 23	7537,7538,7539,7536
Partition 24	7591,7592,7593,7594,7595
Partition 25	7588,7589
Partition 26	7529,7492,7530
Partition 27	7490,7528
Partition 28	7533,7534,7535,7532
Partition 29	7507
Partition 30	7506
Partition 32	7514
Partition 35	7568
Partition 36	7553
Partition 38	7524,7525
Partition 39	7500
Partition 44	7512
Partition 46	7527
Partition 48	7531
Partition 49	7545
Partition 50	7548
Partition 51	7547
Partition 52	7579
Partition 54	7509
Partition 55	7510
Partition 59	7562
Partition 61	7573
Partition 65	7508
path	10
T	11
cut	83
Partition 0	7546,7527
Partition 1	7549,7550
Partition 2	7493,7521,7526,7497
Partition 3	7566,7567,7554
Partition 4	7573,7572
Partition 5	7564,7590,7591
Partition 6	7565,7498,7499,7545,7562
Partition 7	7509,7510
Partition 8	7574,7540,7541,7575
Partition 9	7571,7570
Partition 10	7513,7516,7502,7503,7504,7569,7517
Partition 11	7583
Partition 12	7548,7580,7579
Partition 13	7491,7500,7511
Partition 14	7523,7576,7577,7496,7524
Partition 15	7514,7515
Partition 16	7585,7586
Partition 17	7584
Partition 18	7494,7555,7495
Partition 19	7557,7556
Partition 20	7542,7543,7553,7551,7552,7560,7561
Partition 21	7568
Partition 22	7520,7518,7519
Partition 23	7537,7538,7539,7536
Partition 24	7592,7593
Partition 25	7594,7588,7587,7589,7595
Partition 26	7529,7530,7531
Partition 27	7490,7506,7528
Partition 28	7533,7534,7535
Partition 29	7507
Partition 30	7544
Partition 32	7492
Partition 37	7559,7558
Partition 39	7547
Partition 40	7512
Partition 41	7578
Partition 43	7522
Partition 44	7525
Partition 46	7532
Partition 47	7501
Partition 48	7563
Partition 49	7581,7582
Partition 50	7505
Partition 53	7508
