path	1
T	13
cut	67
Partition 0	3555,3553,3554
Partition 1	3528,3537
Partition 2	3556,3567,3566,3565
Partition 3	3559,3521,3557,3561
Partition 4	3562,3563
Partition 6	3560,3564
Partition 7	3574,3584,3583
Partition 8	3580,3581
Partition 9	3578,3579,3582
Partition 10	3604,3605,3606
Partition 11	3601,3602,3603
Partition 12	3599,3608,3610,3609,3611,3597,3598
Partition 13	3600,3607
Partition 14	3527,3585,3586,3587,3525
Partition 15	3591,3594
Partition 16	3589,3596,3588
Partition 17	3546
Partition 18	3552,3550,3548,3549,3577,3524,3551
Partition 19	3545
Partition 20	3522,3544,3592,3593
Partition 21	3572,3520
Partition 22	3543,3531,3542
Partition 23	3571,3570
Partition 24	3540,3541
Partition 26	3523
Partition 27	3534,3535,3536,3576,3529,3532,3575
Partition 32	3590
Partition 35	3533
Partition 38	3568,3569
Partition 39	3547,3558
Partition 40	3595
Partition 41	3526
Partition 43	3530
Partition 44	3573
Partition 46	3538
Partition 47	3539
path	2
T	5
cut	62
Partition 0	3555,3553,3554
Partition 1	3528,3537,3538,3539
Partition 2	3556,3567,3566
Partition 3	3523,3559,3560,3521,3561
Partition 4	3526,3562,3578,3563
Partition 5	3527,3557,3525
Partition 6	3558,3564,3565
Partition 7	3574,3584,3597
Partition 8	3573,3580,3581
Partition 9	3579,3582,3583
Partition 10	3604,3605,3606
Partition 11	3601,3602,3603
Partition 12	3599,3608,3609,3598
Partition 13	3534,3532
Partition 14	3585,3586,3587
Partition 15	3547,3591
Partition 16	3589,3596,3588,3595
Partition 17	3546
Partition 18	3545,3550,3529,3551
Partition 19	3533,3590,3549
Partition 20	3522,3544,3568
Partition 21	3572,3520,3610
Partition 22	3543,3571,3530,3531,3542
Partition 23	3569,3552,3570
Partition 24	3600,3607
Partition 25	3540,3548,3577,3524,3541
Partition 27	3535,3536,3576,3575
Partition 30	3611
Partition 31	3592,3593,3594
path	3
T	18
cut	65
Partition 0	3555,3553,3554
Partition 1	3537,3538
Partition 2	3556,3567,3566
Partition 3	3559,3521,3561
Partition 4	3562,3563
Partition 6	3564
Partition 7	3573,3574,3584,3597
Partition 8	3580
Partition 9	3578,3579,3582
Partition 10	3604,3605,3606
Partition 11	3601,3602,3603
Partition 12	3532,3600,3607,3599,3608,3609,3598
Partition 14	3557,3585,3586,3587,3525
Partition 15	3546,3547,3552,3558,3591,3594
Partition 16	3589,3596,3588,3595
Partition 17	3568,3569
Partition 18	3545,3550,3551
Partition 19	3533,3590,3540,3548,3549,3524,3541
Partition 20	3522,3544,3592,3593
Partition 21	3520
Partition 22	3543,3531,3542
Partition 23	3571,3572,3610,3611,3570
Partition 24	3575
Partition 25	3576,3577,3583
Partition 26	3523,3529,3530
Partition 27	3535,3536
Partition 28	3534
Partition 29	3526
Partition 30	3581
Partition 32	3539
Partition 33	3527,3528
Partition 34	3565
Partition 35	3560
path	4
T	11
cut	68
Partition 0	3555,3553,3554
Partition 1	3528,3537,3538,3539,3556,3567
Partition 2	3558,3566,3565
Partition 3	3604,3605,3561
Partition 4	3526,3527,3562,3578,3563
Partition 5	3532,3521,3557,3525
Partition 6	3560,3564
Partition 7	3574,3584,3597
Partition 8	3573,3580,3581
Partition 9	3579,3582,3583
Partition 10	3600,3607,3606
Partition 11	3601,3602,3603
Partition 12	3599,3608,3609,3598
Partition 13	3533,3590,3549
Partition 14	3585,3586,3587
Partition 15	3591,3594
Partition 16	3589,3596,3588,3595
Partition 17	3569,3552
Partition 18	3592,3593
Partition 19	3550
Partition 20	3522,3544,3545
Partition 21	3572,3520,3610
Partition 22	3543,3531,3542
Partition 23	3571,3570
Partition 25	3548,3524
Partition 26	3523,3529,3559,3530,3575
Partition 27	3534,3535,3536
Partition 28	3611
Partition 29	3568
Partition 30	3551
Partition 31	3576,3577
Partition 34	3540
Partition 36	3541
Partition 37	3546
Partition 38	3547
path	5
T	13
cut	63
Partition 0	3555,3553,3554
Partition 1	3527,3528,3537,3538,3539,3540,3541
Partition 2	3556,3567,3566
Partition 3	3559,3521,3561
Partition 4	3562,3563
Partition 6	3558,3560,3557,3564,3565
Partition 7	3584,3576,3575,3577,3583,3597
Partition 8	3573,3574,3580,3581
Partition 9	3578,3579,3582
Partition 10	3604,3605,3606
Partition 11	3601,3602,3603
Partition 12	3599,3608,3609,3598
Partition 13	3600,3607,3525
Partition 14	3585,3586,3587
Partition 15	3547,3591
Partition 16	3589,3596,3588,3595
Partition 17	3568,3569,3546,3552
Partition 18	3545,3550,3551
Partition 19	3533,3590,3549
Partition 20	3522,3544,3592,3593
Partition 21	3572,3520,3610
Partition 22	3543,3531,3542
Partition 23	3571,3570
Partition 24	3535,3536
Partition 25	3548,3524
Partition 26	3523,3529,3530
Partition 27	3534,3532
Partition 29	3611
Partition 30	3594
Partition 31	3526
path	6
T	5
cut	65
Partition 0	3555,3553,3554
Partition 1	3528,3537,3538,3539
Partition 2	3556,3567,3566
Partition 3	3523,3559,3560,3521,3561
Partition 4	3526,3562,3578,3563
Partition 5	3527,3557,3525
Partition 6	3558,3564,3565
Partition 7	3574,3584,3597
Partition 8	3573,3580,3581
Partition 9	3579,3582,3583
Partition 10	3604,3605,3606
Partition 11	3601,3602,3603
Partition 12	3599,3608,3609,3598
Partition 13	3534,3535
Partition 14	3585,3586,3587
Partition 15	3547,3591
Partition 16	3589,3596,3588,3595
Partition 17	3546
Partition 18	3545,3550,3551
Partition 19	3532,3533,3590,3549
Partition 20	3522,3544,3568
Partition 21	3571,3572,3520,3610
Partition 22	3543,3530,3531,3542
Partition 23	3569,3552
Partition 24	3600,3607
Partition 25	3548,3524,3541
Partition 27	3536,3540
Partition 30	3611
Partition 31	3592,3593,3594
Partition 32	3529,3575
Partition 33	3576,3577
Partition 35	3570
path	7
T	12
cut	71
Partition 0	3555,3553,3554
Partition 1	3537,3538
Partition 2	3556,3567,3566
Partition 3	3559,3521,3561
Partition 4	3562,3563
Partition 6	3564
Partition 7	3573,3574,3584,3583
Partition 8	3580
Partition 9	3578,3579
Partition 10	3604,3605,3606
Partition 11	3601,3602,3603
Partition 12	3607,3599,3608,3609,3598
Partition 14	3585,3586,3587
Partition 15	3546,3547,3552,3558,3591,3594
Partition 16	3589,3596,3588,3595
Partition 17	3568,3569
Partition 18	3545,3550,3551
Partition 19	3533,3590,3540,3548,3549,3524,3541
Partition 20	3522,3544,3592,3593
Partition 21	3520
Partition 22	3543,3530,3531,3542
Partition 23	3571,3572,3610,3611,3570
Partition 24	3523,3529
Partition 25	3577
Partition 26	3575
Partition 27	3535,3536
Partition 28	3534
Partition 29	3526
Partition 30	3581
Partition 32	3539
Partition 33	3527,3528,3525
Partition 34	3565
Partition 35	3560
Partition 37	3582
Partition 38	3597
Partition 39	3576
Partition 41	3557
Partition 42	3600
Partition 45	3532
