path	1
T	10
cut	64
Partition 0	3547,3545,3546
Partition 1	3550,3551,3584
Partition 2	3542,3543,3595
Partition 3	3554,3596,3597
Partition 4	3553,3552
Partition 5	3556,3549,3557
Partition 6	3548,3541
Partition 7	3585,3525
Partition 8	3523,3573,3572
Partition 9	3575,3576
Partition 10	3522,3578,3579
Partition 11	3580,3609,3610
Partition 12	3529,3577,3530
Partition 13	3538,3534,3536,3537
Partition 14	3601,3602,3603
Partition 15	3606,3607,3608,3605,3604
Partition 16	3570,3594
Partition 17	3568,3569
Partition 18	3563,3526,3561,3562
Partition 19	3566,3521
Partition 20	3581,3600
Partition 21	3599,3539,3540
Partition 22	3560,3567,3571
Partition 23	3559,3558,3520
Partition 24	3588,3589,3592,3593
Partition 25	3586,3587,3590,3591
Partition 26	3531,3532
Partition 27	3564,3565,3598
Partition 28	3533,3535
Partition 29	3574
Partition 30	3555
Partition 33	3527
Partition 37	3524
Partition 38	3528
Partition 39	3544
Partition 40	3582,3583
path	2
T	14
cut	59
Partition 0	3547,3548,3541,3545,3546
Partition 1	3550,3551,3584
Partition 2	3542,3543,3528,3595
Partition 3	3554,3596,3597
Partition 4	3553,3552
Partition 5	3556,3549,3557
Partition 6	3524
Partition 7	3586,3585
Partition 8	3523,3573,3572
Partition 9	3574,3568,3570,3569,3575,3576
Partition 10	3522,3578,3579
Partition 11	3580,3609,3610
Partition 12	3529,3577,3530
Partition 13	3538,3534,3536,3537
Partition 14	3601,3602,3603
Partition 15	3606,3607,3608
Partition 16	3594,3604,3593
Partition 17	3533,3535
Partition 18	3563,3561,3562,3525
Partition 19	3566,3521
Partition 20	3582,3605
Partition 21	3599,3539,3540
Partition 22	3560,3567,3571
Partition 23	3559,3558,3520
Partition 24	3583,3588,3589
Partition 25	3587,3590,3591,3592
Partition 26	3544,3526,3531,3532
Partition 27	3564,3565,3598
Partition 29	3527
Partition 31	3555
Partition 34	3581,3600
path	3
T	14
cut	64
Partition 0	3547,3545,3546
Partition 1	3550,3551,3584
Partition 2	3524,3542,3543
Partition 3	3596,3595
Partition 4	3553,3554,3525,3552
Partition 5	3556,3549,3557
Partition 6	3528,3541
Partition 7	3586,3585
Partition 8	3523,3573,3572
Partition 9	3574,3575,3576
Partition 10	3522,3578,3579
Partition 11	3580,3609,3610
Partition 12	3577,3530
Partition 13	3538,3534,3536,3537
Partition 14	3604,3602,3603
Partition 15	3606,3607,3608
Partition 16	3570,3594,3593
Partition 17	3568,3569
Partition 18	3563,3561,3562
Partition 19	3566,3521
Partition 20	3581,3582,3600,3601,3533,3535
Partition 21	3599,3539,3540
Partition 22	3560,3567,3571
Partition 23	3559,3558,3520
Partition 24	3583,3588,3589
Partition 25	3587,3544,3526,3590,3591
Partition 26	3592
Partition 27	3564,3565,3598
Partition 29	3555
Partition 31	3548
Partition 33	3527
Partition 34	3529
Partition 35	3597
Partition 37	3605
Partition 38	3531
Partition 39	3532
path	4
T	10
cut	59
Partition 0	3547,3545,3546
Partition 1	3543
Partition 2	3524,3542,3550,3559,3551,3560,3584
Partition 3	3554,3596,3597
Partition 4	3553,3552
Partition 5	3556,3549,3557
Partition 7	3586,3585
Partition 8	3523,3573,3572
Partition 9	3574,3575,3576
Partition 10	3522,3578,3579
Partition 11	3580,3609,3610
Partition 12	3529,3577,3530,3525
Partition 13	3555,3538,3534,3536,3537
Partition 14	3601,3602,3603
Partition 15	3606,3607,3608,3604
Partition 16	3570,3594,3593
Partition 17	3568,3569
Partition 18	3563,3561,3562
Partition 19	3566,3521
Partition 20	3581,3582,3600,3605,3535
Partition 21	3599,3539,3540
Partition 22	3595
Partition 23	3527,3558,3520
Partition 24	3583,3588,3589
Partition 25	3587,3590,3591,3592
Partition 26	3528,3541,3544,3526,3531,3532
Partition 27	3564,3565,3598
Partition 29	3533
Partition 31	3548
Partition 32	3571
Partition 33	3567
path	5
T	10
cut	63
Partition 0	3547,3548,3545,3546
Partition 1	3550,3551,3584
Partition 2	3524,3542,3543
Partition 3	3553,3554,3596,3595,3552,3597
Partition 4	3525
Partition 5	3556,3549,3557
Partition 7	3586,3585
Partition 8	3523,3573
Partition 9	3574,3569,3575,3576
Partition 10	3522,3578,3579
Partition 11	3580,3609,3610
Partition 12	3529,3577,3530
Partition 13	3555,3538,3534,3536,3537
Partition 14	3601,3602,3603
Partition 15	3606,3607,3608
Partition 16	3594,3604,3593
Partition 17	3566
Partition 18	3563,3561,3562
Partition 19	3581,3521
Partition 20	3582,3600,3605,3533,3535
Partition 21	3599,3539,3540
Partition 22	3559,3560,3567,3571
Partition 23	3527,3558,3520
Partition 24	3583,3588,3589
Partition 25	3587,3590,3591
Partition 26	3531,3532
Partition 27	3564,3565,3598
Partition 30	3572
Partition 32	3568,3570
Partition 33	3528
Partition 35	3541
Partition 36	3592
Partition 38	3526
Partition 39	3544
