path	1
T	12
cut	73
Partition 0	3546,3586,3599,3587,3588,3585
Partition 1	3568,3574,3575
Partition 2	3573,3584,3583
Partition 3	3535,3536
Partition 4	3560,3563
Partition 5	3562,3601,3600
Partition 6	3566,3567
Partition 7	3608,3609,3612
Partition 8	3614,3615,3613
Partition 9	3524,3559,3616,3617
Partition 10	3598,3610,3611
Partition 11	3591,3596,3597
Partition 12	3605,3606,3607
Partition 13	3561,3572,3570,3571
Partition 14	3543,3544
Partition 15	3533,3526,3534,3537
Partition 16	3540,3541,3539,3542
Partition 17	3550,3551,3552
Partition 18	3530,3531
Partition 19	3538,3590,3554,3521
Partition 20	3549,3556,3557
Partition 21	3545,3548,3529,3547
Partition 22	3593,3523,3602
Partition 23	3578,3579
Partition 24	3520,3532,3592
Partition 25	3576,3603,3604
Partition 26	3594,3581,3564,3595,3525
Partition 27	3577,3580,3582
Partition 28	3528
Partition 31	3558
Partition 32	3522
Partition 33	3527
Partition 34	3565
Partition 36	3553,3555
Partition 37	3569
Partition 38	3589
path	2
T	10
cut	72
Partition 0	3586,3587,3585
Partition 1	3568,3574,3575
Partition 2	3569,3573,3584
Partition 3	3527,3535,3536
Partition 4	3560,3566,3563,3561
Partition 5	3562,3601,3600
Partition 6	3546,3599
Partition 7	3608,3609,3612
Partition 8	3589,3614,3615,3567,3588,3613
Partition 9	3524,3559,3616,3617
Partition 10	3598,3610,3611
Partition 11	3572,3591,3596,3597
Partition 12	3550,3605,3606,3607
Partition 13	3570,3571
Partition 14	3543,3544
Partition 15	3533,3534,3537
Partition 16	3540,3541,3539,3542
Partition 17	3552,3553
Partition 18	3530,3531
Partition 19	3603,3522,3590,3521
Partition 20	3556,3555,3557
Partition 21	3548,3528,3529,3547
Partition 22	3593,3523,3602
Partition 23	3526,3554,3578,3579
Partition 24	3520,3532,3592
Partition 25	3576,3604
Partition 26	3565,3594,3564,3595,3525
Partition 27	3577,3580
Partition 29	3558
Partition 30	3545
Partition 31	3549
Partition 35	3538
Partition 37	3582
Partition 39	3551,3581
Partition 43	3583
path	3
T	11
cut	66
Partition 0	3586,3587,3585
Partition 1	3568,3574,3575
Partition 2	3569,3573,3584,3583
Partition 3	3527,3535,3536
Partition 4	3560,3563
Partition 5	3562,3601,3599,3600
Partition 6	3566,3567,3588
Partition 7	3608,3609,3612
Partition 8	3589,3614,3615,3613
Partition 9	3524,3559,3616,3617
Partition 10	3598,3610,3611
Partition 11	3591,3596,3597
Partition 12	3550,3605,3606,3607
Partition 13	3561,3572,3570,3571
Partition 14	3530,3531,3543,3544,3558
Partition 15	3533,3534,3537
Partition 16	3540,3541,3539,3542
Partition 17	3551,3552
Partition 18	3528
Partition 19	3538,3590,3553,3521
Partition 20	3556,3555,3557
Partition 21	3549,3548,3529,3547
Partition 22	3593,3523,3602
Partition 23	3526,3578,3579
Partition 24	3520,3532,3592,3522
Partition 25	3576,3603,3604
Partition 26	3565,3594,3581,3564,3595,3525
Partition 27	3577,3580,3582
Partition 29	3545,3546
Partition 32	3554
path	4
T	9
cut	75
Partition 0	3586,3587,3585
Partition 1	3568,3574,3575
Partition 2	3569,3573,3584,3583
Partition 3	3527,3535,3536
Partition 4	3560,3563
Partition 5	3562,3601,3600
Partition 6	3545,3546,3599
Partition 7	3608,3611,3609,3612
Partition 8	3589,3614,3615,3613
Partition 9	3524,3559,3616,3558,3617
Partition 10	3605,3606,3591,3596,3598,3597
Partition 11	3572
Partition 12	3607,3610
Partition 13	3570,3571
Partition 14	3543,3544
Partition 15	3533,3526,3534,3537
Partition 16	3540,3541,3539,3542
Partition 17	3552,3553
Partition 18	3530,3531
Partition 19	3538,3590,3521
Partition 20	3556,3555,3557
Partition 21	3549,3548,3547
Partition 22	3593,3523,3602
Partition 23	3578,3579
Partition 24	3520,3532,3592
Partition 25	3576,3603,3604
Partition 26	3594,3581,3564,3595,3525
Partition 27	3577,3580,3582
Partition 29	3522
Partition 30	3528
Partition 32	3529
Partition 33	3561
Partition 34	3565
Partition 36	3554
Partition 38	3550,3551
Partition 39	3566
Partition 40	3588
Partition 41	3567
path	5
T	10
cut	71
Partition 0	3586,3587,3588,3585
Partition 1	3568,3574,3575
Partition 2	3569,3573,3584,3583
Partition 3	3527,3535,3536
Partition 4	3560,3563
Partition 5	3562,3601,3546,3599,3600
Partition 6	3566,3567
Partition 7	3608,3609,3612
Partition 8	3589,3614,3615,3613
Partition 9	3524,3559,3616,3617
Partition 10	3598,3610,3611
Partition 11	3594,3591,3596,3595,3597
Partition 12	3550,3605,3606,3607
Partition 13	3570,3571
Partition 14	3543,3544
Partition 15	3533,3526,3534,3537
Partition 16	3540,3541,3539,3542
Partition 17	3551,3552
Partition 18	3530,3531
Partition 19	3538,3590,3521
Partition 20	3549,3556,3553,3554,3555,3557
Partition 21	3545,3548,3547
Partition 22	3593,3523,3602
Partition 23	3578,3579
Partition 24	3520,3532,3592
Partition 25	3576,3603,3604
Partition 26	3564,3525
Partition 27	3577,3580,3582
Partition 30	3581
Partition 31	3522
Partition 32	3528
Partition 33	3561,3572
Partition 34	3565
Partition 35	3558
Partition 36	3529
path	6
T	12
cut	75
Partition 0	3586,3587,3584,3585
Partition 1	3568,3574,3575
Partition 2	3572
Partition 3	3535,3536
Partition 4	3560,3563
Partition 5	3562,3601,3600
Partition 6	3566,3567
Partition 7	3608,3609,3612
Partition 8	3614,3615,3613
Partition 9	3524,3559,3616,3617
Partition 10	3598,3610,3611
Partition 11	3591,3596,3597
Partition 12	3605,3606,3607
Partition 13	3570,3571
Partition 14	3543,3544
Partition 15	3533,3534,3537
Partition 16	3540,3541,3539,3542
Partition 17	3550,3551,3552
Partition 18	3530,3531
Partition 19	3594,3538,3590,3554,3521
Partition 20	3549,3556,3557
Partition 21	3545,3548,3529,3547
Partition 22	3593,3523,3602
Partition 23	3526,3578,3579
Partition 24	3520,3532,3592
Partition 25	3576,3603,3604
Partition 27	3577,3581,3564,3580,3525,3582,3583
Partition 28	3528
Partition 31	3558
Partition 32	3522
Partition 33	3527
Partition 34	3565
Partition 36	3553,3555
Partition 37	3569,3573
Partition 38	3589,3588
Partition 42	3561
Partition 46	3599
Partition 48	3546
Partition 50	3595
path	7
T	9
cut	74
Partition 0	3586,3587,3585
Partition 1	3568,3569,3574,3575
Partition 2	3572
Partition 3	3527,3535,3536
Partition 4	3560,3566,3563
Partition 5	3562,3601,3600
Partition 6	3546,3599
Partition 7	3608,3609,3612
Partition 8	3589,3614,3615,3567,3588,3613
Partition 9	3524,3559,3616,3617
Partition 10	3598,3610
Partition 11	3591,3596,3597
Partition 12	3550,3605,3606,3607
Partition 13	3570,3571
Partition 14	3543,3544
Partition 15	3533,3534,3537
Partition 16	3540,3541,3539,3542
Partition 17	3552,3553
Partition 18	3530,3531
Partition 19	3603,3522,3590,3521
Partition 20	3556,3555,3557
Partition 21	3548,3528,3529,3547
Partition 22	3593,3523,3602
Partition 23	3526,3554,3578,3579
Partition 24	3520,3532,3592
Partition 25	3576,3604
Partition 26	3565,3594,3564,3595,3525
Partition 27	3577,3580
Partition 29	3558
Partition 30	3545
Partition 31	3549
Partition 35	3538
Partition 37	3582
Partition 39	3551,3581
Partition 43	3573,3584,3583
Partition 45	3611
Partition 46	3561
path	8
T	11
cut	75
Partition 0	3586,3587,3585
Partition 1	3568,3574,3575
Partition 2	3569,3573,3584,3583
Partition 3	3527,3535,3536
Partition 4	3560,3563
Partition 5	3562,3601,3600
Partition 6	3545,3546,3599
Partition 7	3608,3611,3609,3612
Partition 8	3589,3614,3615,3613
Partition 9	3524,3559,3616,3558,3617
Partition 10	3591,3596,3598,3597
Partition 11	3572
Partition 12	3607,3610
Partition 13	3570
Partition 14	3543,3544
Partition 15	3533,3534,3537
Partition 16	3540,3541,3539,3542
Partition 17	3552,3553
Partition 18	3530,3531
Partition 19	3538,3590,3521
Partition 20	3556,3555,3557
Partition 21	3549,3548,3547
Partition 22	3593,3523,3602
Partition 23	3526,3554,3578,3579
Partition 24	3520,3532,3592
Partition 25	3576,3603,3604
Partition 26	3594,3581,3564,3595,3525
Partition 27	3577,3580,3582
Partition 29	3522
Partition 30	3528
Partition 32	3529
Partition 33	3561
Partition 34	3565
Partition 38	3550,3551,3605
Partition 39	3566
Partition 40	3588
Partition 41	3567
Partition 42	3606
Partition 44	3571
path	9
T	10
cut	74
Partition 0	3586,3587,3588,3585
Partition 1	3568,3574,3575
Partition 2	3569,3573,3584,3583
Partition 3	3527,3535,3536
Partition 4	3560
Partition 5	3561,3562,3572,3601,3546,3599,3600
Partition 6	3566,3567
Partition 7	3608,3609,3612
Partition 8	3589,3614,3615,3613
Partition 9	3524,3559,3616,3617
Partition 10	3598,3610,3611
Partition 11	3596,3595,3597
Partition 12	3550,3605,3606,3607
Partition 13	3528,3521,3570,3571
Partition 14	3543,3544
Partition 15	3533,3534,3537
Partition 16	3541,3542
Partition 17	3551,3552
Partition 18	3530,3531
Partition 19	3590
Partition 20	3549,3556,3538,3553,3554,3555,3557
Partition 21	3545,3548,3547
Partition 22	3593,3523,3602
Partition 23	3526,3578,3579
Partition 24	3520,3532,3592
Partition 25	3576,3603,3604
Partition 26	3525
Partition 27	3577,3580,3582
Partition 30	3581
Partition 31	3522
Partition 34	3565
Partition 35	3558
Partition 36	3529
Partition 40	3563
Partition 44	3540,3539
Partition 46	3564
Partition 47	3594
Partition 48	3591
