path	1
T	16
cut	88
Partition 0	2138,2140,2141,2149
Partition 1	2129,2068
Partition 2	2142,2130,2143,2139,2076
Partition 4	2132,2133,2135,2134,2136
Partition 5	2066,2131
Partition 6	2063,2088,2082,2089,2062
Partition 7	2137,2083
Partition 10	2146,2147,2145,2148
Partition 13	2079,2080
Partition 14	2065,2096,2097,2075
Partition 15	2081,2085,2084,2086,2087
Partition 18	2077,2078,2091,2067
Partition 19	2144,2094,2095,2150,2151
Partition 20	2102,2103,2101
Partition 21	2098,2099,2100,2104,2105
Partition 23	2112,2113,2110
Partition 24	2090,2092,2093,2107,2106
Partition 25	2109,2108
Partition 26	2176,2175,2178
Partition 27	2174,2173,2177,2172
Partition 28	2069,2111,2127,2128
Partition 30	2167,2168,2169,2154,2171
Partition 31	2153,2152
Partition 32	2070,2161,2162,2165,2170
Partition 35	2072,2158,2160
Partition 36	2156,2155,2159,2157,2074
Partition 37	2163,2164,2166
Partition 38	2114,2071,2115
Partition 40	2116,2117
Partition 41	2118,2073,2119,2120,2179
Partition 44	2064,2125,2126
Partition 45	2121,2122,2123
Partition 46	2192,2187,2189,2188
Partition 47	2191,2193,2190
Partition 48	2124,2183,2182,2180,2181
Partition 49	2185,2199,2200,2186,2184
Partition 50	2196,2194,2195,2197,2198
path	2
T	23
cut	92
Partition 0	2138,2139,2140
Partition 1	2142,2129,2132,2143,2068
Partition 2	2076
Partition 3	2130
Partition 4	2133,2135,2134,2136,2137
Partition 5	2066,2131
Partition 7	2146,2063,2099,2100
Partition 8	2088,2082,2083,2089,2062
Partition 11	2147,2145,2148,2141,2149
Partition 12	2144,2094,2095,2150,2151
Partition 13	2079,2080
Partition 15	2081,2085,2084,2086
Partition 18	2077,2078,2091,2075,2067
Partition 20	2102,2103,2101,2104
Partition 21	2096,2097,2098,2105
Partition 22	2069,2111,2127
Partition 23	2112,2113,2110
Partition 24	2090,2092,2093,2107,2106
Partition 25	2087,2109,2108
Partition 26	2188,2128,2176,2175,2178
Partition 27	2174,2173,2177
Partition 29	2170,2172
Partition 30	2167,2168,2169,2154,2171
Partition 31	2164,2166,2153,2152
Partition 32	2070,2161,2163,2162,2165
Partition 33	2072
Partition 35	2158,2160
Partition 36	2156,2155,2159,2157,2074
Partition 38	2114,2116,2071,2115,2117
Partition 40	2121,2122
Partition 41	2118,2073,2119,2120,2180
Partition 42	2064,2125,2126
Partition 43	2187,2189,2182,2179,2181
Partition 47	2191,2190
Partition 48	2065,2185,2124,2183,2123
Partition 49	2199,2200,2184
Partition 50	2196,2197,2198
Partition 51	2186,2192,2193,2194,2195
path	3
T	14
cut	87
Partition 0	2138,2139,2140,2141,2149
Partition 2	2066,2131,2142,2143
Partition 3	2129,2130,2068
Partition 4	2132,2133,2135,2134,2136
Partition 6	2063,2088,2099,2089,2062
Partition 7	2087,2137,2082,2083,2109
Partition 10	2146,2147,2145,2148
Partition 11	2076
Partition 12	2144,2150,2151,2152
Partition 14	2065,2079,2096,2097,2075
Partition 15	2080,2081,2085,2084,2086
Partition 18	2077,2078,2091,2067
Partition 19	2094,2095
Partition 20	2102,2103,2101
Partition 21	2098,2100,2104,2105,2106
Partition 22	2069,2111,2127,2128
Partition 23	2112,2113,2110
Partition 24	2090,2092,2093,2107,2108
Partition 26	2176,2175,2178
Partition 29	2170,2169,2172
Partition 30	2167,2168,2153,2154,2171
Partition 32	2161,2163,2162,2165,2166
Partition 34	2070
Partition 35	2072,2158,2160
Partition 36	2156,2155,2159,2157,2074
Partition 37	2164
Partition 38	2114,2071,2115
Partition 40	2116,2117
Partition 41	2118,2073,2119,2120
Partition 42	2174,2179,2173,2177
Partition 43	2187,2182,2180,2181
Partition 44	2064,2125,2126,2188
Partition 45	2121,2122,2123
Partition 47	2192,2191,2193,2189,2190
Partition 48	2124,2183
Partition 49	2199,2200,2184
Partition 50	2196,2194,2197,2198
Partition 51	2185,2186,2195
path	4
T	24
cut	90
Partition 0	2138,2140
Partition 1	2129,2130,2139,2068
Partition 2	2066,2131,2142,2192,2076
Partition 4	2132,2133,2135,2134,2136
Partition 6	2082,2083
Partition 8	2063,2088,2099,2089,2062
Partition 10	2146,2147
Partition 11	2145,2148,2141,2149,2150
Partition 12	2143,2144,2094,2095,2151
Partition 13	2065,2079,2080
Partition 15	2081,2085,2084,2086
Partition 16	2078,2090,2091,2092,2093
Partition 17	2096,2097,2075
Partition 18	2077,2102,2103,2101,2067
Partition 21	2098,2100,2104,2105,2106
Partition 22	2069,2111,2112,2113,2127
Partition 25	2087,2109,2110,2107,2108
Partition 26	2176,2175,2178
Partition 27	2128,2174,2173,2177
Partition 29	2170,2172
Partition 30	2167,2168,2169,2154,2171
Partition 31	2164,2166,2137,2153,2152
Partition 32	2070,2161,2163,2162,2165
Partition 33	2156,2155,2159
Partition 36	2072,2158,2157,2160,2074
Partition 38	2114,2071,2115
Partition 40	2116,2117
Partition 41	2118,2121,2073,2119,2122
Partition 42	2182,2180,2179,2181
Partition 44	2064,2125,2126,2120
Partition 45	2124,2183
Partition 46	2187,2189,2188
Partition 47	2191,2193,2190
Partition 48	2123
Partition 49	2199,2200,2184
Partition 50	2186,2195,2197,2198
Partition 51	2185,2196,2194
path	5
T	20
cut	89
Partition 1	2066,2131,2142,2143,2076
Partition 2	2130,2138,2139,2140,2141
Partition 4	2132,2133,2135,2134,2136
Partition 5	2129,2068
Partition 7	2137,2082,2083,2062,2153
Partition 8	2063,2088,2099,2089
Partition 10	2146,2147,2145,2148
Partition 12	2144,2149,2150,2151,2152
Partition 13	2065,2079,2096,2080,2097
Partition 14	2081,2085,2084,2086
Partition 18	2077,2078,2091,2075,2067
Partition 19	2094,2095
Partition 20	2102,2103,2101
Partition 21	2098,2100,2104,2105
Partition 22	2069,2111,2127,2128,2173
Partition 23	2112,2113,2110
Partition 24	2090,2092,2093,2107,2106
Partition 25	2087,2109,2108
Partition 26	2180,2176,2181,2175,2178
Partition 29	2170,2169,2172
Partition 30	2167,2168,2154,2171
Partition 32	2162,2165
Partition 34	2070,2161,2163,2155,2159
Partition 35	2072,2158,2160
Partition 36	2156,2157,2074
Partition 37	2164,2166
Partition 38	2114,2071,2115
Partition 39	2121,2122
Partition 40	2116,2117
Partition 41	2118,2126,2182,2073,2119
Partition 42	2064,2125
Partition 44	2120,2174,2179,2177
Partition 45	2185,2199,2200,2183,2184
Partition 46	2192,2187,2189,2188,2123
Partition 47	2191,2193,2190
Partition 49	2124
Partition 50	2196,2194
Partition 51	2186,2195,2197,2198
path	6
T	16
cut	90
Partition 1	2129,2130,2139
Partition 3	2135
Partition 4	2133,2134,2136,2137,2068
Partition 5	2066,2131,2132
Partition 7	2082,2083,2062
Partition 8	2063,2088,2099,2089,2100
Partition 10	2146,2147,2145,2148
Partition 11	2138,2140,2141,2149
Partition 12	2142,2143,2144,2150,2151
Partition 14	2079
Partition 15	2080,2081,2085,2084,2086
Partition 16	2078,2090,2091,2092,2093
Partition 17	2065,2096,2097,2075
Partition 18	2077,2102,2103,2101,2067
Partition 19	2076,2094,2095
Partition 21	2098,2104,2105,2107,2106
Partition 23	2112,2113,2110
Partition 25	2087,2109,2108
Partition 27	2173,2177
Partition 28	2069,2111,2127,2128
Partition 29	2170,2169,2174,2175,2172
Partition 30	2167,2168,2176,2154,2171
Partition 31	2153,2152
Partition 32	2070,2161,2163,2162,2165
Partition 35	2072,2158,2160
Partition 36	2156,2155,2159,2157,2074
Partition 37	2164,2166
Partition 38	2114,2071,2115
Partition 40	2116,2117
Partition 41	2118,2073,2119,2120,2179
Partition 43	2187,2182,2180,2181,2178
Partition 44	2064,2125,2126
Partition 46	2189,2188
Partition 47	2192,2191,2193,2194,2190
Partition 48	2121,2124,2122,2123
Partition 49	2185,2199,2200,2183,2184
Partition 50	2196,2197,2198
Partition 51	2186,2195
path	7
T	16
cut	88
Partition 0	2138,2140
Partition 1	2142
Partition 2	2066,2131,2130,2139,2076
Partition 3	2129,2146,2068
Partition 4	2132,2133,2135,2134,2136
Partition 5	2143,2144,2150,2151
Partition 6	2082,2083,2062
Partition 8	2063,2088,2099,2089,2100
Partition 10	2147,2145,2148,2141,2149
Partition 13	2065,2079,2080
Partition 15	2081,2085,2084,2086
Partition 17	2096,2097,2075
Partition 18	2077,2078,2090,2067
Partition 20	2102,2103,2101
Partition 21	2098,2094,2095,2104,2105
Partition 23	2112,2113,2110
Partition 24	2091,2092,2093,2107,2106
Partition 25	2087,2109,2108
Partition 26	2167,2176,2175,2178,2171
Partition 27	2174,2173,2177
Partition 28	2069,2111,2127,2128
Partition 29	2170,2169,2172
Partition 31	2137,2153,2154,2152
Partition 32	2070,2161,2163,2162,2165
Partition 33	2072,2156,2155,2159,2074
Partition 36	2158,2157,2160
Partition 37	2164,2166,2168
Partition 38	2114,2071,2115
Partition 39	2118,2073,2119,2120
Partition 40	2116,2117
Partition 41	2121,2124,2188,2122,2123
Partition 42	2064,2125,2126,2182,2179
Partition 43	2187,2180,2181
Partition 47	2192,2191,2193,2189,2190
Partition 48	2185,2199,2200,2183,2184
Partition 50	2196,2194,2197,2198
Partition 51	2186,2195
path	8
T	25
cut	87
Partition 0	2138,2139,2140,2141,2149
Partition 1	2129,2130,2068
Partition 2	2066,2131,2142,2143,2076
Partition 4	2132,2133,2135,2134,2136
Partition 7	2083
Partition 8	2063,2088,2082,2089,2062
Partition 9	2099,2100
Partition 10	2146,2147,2145,2148
Partition 14	2079
Partition 15	2080,2081,2085,2084,2086
Partition 17	2096,2097,2098,2075
Partition 18	2077,2078,2091,2067
Partition 20	2102,2103,2101,2104,2105
Partition 21	2144,2094,2095,2150,2151
Partition 23	2112,2113,2110
Partition 24	2090,2092,2093,2107,2106
Partition 25	2069,2111,2087,2109,2108
Partition 26	2180,2128,2176,2175,2178
Partition 27	2174,2173,2177
Partition 29	2170,2169,2172
Partition 30	2164,2166,2167,2168,2171
Partition 31	2137,2153,2154,2152
Partition 32	2070,2161,2163,2162,2165
Partition 33	2156,2155,2159,2157,2074
Partition 35	2072,2158,2160
Partition 38	2127,2114,2071,2115
Partition 39	2118,2121,2073,2119,2122
Partition 40	2116,2117
Partition 41	2120
Partition 42	2064,2125,2126,2179,2181
Partition 46	2187,2189,2188,2123
Partition 47	2192,2191,2193,2194,2190
Partition 48	2124,2183,2182
Partition 49	2065,2185,2199,2200,2184
Partition 50	2196,2197,2198
Partition 51	2186,2195
path	9
T	15
cut	87
Partition 0	2138,2140,2141,2149
Partition 1	2129,2130,2139,2076,2068
Partition 3	2066,2131
Partition 4	2132,2133,2135,2134,2136
Partition 8	2063,2088,2082,2089,2062
Partition 9	2099,2100
Partition 10	2146,2147,2145,2148
Partition 12	2142,2143,2144,2150,2151
Partition 13	2065,2079,2096,2080,2097
Partition 15	2081,2085,2084,2086
Partition 18	2077,2078,2091,2075,2067
Partition 20	2102,2103,2101
Partition 21	2098,2094,2095,2104,2105
Partition 23	2112,2113,2110
Partition 24	2090,2092,2093,2107,2106
Partition 25	2069,2111,2087,2109,2108
Partition 27	2120,2174,2179,2173,2177
Partition 28	2127,2128,2175
Partition 29	2167,2170,2169,2154,2172
Partition 30	2168,2171
Partition 31	2137,2083,2153,2152
Partition 32	2070,2161,2163,2162,2165
Partition 35	2072,2158,2160
Partition 36	2156,2155,2159,2157,2074
Partition 37	2164,2166
Partition 38	2114,2071,2115
Partition 40	2116,2117
Partition 41	2118,2073,2119
Partition 42	2064,2125,2126
Partition 43	2180,2176,2181,2178
Partition 44	2124,2183,2182
Partition 45	2121,2122,2123
Partition 46	2192,2187,2189,2188
Partition 47	2191,2193,2190
Partition 49	2185,2199,2200,2186,2184
Partition 50	2196,2194,2195,2197,2198
path	10
T	28
cut	90
Partition 0	2130,2138,2139,2140
Partition 1	2129,2146,2068
Partition 4	2133,2135,2076,2134,2136
Partition 5	2066,2131,2132
Partition 6	2082,2083,2062
Partition 8	2063,2088,2099,2089,2100
Partition 10	2147,2145,2148,2141,2149
Partition 12	2142,2143,2144,2150,2151
Partition 14	2065,2079,2096
Partition 15	2080,2081,2085,2084,2086
Partition 18	2077,2078,2091,2067
Partition 20	2102,2103,2101,2104
Partition 21	2097,2098,2094,2095,2105
Partition 23	2112,2113,2110
Partition 24	2090,2092,2093,2107,2106
Partition 25	2069,2111,2087,2109,2108
Partition 26	2176,2175,2178
Partition 27	2170,2174,2173,2177,2172
Partition 30	2167,2168,2169,2154,2171
Partition 31	2137,2153,2152
Partition 32	2162,2165
Partition 34	2070,2161,2163,2155,2159
Partition 35	2072,2158,2160
Partition 36	2156,2157,2074
Partition 37	2164,2166
Partition 38	2127,2114,2071,2115,2128
Partition 40	2116,2117,2121
Partition 41	2118,2126,2073,2119,2122
Partition 42	2064,2125
Partition 43	2182
Partition 44	2120,2180,2179,2181
Partition 46	2187,2189,2188
Partition 47	2192,2191,2193,2194,2190
Partition 48	2185,2124,2183,2184,2123
Partition 49	2199,2200,2075
Partition 50	2196,2197,2198
Partition 51	2186,2195
