path	1
T	23
cut	102
Partition 0	2066,2129,2068
Partition 1	2130,2139,2140
Partition 2	2142,2143,2076,2082
Partition 3	2131,2132,2135,2083
Partition 4	2133,2134,2136,2137
Partition 5	2147,2145,2148
Partition 6	2146,2063,2099,2100
Partition 8	2088,2089,2062,2104
Partition 9	2144,2141,2149,2150,2151
Partition 10	2077,2078,2080,2085
Partition 11	2081,2084,2086
Partition 12	2069,2111,2112,2113
Partition 14	2091,2087,2109,2110,2108
Partition 15	2090,2092,2093
Partition 16	2065,2079,2096,2075,2067
Partition 18	2102,2103,2101
Partition 19	2098,2094,2095
Partition 20	2097,2105,2107,2106
Partition 21	2125,2126,2182
Partition 22	2188,2180,2123
Partition 23	2138,2120,2179,2181
Partition 24	2064,2073,2119
Partition 25	2116,2117,2118,2121
Partition 26	2192,2191,2193,2194
Partition 27	2187,2189,2190
Partition 28	2196,2197,2198
Partition 29	2199,2200,2184
Partition 30	2185,2186,2195,2124,2183
Partition 31	2158,2157,2160
Partition 32	2072,2156,2074
Partition 33	2163,2164,2166
Partition 34	2162,2155,2159
Partition 35	2070,2161,2165
Partition 36	2114,2071,2115
Partition 37	2128,2174,2173,2177
Partition 38	2127,2122,2176,2175,2178
Partition 39	2167,2168,2171
Partition 40	2170,2153,2152
Partition 41	2169,2154,2172
path	2
T	27
cut	105
Partition 0	2129,2138,2068
Partition 1	2130,2139,2140
Partition 2	2131,2076,2150
Partition 4	2132,2133,2135
Partition 5	2147,2145,2148,2141
Partition 6	2146,2063,2099,2100
Partition 7	2134,2136,2137,2082,2083
Partition 8	2097,2088,2062
Partition 9	2142,2143,2144
Partition 10	2069,2079,2080,2085
Partition 11	2081,2084,2086
Partition 12	2111,2112,2113
Partition 13	2091,2183,2190,2182
Partition 14	2087,2109,2108
Partition 15	2090,2092,2093,2089
Partition 16	2065,2096,2075
Partition 17	2077,2078,2067
Partition 18	2102,2103,2101,2104
Partition 19	2098,2149,2094,2095
Partition 20	2105,2107,2106
Partition 21	2125,2126,2180,2181
Partition 22	2124,2188,2123,2110
Partition 23	2064,2120,2179
Partition 24	2073,2119,2122
Partition 25	2116,2117,2118,2121
Partition 26	2191,2193,2194
Partition 27	2066,2192,2189
Partition 28	2196,2197,2198
Partition 29	2199,2200,2184
Partition 30	2185,2186,2195,2187
Partition 31	2158,2157,2160
Partition 32	2072,2156,2074
Partition 33	2163,2164,2166
Partition 34	2162,2155,2159
Partition 35	2070,2161,2165
Partition 36	2114,2071,2115
Partition 37	2128,2174,2173,2177
Partition 38	2127,2176,2175,2178
Partition 39	2167,2168,2171
Partition 40	2170,2153,2151,2152
Partition 41	2169,2154,2172
path	3
T	27
cut	108
Partition 0	2129,2138,2068
Partition 1	2130,2139,2076
Partition 2	2066,2131,2142
Partition 3	2132,2135,2144
Partition 4	2133,2134,2136
Partition 5	2147,2145,2148
Partition 6	2102,2101,2099
Partition 7	2137,2082,2083
Partition 8	2078,2088,2062
Partition 9	2140,2141,2149,2150,2151
Partition 10	2065,2079,2185
Partition 11	2080,2081,2084
Partition 12	2069,2111,2113
Partition 13	2183,2182,2123
Partition 14	2124,2109,2108
Partition 15	2090,2091,2092
Partition 16	2096,2077,2097,2063,2089
Partition 17	2098,2146,2087,2105
Partition 18	2103,2100,2104
Partition 19	2075,2067,2094,2095
Partition 20	2093,2107,2106
Partition 21	2064,2125,2126
Partition 22	2112,2188,2110
Partition 23	2120,2179,2181
Partition 24	2073,2119,2122,2180
Partition 25	2116,2117,2118,2121
Partition 26	2192,2143,2191,2193,2194
Partition 27	2187,2189,2190
Partition 28	2196,2197,2198
Partition 29	2199,2200,2184
Partition 30	2186,2085,2195,2086
Partition 31	2158,2157,2160
Partition 32	2072,2156,2074
Partition 33	2163,2164,2166
Partition 34	2162,2155,2159
Partition 35	2070,2161,2165
Partition 36	2114,2071,2115
Partition 37	2128,2174,2173,2177
Partition 38	2127,2176,2175,2178
Partition 39	2167,2168,2171
Partition 40	2170,2153,2152
Partition 41	2169,2154,2172
path	4
T	26
cut	103
Partition 0	2131,2129,2132,2138,2143,2135,2068
Partition 1	2130,2139,2076
Partition 2	2066,2142,2192
Partition 4	2133,2134,2136
Partition 5	2147,2145,2148
Partition 6	2146,2063,2099,2100
Partition 7	2137,2082,2083
Partition 8	2091,2088,2089,2062
Partition 9	2140,2144,2141,2149,2150,2151
Partition 10	2079,2080,2085
Partition 11	2081,2084,2086
Partition 12	2069,2111,2113
Partition 13	2112,2186,2110
Partition 14	2087,2109,2108
Partition 15	2090,2092,2093
Partition 16	2096,2097,2075
Partition 17	2077,2078,2067
Partition 18	2102,2103,2101
Partition 19	2098,2094,2095,2104
Partition 20	2105,2107,2106
Partition 21	2064,2125,2180
Partition 22	2124,2126,2122,2123
Partition 23	2188,2179,2181
Partition 24	2073,2119,2175
Partition 25	2116,2117,2118,2121
Partition 26	2191,2193,2194
Partition 27	2195,2189,2190
Partition 28	2196,2197,2198
Partition 29	2199,2200,2184
Partition 30	2065,2185,2183,2187,2182
Partition 31	2158,2157,2160
Partition 32	2072,2156,2074
Partition 33	2163,2164,2166
Partition 34	2162,2155,2159
Partition 35	2070,2161,2165
Partition 36	2114,2071,2115
Partition 37	2128,2174,2173,2177
Partition 38	2127,2120,2176,2178
Partition 39	2167,2168,2171
Partition 40	2170,2153,2152
Partition 41	2169,2154,2172
path	5
T	30
cut	104
Partition 0	2129,2138,2143
Partition 1	2130,2139,2140
Partition 2	2066,2192,2076,2068
Partition 3	2131,2132,2133,2135
Partition 4	2142,2088,2082,2062
Partition 5	2144,2147,2145,2148
Partition 6	2146,2063,2099,2100,2104
Partition 7	2134,2136,2137
Partition 8	2096,2075,2083
Partition 9	2141,2149,2150
Partition 10	2065,2079,2080,2085,2110
Partition 11	2112,2091,2086,2089
Partition 12	2069,2111,2113
Partition 14	2087,2109,2108
Partition 15	2090,2092,2093
Partition 16	2078,2081,2084
Partition 17	2077,2067,2105
Partition 18	2102,2103,2101
Partition 19	2098,2094,2095
Partition 20	2097,2107,2106
Partition 21	2064,2125,2183,2126,2182,2188
Partition 22	2121,2124,2122,2123
Partition 23	2120,2179,2181
Partition 25	2116,2117,2118,2073,2119,2180
Partition 26	2191,2193,2194
Partition 27	2187,2189,2190
Partition 28	2196,2197,2198
Partition 29	2199,2200,2184
Partition 30	2185,2186,2195
Partition 31	2158,2157,2160
Partition 32	2072,2156,2074
Partition 33	2163,2164,2166
Partition 34	2162,2155,2159
Partition 35	2070,2161,2165
Partition 36	2114,2071,2115
Partition 37	2128,2174,2173,2177
Partition 38	2127,2176,2175,2178
Partition 39	2167,2168,2171
Partition 40	2170,2153,2151,2152
Partition 41	2169,2154,2172
