cut	62
Partition 0	3524,3584
Partition 1	3572,3573
Partition 2	3574,3575
Partition 3	3577,3576
Partition 4	3585,3588
Partition 5	3586,3587
Partition 6	3527,3564
Partition 7	3528,3529,3530
Partition 8	3567,3568
Partition 9	3565,3569
Partition 10	3560,3561
Partition 11	3562,3563,3570
Partition 12	3542,3541
Partition 13	3523,3566,3540
Partition 14	3532,3531
Partition 15	3520,3559,3558
Partition 16	3544,3526,3557
Partition 17	3556,3521
Partition 18	3555,3554
Partition 19	3595,3571,3596
Partition 20	3598,3597
Partition 21	3534,3536
Partition 22	3535,3578
Partition 23	3537,3538,3533
Partition 24	3522,3539
Partition 25	3579,3580
Partition 26	3551,3550
Partition 27	3594,3593
Partition 28	3583,3582,3581
Partition 29	3591,3525,3592
Partition 30	3589,3590
Partition 31	3553,3552
Partition 32	3548,3549,3547
Partition 33	3543,3545,3546
