path	1
T	17
cut	77
Partition 0	7546,7547,7548
Partition 1	7493,7521,7549,7497
Partition 2	7574,7575,7580
Partition 3	7509,7510,7523,7524
Partition 5	7513,7517,7518
Partition 6	7504
Partition 7	7511,7512,7565
Partition 8	7503
Partition 9	7550,7562,7564,7559,7563
Partition 10	7569,7540,7541,7570
Partition 11	7593,7594,7589,7595
Partition 12	7494,7537
Partition 13	7539,7536,7590,7591,7534,7535,7592
Partition 14	7530,7531,7533,7532
Partition 15	7583,7522,7582,7585,7584,7586
Partition 16	7505,7520,7581,7508,7519,7588,7587
Partition 17	7573,7572
Partition 18	7542,7544,7543
Partition 19	7490,7506,7528,7529,7492
Partition 20	7551,7552,7560,7561
Partition 21	7553,7556,7568,7566,7554
Partition 22	7555,7495
Partition 23	7526
Partition 24	7527
Partition 26	7515,7516
Partition 28	7514
Partition 32	7571
Partition 33	7579
Partition 36	7491,7500,7576,7577,7578,7496
Partition 37	7558
Partition 41	7557
Partition 42	7538
Partition 43	7507
Partition 45	7501,7545
Partition 47	7567
Partition 49	7502
Partition 50	7498,7499
Partition 51	7525
path	2
T	14
cut	72
Partition 0	7546,7547,7548
Partition 1	7493,7521,7549,7526,7497
Partition 2	7575,7580
Partition 3	7509,7510,7523
Partition 4	7576,7577,7578,7524,7522,7525
Partition 5	7517,7518,7519
Partition 6	7501,7545
Partition 7	7491,7511,7512,7565
Partition 8	7516,7500,7502,7503,7504,7496
Partition 9	7550,7562,7564,7559,7563
Partition 10	7569,7540,7541,7570
Partition 11	7593,7594,7589,7595
Partition 12	7494,7537,7538
Partition 13	7539,7536,7590,7591,7535,7592
Partition 14	7530,7531,7533,7532
Partition 15	7583,7582,7585,7584,7588,7586,7587
Partition 17	7534
Partition 18	7542,7544,7543
Partition 19	7490,7506,7528,7529,7492
Partition 20	7551,7552,7560,7561
Partition 21	7567,7554
Partition 22	7515,7557,7553,7555,7556,7558
Partition 23	7571
Partition 24	7579
Partition 25	7527
Partition 29	7568,7572
Partition 31	7566
Partition 32	7514
Partition 34	7507,7573
Partition 35	7495
Partition 38	7498,7499
Partition 40	7574
Partition 41	7513
Partition 42	7520
Partition 43	7505,7581,7508
path	3
T	19
cut	75
Partition 0	7546,7547,7548
Partition 1	7493,7521,7549,7526,7497
Partition 2	7575,7580,7579
Partition 3	7509,7510,7513,7523,7574,7576,7496
Partition 4	7524,7525
Partition 5	7498,7499,7520,7518,7519
Partition 6	7501,7545
Partition 7	7511,7512,7565
Partition 8	7502,7504
Partition 9	7550,7562,7564,7559,7563
Partition 10	7569,7505,7540,7541,7581,7570
Partition 11	7593,7594,7589,7595
Partition 12	7494,7537,7538
Partition 13	7539,7536,7590,7591,7534,7535,7592
Partition 14	7530,7531,7533,7532
Partition 15	7582,7585,7584,7586
Partition 17	7571,7572
Partition 18	7542,7544,7543
Partition 19	7490,7506,7528,7529,7492
Partition 20	7551,7552,7560,7561
Partition 21	7566,7567
Partition 22	7515,7557,7553,7555,7556,7558
Partition 25	7577
Partition 27	7527
Partition 29	7514
Partition 30	7568
Partition 31	7517
Partition 32	7491
Partition 33	7500
Partition 34	7516
Partition 36	7503
Partition 37	7507,7508,7573
Partition 38	7495
Partition 39	7554
Partition 40	7588,7587
Partition 41	7583
Partition 43	7522
Partition 45	7578
path	4
T	10
cut	71
Partition 0	7501,7546,7527,7545,7547,7548
Partition 1	7493,7521,7549,7526,7497
Partition 2	7574,7575
Partition 3	7509,7510,7523
Partition 4	7576,7577,7578
Partition 5	7516,7517,7518
Partition 6	7496
Partition 7	7491,7511,7512,7565,7498,7499,7566
Partition 8	7502,7504
Partition 9	7550,7564,7559,7571,7563
Partition 10	7503,7569,7540,7541,7570
Partition 11	7593,7594,7588,7589,7595
Partition 12	7494,7537,7555,7538
Partition 13	7539,7536,7590,7591,7534,7535,7592
Partition 14	7530,7531,7533,7532
Partition 15	7582,7585,7584,7586,7587
Partition 16	7508,7519
Partition 17	7573,7572
Partition 18	7542,7544,7543,7583,7505,7581
Partition 19	7490,7506,7528,7514,7529,7492
Partition 20	7562,7560,7561
Partition 21	7567,7554
Partition 22	7557,7553,7552,7556,7558
Partition 23	7551,7495
Partition 24	7568
Partition 25	7524,7525,7580,7579
Partition 26	7507
Partition 27	7522
Partition 28	7520
Partition 29	7513
Partition 30	7515
Partition 31	7500
path	5
T	12
cut	75
Partition 0	7547,7548,7579
Partition 1	7493,7521,7549,7526,7497
Partition 2	7574,7575,7580
Partition 3	7509,7510,7523
Partition 4	7576,7577,7578,7524,7522,7525
Partition 5	7517,7518,7519
Partition 6	7496
Partition 7	7513,7512,7565,7498,7499,7545
Partition 8	7508
Partition 9	7501,7550,7564,7559,7563
Partition 10	7569,7540,7541,7570
Partition 11	7593,7594,7589
Partition 12	7494,7537,7538
Partition 13	7539,7536,7591,7534,7535,7592
Partition 14	7530,7531,7533,7532
Partition 15	7581,7582,7585,7584
Partition 16	7588,7587
Partition 17	7573,7590
Partition 18	7542,7544,7543
Partition 19	7490,7506,7528,7514,7529,7492
Partition 20	7507,7551,7552,7560,7561
Partition 21	7566,7567,7554
Partition 22	7515,7516,7557,7555,7556,7558
Partition 25	7495
Partition 27	7571,7572
Partition 28	7562
Partition 29	7511
Partition 30	7520
Partition 33	7500,7502,7503,7504
Partition 34	7491
Partition 35	7553
Partition 36	7527
Partition 37	7546
Partition 41	7568
Partition 42	7505
Partition 43	7595
Partition 44	7586
Partition 45	7583
path	6
T	12
cut	80
Partition 0	7546,7547,7548
Partition 1	7493,7521,7549,7497
Partition 2	7574,7575,7580
Partition 3	7509,7510,7523,7524
Partition 5	7513,7517,7518
Partition 7	7511,7512,7565
Partition 8	7503
Partition 9	7564,7563
Partition 10	7569,7540,7541,7570
Partition 11	7593,7594,7589,7595
Partition 12	7494,7537
Partition 13	7539,7536,7590,7591,7534,7535,7592
Partition 14	7530,7531,7533,7532
Partition 15	7583,7522,7582,7585,7584,7586
Partition 16	7505,7520,7581,7508,7519,7588,7587
Partition 17	7573,7572
Partition 18	7543,7553
Partition 19	7490,7506,7528,7529,7492
Partition 20	7551,7552,7560,7561
Partition 21	7556,7568
Partition 22	7555,7495
Partition 23	7526
Partition 24	7527
Partition 26	7515,7516
Partition 28	7514
Partition 32	7571
Partition 33	7579
Partition 36	7491,7500,7504,7576,7577,7496
Partition 37	7559,7558
Partition 41	7557
Partition 42	7538
Partition 43	7507
Partition 45	7501,7545
Partition 47	7566,7567,7554
Partition 49	7502
Partition 50	7498,7499
Partition 51	7525
Partition 53	7578
Partition 54	7550
Partition 56	7562
Partition 58	7544
Partition 60	7542
path	7
T	16
cut	77
Partition 0	7546,7547,7548
Partition 1	7493,7521,7549,7526,7497
Partition 2	7575,7580,7588,7589
Partition 3	7509,7510,7523
Partition 4	7524,7525,7534
Partition 5	7517,7518,7519
Partition 6	7501,7545
Partition 7	7491,7511,7512,7565
Partition 8	7516,7500,7502,7503,7504,7496
Partition 9	7550,7559
Partition 10	7569,7540,7541,7581,7571,7570
Partition 11	7593,7594,7595
Partition 12	7564,7590
Partition 13	7539,7536,7535
Partition 14	7530,7531,7533,7532
Partition 15	7566,7567,7585,7584,7554,7586,7587
Partition 18	7542,7544,7543
Partition 19	7490,7506,7528,7529,7492
Partition 20	7562,7561
Partition 22	7515,7557,7553,7555,7552,7556,7558
Partition 24	7579
Partition 25	7527
Partition 29	7568,7572
Partition 32	7514
Partition 35	7551,7495
Partition 38	7498,7499
Partition 40	7574
Partition 41	7513
Partition 42	7520
Partition 43	7505
Partition 45	7507,7537,7538,7560,7573
Partition 46	7591,7592
Partition 50	7508
Partition 52	7582
Partition 53	7583
Partition 54	7576,7577,7578
Partition 56	7522
Partition 57	7494
Partition 60	7563
path	8
T	12
cut	81
Partition 0	7546,7547,7548
Partition 1	7493,7521,7549,7526,7497
Partition 2	7575,7580,7579
Partition 3	7509,7510,7513,7523,7574,7576,7496
Partition 4	7524,7525
Partition 5	7520,7518,7519
Partition 6	7501,7545
Partition 7	7511,7512,7565,7499,7562
Partition 8	7500,7504,7505
Partition 9	7564,7563
Partition 10	7569,7540,7541,7570
Partition 11	7593,7594,7589,7595
Partition 12	7494,7537,7538
Partition 13	7536,7534,7535
Partition 14	7530,7531,7533,7532
Partition 15	7582,7585,7584,7586
Partition 17	7550,7571,7568,7572
Partition 18	7542,7544,7543
Partition 19	7490,7506,7528,7529,7492
Partition 20	7507,7551,7552,7560,7561
Partition 21	7566,7567
Partition 22	7515,7557,7553,7555,7556,7558
Partition 25	7577
Partition 27	7527
Partition 29	7514
Partition 30	7573
Partition 31	7517
Partition 32	7491
Partition 33	7502
Partition 34	7516
Partition 36	7503
Partition 37	7590
Partition 38	7495
Partition 39	7554
Partition 40	7588,7587
Partition 41	7583
Partition 43	7522
Partition 45	7578
Partition 47	7508
Partition 48	7581
Partition 50	7498
Partition 51	7539,7592
Partition 58	7591
Partition 59	7559
path	9
T	8
cut	74
Partition 0	7501,7546,7527,7545,7547,7548
Partition 1	7493,7521,7549,7526,7497
Partition 2	7574,7575
Partition 3	7509,7510,7523
Partition 4	7576,7577,7578
Partition 5	7516,7517,7518
Partition 6	7496
Partition 7	7491,7511,7512,7565,7498,7499,7566
Partition 8	7502,7504
Partition 9	7550,7564,7559,7571,7563,7570
Partition 10	7581
Partition 11	7593,7594,7588,7589,7595
Partition 12	7494,7537,7555,7538
Partition 13	7539,7536,7590,7591,7534,7535,7592
Partition 14	7530,7531,7533,7532
Partition 15	7582,7585,7584,7586,7587
Partition 16	7508,7519
Partition 17	7573,7572
Partition 18	7542,7544,7543
Partition 19	7490,7506,7528,7529,7492
Partition 20	7562,7560,7561
Partition 21	7567,7554
Partition 22	7557,7553,7552,7556,7558
Partition 23	7551,7495
Partition 24	7568
Partition 25	7524,7525
Partition 26	7507
Partition 27	7522
Partition 28	7520
Partition 29	7513
Partition 30	7514,7515
Partition 31	7500
Partition 35	7503,7569,7541
Partition 37	7583
Partition 40	7580,7579
Partition 41	7505
Partition 42	7540
path	10
T	16
cut	77
Partition 0	7547,7548,7579
Partition 1	7493,7521,7549,7526,7497
Partition 2	7574,7575,7580
Partition 3	7509,7510,7523
Partition 4	7576,7577,7578,7524,7522,7525,7534
Partition 5	7505,7508,7517,7518,7519
Partition 6	7502,7503,7504,7546
Partition 7	7512,7565,7498,7499,7562
Partition 8	7507
Partition 9	7564,7563
Partition 10	7569,7540,7541,7570
Partition 11	7593,7594,7589
Partition 12	7494,7537,7538,7539
Partition 13	7520,7536,7535
Partition 14	7530,7531,7533,7532
Partition 15	7581,7582,7585,7584
Partition 16	7588,7587
Partition 17	7573,7590,7591
Partition 18	7542,7544,7543
Partition 19	7490,7506,7528,7529,7492
Partition 20	7551,7552,7560,7561
Partition 21	7566,7567,7554
Partition 22	7515,7516,7557,7555,7556,7558
Partition 25	7495
Partition 27	7571,7572
Partition 33	7491,7500,7511
Partition 34	7496
Partition 35	7553
Partition 36	7527
Partition 41	7568
Partition 42	7513
Partition 43	7595
Partition 44	7586
Partition 45	7583
Partition 46	7545
Partition 47	7514
Partition 48	7592
Partition 49	7501
Partition 50	7559
Partition 56	7550
