cut	67
Partition 0	7546,7527,7545,7547
Partition 1	7549,7550,7559,7571
Partition 2	7493,7521,7526,7497
Partition 3	7498,7499,7562,7563
Partition 4	7501,7573,7564,7590
Partition 5	7565,7568,7566,7572
Partition 6	7548,7575,7580,7579
Partition 7	7576,7577,7496,7578
Partition 8	7523,7524,7522,7525
Partition 9	7509,7510,7513,7512
Partition 10	7491,7500,7511,7504
Partition 11	7574,7569,7540,7541,7570
Partition 12	7516,7502,7503,7517
Partition 13	7539,7591,7592,7593
Partition 14	7595,7594,7588,7589
Partition 15	7585,7584,7586,7587
Partition 16	7520,7536,7519,7518
Partition 17	7505,7581,7508,7582
Partition 18	7535,7533,7534,7532
Partition 19	7553,7552,7567,7554
Partition 20	7557,7555,7556,7558
Partition 21	7494,7537,7551,7495,7538
Partition 22	7514,7515,7544,7583
Partition 23	7542,7543,7530,7531
Partition 24	7506,7507,7560,7561
Partition 25	7490,7528,7492,7529
