path	1
T	4
cut	15
Partition 0	819,811,796
Partition 1	814,820,821,822
Partition 2	798,802,817,803,800,818,816
Partition 3	809,812,813
Partition 4	797,801,807,806
Partition 5	804,805,799
Partition 6	825,810,815,823,824,808
path	2
T	3
cut	14
Partition 0	816,818,800,819
Partition 1	814,820,821,822
Partition 2	798,802,817,803
Partition 3	809,812,811,813
Partition 4	797,801,796,808,807
Partition 5	804,805,799,806
Partition 6	825,810,815,823,824
path	3
T	5
cut	14
Partition 0	816,818,800,819,797,801,809
Partition 1	814,820,821,822
Partition 2	798,802,817,803
Partition 3	812,811,813
Partition 4	796,808,807
Partition 5	804,805,799,806
Partition 6	825,810,815,823,824
path	4
T	3
cut	14
Partition 0	816,818,800,819
Partition 1	814,820,821,822
Partition 2	798,802,817,803
Partition 3	809,812,811,813
Partition 4	797,801,796,808,807
Partition 5	804,805,799,806
Partition 6	825,810,815,823,824
path	5
T	3
cut	14
Partition 0	816,818,800,819
Partition 1	814,820,821,822
Partition 2	798,802,817,803
Partition 3	809,812,811,813
Partition 4	797,801,796,808,807
Partition 5	804,805,799,806
Partition 6	825,810,815,823,824
path	6
T	3
cut	16
Partition 0	816,818,800,819,801
Partition 1	814,820,821,822,815
Partition 2	798,802,817,803
Partition 3	809,812,813,797
Partition 4	807,806,805
Partition 5	804,799,796,811,810
Partition 6	825,823,824,808
path	7
T	3
cut	14
Partition 0	816,818,800,819
Partition 1	814,820,821,822
Partition 2	798,802,817,803
Partition 3	809,812,811,813
Partition 4	797,801,796,808,807
Partition 5	804,805,799,806
Partition 6	825,810,815,823,824
path	8
T	3
cut	14
Partition 0	816,818,800,819
Partition 1	814,820,821,822
Partition 2	798,802,817,803
Partition 3	809,812,811,813
Partition 4	797,801,796,808,807
Partition 5	804,805,799,806
Partition 6	825,810,815,823,824
path	9
T	5
cut	14
Partition 0	816,818,800,819,797,801
Partition 1	814,820,821,822
Partition 2	798,802,817,803
Partition 3	809,812,811,813,810
Partition 4	796,808,807
Partition 5	804,805,799,806
Partition 6	825,815,823,824
path	10
T	4
cut	16
Partition 0	816,818,800,819
Partition 1	820,821,822,815,823
Partition 2	802,803,806
Partition 3	809,812,813,797,810
Partition 4	801,807,814
Partition 5	804,805,799,811,796,798,817
Partition 6	825,824,808
