path	1
T	3
cut	11
Partition 0	804,805,813,797,799,796
Partition 1	812,814,810,811
Partition 2	817,798,808,816,815
Partition 3	800,801,809
Partition 4	803,807,806,802
path	2
T	3
cut	8
Partition 0	804,805,813,797,812,814
Partition 1	810,811,799
Partition 2	817,798,808,816,815
Partition 3	800,801,809,796
Partition 4	803,807,806,802
path	3
T	2
cut	9
Partition 0	804,805,813,797
Partition 1	812,814,810,811,815
Partition 2	817,798,808,816
Partition 3	800,801,799,809,796
Partition 4	803,807,806,802
path	4
T	3
cut	9
Partition 0	804,805,813,797
Partition 1	810,811,799
Partition 2	817,798,808,816
Partition 3	800,801,809,815,814,812,796
Partition 4	803,807,806,802
path	5
T	4
cut	11
Partition 0	799,800,802,801
Partition 1	812,814,810,811
Partition 2	806,796,804,805,809,797
Partition 3	798,807,803,813
Partition 4	816,808,817,815
path	6
T	3
cut	11
Partition 0	804,805,813,797,799,796,806
Partition 1	812,810,811
Partition 2	817,798,808,816
Partition 3	800,801,809
Partition 4	803,807,802,815,814
path	7
T	4
cut	10
Partition 0	804,813,797
Partition 1	812,814,810,811,799
Partition 2	817,798,808,816
Partition 3	800,801,809,815,796,805
Partition 4	803,807,806,802
path	8
T	3
cut	11
Partition 0	804,805,813,797,796,800
Partition 1	812,810,811,799,801
Partition 2	817,798,808,816
Partition 3	809,815,814
Partition 4	803,807,806,802
path	9
T	2
cut	9
Partition 0	804,805,813,797
Partition 1	812,814,810,811
Partition 2	817,798,808,816,815,809
Partition 3	800,801,799
Partition 4	803,807,796,806,802
path	10
T	4
cut	10
Partition 0	804,797,796
Partition 1	812,814,810,811,799,813
Partition 2	817,798,808,816
Partition 3	800,801,809,815
Partition 4	803,807,806,802,805
