cut	44
Partition 0	7514,7555,7550
Partition 1	7557,7556
Partition 2	7559,7554,7558
Partition 3	7541,7542
Partition 4	7531,7548,7549
Partition 5	7491,7546,7547
Partition 6	7532,7533,7530
Partition 7	7534,7551
Partition 8	7529,7553,7552
Partition 9	7503,7502,7501
Partition 10	7513,7504,7512
Partition 11	7500,7499
Partition 12	7536,7537,7538
Partition 13	7511,7508,7510
Partition 14	7507,7509
Partition 15	7497,7493,7535
Partition 16	7516,7515
Partition 17	7540,7539,7492
Partition 18	7494,7506,7505
Partition 19	7490,7518
Partition 20	7520,7519,7517
Partition 21	7521,7522,7528
Partition 22	7543,7544,7545
Partition 23	7495,7498
Partition 24	7496,7526,7527
Partition 25	7523,7524,7525
