path	1
T	13
cut	76
Partition 0	3521,3539,3540
Partition 1	3547,3548,3549,3550
Partition 2	3524,3544,3529,3522
Partition 3	3581,3545,3582
Partition 4	3554,3555,3525
Partition 5	3613,3616,3617
Partition 6	3587,3591,3588
Partition 7	3579,3537,3538,3566,3609,3556,3557
Partition 8	3600,3599
Partition 9	3543,3614,3607,3615
Partition 10	3542,3523,3577
Partition 11	3558,3559,3568,3562,3584
Partition 12	3570,3569,3571,3572
Partition 13	3589,3590,3520
Partition 14	3532,3533
Partition 15	3526,3527,3535,3528,3536
Partition 16	3551,3553,3552
Partition 17	3596,3597,3586,3592
Partition 18	3598,3561,3601,3534,3602
Partition 19	3593,3603,3594,3595,3604
Partition 20	3618,3605,3619,3620
Partition 21	3621,3622,3623,3624
Partition 22	3574,3575,3576,3565,3567,3563,3573
Partition 24	3564,3606
Partition 27	3530
Partition 28	3531
Partition 29	3578
Partition 30	3541
Partition 31	3585
Partition 34	3608,3612,3610,3611
Partition 35	3583
Partition 41	3546
Partition 42	3580
Partition 43	3560
path	2
T	11
cut	76
Partition 0	3521,3539,3540
Partition 1	3547,3548,3549,3550
Partition 2	3529,3530,3522
Partition 3	3581,3544,3545
Partition 4	3554,3555,3556,3583,3582
Partition 5	3616,3615,3617
Partition 6	3587,3610,3611,3588
Partition 7	3541,3537,3538,3566,3609,3557
Partition 8	3578,3579
Partition 9	3614,3606,3607
Partition 10	3542,3543,3523,3577,3564,3565
Partition 11	3558,3559,3568,3584
Partition 12	3570,3569,3571,3572
Partition 13	3589,3590,3520
Partition 14	3586,3591,3592
Partition 15	3526,3527,3535,3536
Partition 16	3551,3553,3552
Partition 17	3596,3597,3598,3533,3534
Partition 18	3560,3561,3601,3602
Partition 19	3593,3603,3594,3595,3604
Partition 20	3618,3605,3619,3620
Partition 21	3621,3622,3623,3624
Partition 22	3574,3575,3576,3567,3573
Partition 24	3562,3563
Partition 26	3608,3612
Partition 27	3613
Partition 29	3585
Partition 30	3528
Partition 32	3580
Partition 33	3546
Partition 35	3524
Partition 38	3600
Partition 39	3599
Partition 40	3525
Partition 42	3531,3532
path	3
T	16
cut	70
Partition 0	3521,3539,3540
Partition 1	3547,3548,3549,3550
Partition 2	3524,3544,3529,3530,3522
Partition 3	3546,3581,3545,3580,3582
Partition 4	3554,3555,3556,3583
Partition 5	3613,3616,3617
Partition 6	3587,3610,3611,3588
Partition 7	3541,3537,3538,3566,3609,3557
Partition 8	3578,3579,3600,3599,3615
Partition 9	3543,3608,3614,3606,3607
Partition 10	3542,3523,3577,3564,3565
Partition 11	3558,3559,3568
Partition 12	3570,3520,3571
Partition 13	3525,3589,3590,3591
Partition 14	3531,3532,3586,3584,3585
Partition 15	3526,3527,3535,3536
Partition 16	3551,3553,3552
Partition 17	3597,3598,3533,3534
Partition 18	3560,3561,3601,3602
Partition 19	3593,3603,3594,3595,3604
Partition 20	3618,3605,3619,3620
Partition 21	3621,3622,3623,3624
Partition 22	3574,3575,3576,3567,3573
Partition 23	3562
Partition 26	3592
Partition 30	3612
Partition 31	3563
Partition 33	3569,3572
Partition 35	3528
Partition 36	3596
path	4
T	19
cut	79
Partition 0	3521,3539,3540
Partition 1	3547,3548,3549,3550
Partition 2	3529,3530,3522
Partition 3	3581,3545,3582
Partition 4	3554,3555,3556,3583
Partition 5	3616,3615,3617
Partition 6	3543,3608,3587,3591,3610,3611,3588
Partition 7	3537,3538,3609
Partition 8	3578,3579,3600,3599,3580
Partition 9	3606
Partition 10	3542,3523,3577
Partition 11	3558,3559,3568,3584
Partition 12	3570,3569,3571,3572
Partition 13	3589,3590,3520
Partition 14	3531,3532,3586,3585
Partition 15	3526,3535,3536,3551
Partition 16	3533,3528,3552
Partition 17	3596,3597,3598,3534,3593,3594
Partition 18	3561,3601,3602
Partition 19	3603,3595,3604
Partition 20	3618,3605,3619,3620
Partition 21	3621,3622,3553,3623,3624
Partition 22	3574,3575,3576,3566,3573
Partition 23	3541
Partition 25	3557,3613
Partition 26	3614
Partition 27	3562
Partition 29	3524
Partition 30	3592
Partition 33	3527,3525
Partition 35	3607
Partition 36	3544
Partition 37	3564,3565,3567,3563
Partition 38	3546
Partition 39	3612
Partition 41	3560
path	5
T	20
cut	68
Partition 0	3521,3539,3540
Partition 1	3547,3530,3599
Partition 2	3524,3544,3564,3529,3522
Partition 3	3581,3580,3582
Partition 4	3554,3555,3556,3583
Partition 5	3616,3615,3617
Partition 6	3587,3565,3610,3611,3588
Partition 7	3541,3537,3538,3566,3609,3557
Partition 8	3578,3579
Partition 9	3543,3608,3614,3606,3607
Partition 10	3542,3523,3577
Partition 11	3558,3559,3568,3584,3585
Partition 12	3570,3569,3571,3572
Partition 13	3525,3589,3590,3591
Partition 14	3531,3532,3586,3592
Partition 15	3526,3527,3535,3536
Partition 16	3533,3528
Partition 17	3596,3597,3598,3534
Partition 18	3560,3561,3601,3602
Partition 19	3593,3603,3594,3595,3604
Partition 20	3621,3618,3605,3619,3620
Partition 21	3622,3551,3553,3623,3624,3552
Partition 22	3574,3575,3576,3567,3573
Partition 26	3550
Partition 27	3613,3612
Partition 30	3562,3520,3563
Partition 31	3546,3548,3545,3549
Partition 33	3600
