path	1
T	14
cut	57
Partition 0	3524,3528,3574,3529,3530
Partition 2	3584,3585
Partition 3	3575,3577,3576
Partition 4	3572,3586,3587
Partition 5	3563
Partition 6	3540,3523
Partition 7	3542,3541
Partition 8	3567,3568,3527,3564,3565,3570,3569
Partition 9	3566,3531,3532,3558,3520
Partition 10	3560,3561,3559
Partition 11	3534,3535,3536
Partition 13	3548,3549,3547
Partition 14	3589,3590,3591,3592,3593
Partition 15	3543,3545,3546
Partition 16	3571,3596,3597
Partition 17	3521,3556,3598
Partition 18	3555,3554
Partition 19	3583,3594,3595
Partition 20	3580,3578,3581,3582
Partition 21	3579,3552,3550,3551
Partition 22	3553
Partition 24	3522
Partition 26	3539
Partition 27	3557
Partition 28	3562
Partition 31	3525,3533
Partition 33	3537,3538
Partition 36	3526,3544
Partition 40	3573
Partition 41	3588
path	2
T	12
cut	57
Partition 0	3528,3529,3530
Partition 1	3574,3527,3564
Partition 2	3524,3560,3584,3585
Partition 3	3575,3577,3576
Partition 4	3586,3587,3592,3588
Partition 5	3567,3566
Partition 6	3540,3523
Partition 7	3542,3541
Partition 8	3568,3563,3570,3569
Partition 9	3526,3531,3532,3520
Partition 10	3561,3559,3562
Partition 11	3534,3535
Partition 12	3537,3533,3538
Partition 13	3548,3549,3547
Partition 14	3589,3590,3591,3525
Partition 15	3545,3546,3544
Partition 16	3571,3596,3597
Partition 17	3521,3556,3598
Partition 18	3522,3539,3555,3554
Partition 19	3583,3594,3595,3593
Partition 20	3580,3578,3581,3582
Partition 21	3579,3552,3550,3551
Partition 22	3557
Partition 24	3536
Partition 25	3558
Partition 26	3553
Partition 28	3543
Partition 29	3573,3565
Partition 31	3572
path	3
T	12
cut	54
Partition 0	3528,3529,3530
Partition 1	3574,3527,3564
Partition 2	3524,3584,3585
Partition 3	3573,3575,3577,3576
Partition 4	3572,3586,3587
Partition 5	3567,3566
Partition 6	3540,3523
Partition 7	3542,3541,3565,3526
Partition 8	3568,3563,3570,3569
Partition 9	3531,3557,3532,3558,3520
Partition 10	3560,3561,3559,3562,3544
Partition 11	3534,3535,3536
Partition 12	3537,3533,3538
Partition 13	3548,3549,3547
Partition 14	3589,3590,3591,3592
Partition 15	3543,3545,3546
Partition 16	3571,3596,3597
Partition 17	3521,3556,3598
Partition 18	3522,3539,3555,3554
Partition 19	3583,3594,3595
Partition 20	3580,3578,3581,3582
Partition 21	3579,3552,3550,3551
Partition 22	3525
Partition 23	3593
Partition 26	3553
Partition 27	3588
path	4
T	11
cut	58
Partition 0	3528,3529,3530
Partition 1	3527,3564
Partition 2	3584,3585
Partition 3	3575,3577,3576
Partition 4	3586,3587,3588
Partition 5	3567,3568
Partition 6	3540,3523
Partition 7	3542,3541,3565,3526
Partition 8	3570,3569
Partition 9	3531,3532,3520
Partition 10	3560,3561,3559
Partition 11	3534,3535,3536
Partition 12	3537,3525,3533,3538
Partition 13	3548,3549,3547
Partition 14	3589,3590,3591,3592
Partition 15	3543,3545,3546,3544
Partition 16	3571,3596,3597
Partition 17	3521,3556
Partition 18	3539,3555,3554
Partition 19	3583,3594,3595
Partition 20	3580,3578,3581,3582
Partition 21	3524,3574,3579,3552,3550,3551
Partition 22	3562,3557,3558
Partition 23	3566
Partition 24	3593
Partition 25	3563
Partition 26	3553
Partition 28	3598
Partition 30	3522
Partition 31	3572
Partition 32	3573
path	5
T	18
cut	52
Partition 0	3524,3528,3574,3529,3530
Partition 2	3584,3585
Partition 3	3575,3577,3576
Partition 4	3572,3586,3587
Partition 5	3567,3568
Partition 6	3540,3523
Partition 7	3542,3541,3565,3526,3544
Partition 8	3527,3564,3570,3569
Partition 9	3566,3531,3532,3558,3520
Partition 10	3560,3561,3559
Partition 11	3534,3535,3536
Partition 12	3537,3533,3538
Partition 13	3548,3549,3553,3547
Partition 14	3589,3590,3591,3525,3592,3588,3593
Partition 15	3543,3545,3546
Partition 16	3571,3596,3597
Partition 17	3521,3556,3598
Partition 18	3522,3539,3555,3554
Partition 19	3583,3594,3595
Partition 20	3580,3578,3581,3582
Partition 21	3579,3550,3551
Partition 22	3557
Partition 23	3552
Partition 24	3573
Partition 25	3562,3563
path	6
T	16
cut	58
Partition 0	3524,3528,3574,3529,3530
Partition 2	3584,3585
Partition 3	3575,3577,3576
Partition 4	3572,3586,3587
Partition 6	3540,3523
Partition 7	3542,3541,3565,3526
Partition 8	3527,3564,3570,3569
Partition 9	3531,3532,3558,3520
Partition 10	3560,3561,3559
Partition 11	3534,3535,3536
Partition 13	3548,3549,3547
Partition 14	3589,3590,3591,3592,3593
Partition 15	3543,3545,3546
Partition 16	3571,3596,3597
Partition 17	3521,3556,3598
Partition 18	3555,3554
Partition 19	3583,3594,3595
Partition 20	3580,3578,3581,3582
Partition 21	3579,3552,3550,3551
Partition 22	3553
Partition 27	3557
Partition 28	3562
Partition 31	3563
Partition 33	3538
Partition 36	3544
Partition 40	3573
Partition 41	3588
Partition 43	3522,3539,3567,3568,3566
Partition 44	3533
Partition 45	3537
Partition 47	3525
path	7
T	16
cut	54
Partition 0	3528,3529,3530
Partition 1	3574
Partition 2	3524,3584,3585
Partition 3	3573,3575,3577,3576
Partition 4	3572,3586,3587
Partition 5	3567,3566
Partition 6	3540,3523
Partition 7	3542,3541,3565,3526
Partition 8	3568,3527,3564,3569
Partition 9	3531,3557,3532,3558,3520
Partition 10	3560,3561,3559,3562,3544
Partition 11	3534,3535,3536
Partition 12	3537,3533,3538
Partition 13	3548,3549,3547
Partition 14	3589,3590,3591,3592
Partition 15	3543,3545,3546
Partition 16	3570,3571,3596,3597
Partition 17	3521,3556,3598
Partition 18	3522,3539,3555,3554
Partition 19	3583,3594,3595
Partition 20	3580,3578,3581,3582
Partition 21	3579,3552,3550,3551
Partition 22	3525
Partition 23	3593
Partition 26	3553
Partition 27	3588
Partition 29	3563
path	8
T	9
cut	58
Partition 0	3528,3529,3530
Partition 1	3527,3564
Partition 2	3584,3585
Partition 3	3575,3577,3576
Partition 4	3586,3587,3588
Partition 5	3567,3568
Partition 6	3540,3523
Partition 7	3542,3541,3565,3526,3557
Partition 8	3570,3569
Partition 9	3531,3532
Partition 10	3560,3561,3559
Partition 11	3534,3535,3536
Partition 12	3537,3533,3538
Partition 13	3548,3549,3547
Partition 14	3589,3590,3591,3592
Partition 15	3543,3545,3546,3544
Partition 16	3571,3596,3597
Partition 17	3521,3556
Partition 18	3539,3555,3554
Partition 19	3583,3594,3595
Partition 20	3580,3578,3581,3582
Partition 21	3524,3574,3579,3552,3550,3551
Partition 22	3562,3558
Partition 24	3593
Partition 25	3563
Partition 26	3553
Partition 28	3598
Partition 30	3522
Partition 31	3572,3566,3520
Partition 32	3573
Partition 38	3525
path	9
T	17
cut	54
Partition 0	3524,3528,3574,3529,3530
Partition 2	3584,3585
Partition 3	3575,3577,3576
Partition 4	3572,3586,3587
Partition 5	3567,3568
Partition 6	3540,3523
Partition 7	3542,3541,3565,3526,3544
Partition 8	3527,3564,3570,3569
Partition 9	3566,3531,3532,3558,3520
Partition 10	3560,3561,3559
Partition 11	3534,3535,3536
Partition 12	3537,3533,3538
Partition 13	3548,3549,3553,3547
Partition 14	3589,3590,3591,3592,3588,3593
Partition 15	3543,3545,3546
Partition 16	3571,3596,3597
Partition 17	3521,3556,3598
Partition 18	3522,3539,3555,3554
Partition 19	3594,3595
Partition 20	3580,3578,3581,3582
Partition 21	3579,3550,3551
Partition 22	3557
Partition 23	3552
Partition 24	3573
Partition 25	3562,3563
Partition 26	3525
Partition 27	3583
