path	1
T	3
cut	47
Partition 0	3524,3528,3572,3574
Partition 1	3573,3575,3577,3576
Partition 2	3584,3586,3585,3587,3588
Partition 3	3529,3527,3530,3564
Partition 4	3560,3561,3559,3544
Partition 5	3562,3563,3570,3569,3571
Partition 6	3542,3540,3541,3523
Partition 7	3567,3568,3566,3565,3526
Partition 8	3531,3557,3532,3558,3520
Partition 9	3583,3594,3595,3596,3593
Partition 10	3590,3591,3592
Partition 11	3521,3556,3598,3597
Partition 13	3534,3535,3536,3537
Partition 14	3579,3580,3578,3550,3551
Partition 15	3522,3539,3525,3533,3538
Partition 16	3549,3553,3555,3554,3552
Partition 17	3548,3543,3545,3546,3547
Partition 18	3582
Partition 19	3581
Partition 20	3589
path	2
T	12
cut	57
Partition 0	3524,3528,3572,3574
Partition 1	3575,3576
Partition 2	3584,3586,3585,3587,3588
Partition 4	3560,3559,3544,3520
Partition 5	3579,3550,3551
Partition 6	3542,3540,3541
Partition 7	3522,3539,3567,3568,3566,3565,3538
Partition 8	3531,3557,3532,3558,3523
Partition 9	3595,3563,3564,3570,3569,3571,3596
Partition 10	3589,3590,3591,3592,3593
Partition 11	3597
Partition 13	3534,3535,3536,3537
Partition 14	3529,3561,3562,3527,3530,3521,3556
Partition 15	3525
Partition 16	3549,3553,3555,3554,3552
Partition 17	3548,3543,3545,3546,3547
Partition 18	3581
Partition 21	3594
Partition 25	3598
Partition 29	3573
Partition 31	3577
Partition 32	3578
Partition 35	3583,3582
Partition 36	3580
Partition 38	3526
Partition 40	3533
path	3
T	10
cut	51
Partition 0	3524,3528,3572,3574
Partition 1	3573,3575,3577,3576
Partition 2	3584,3586,3585,3587,3588
Partition 3	3529,3527,3530,3564
Partition 4	3560,3561,3559,3544
Partition 5	3563,3569
Partition 6	3540,3541,3523
Partition 7	3567,3568,3566,3565,3526
Partition 8	3531,3557,3532,3558,3520
Partition 10	3570,3571,3596
Partition 11	3521,3556,3598,3597
Partition 12	3581,3582
Partition 13	3534,3535,3536,3537
Partition 14	3579,3580,3550,3551
Partition 15	3522,3539,3525,3533,3538
Partition 16	3549,3553,3555,3554,3552
Partition 17	3548,3543,3545,3546,3547
Partition 20	3542
Partition 21	3589,3590,3591,3592
Partition 24	3593
Partition 27	3562
Partition 30	3583,3594,3595
Partition 36	3578
path	4
T	14
cut	50
Partition 0	3524,3528,3572,3574
Partition 1	3579,3580,3578,3550,3551
Partition 2	3584,3586,3585,3587,3588
Partition 3	3529,3527,3530,3564
Partition 4	3560,3561,3559,3544
Partition 5	3573,3575,3577,3576
Partition 6	3542,3540,3541,3523
Partition 7	3567,3568,3566,3565,3526
Partition 8	3531,3557,3532,3558,3520
Partition 9	3590,3591,3525,3533,3592,3593
Partition 10	3583,3582
Partition 11	3594,3595,3570,3571,3596,3598,3597
Partition 13	3534,3535,3536,3537
Partition 14	3556
Partition 15	3522,3539,3538
Partition 16	3549,3553,3555,3554,3552
Partition 17	3548,3543,3545,3546,3547
Partition 21	3589
Partition 22	3562
Partition 24	3569
Partition 27	3563
Partition 29	3581
Partition 31	3521
path	5
T	8
cut	55
Partition 0	3524,3528,3572,3574
Partition 1	3575,3583,3577,3576,3582
Partition 2	3584,3586,3585,3587,3588
Partition 3	3529,3527,3530,3564
Partition 4	3562
Partition 5	3579,3580,3550,3551
Partition 6	3542,3540,3541,3523
Partition 7	3567,3568,3566,3565,3526
Partition 8	3531,3557,3532,3558,3520
Partition 9	3589,3590,3594,3595,3563,3570,3571
Partition 13	3534,3535,3536,3537
Partition 14	3521,3556,3598
Partition 15	3544
Partition 16	3549,3553,3555,3554,3552
Partition 17	3548,3543,3545,3546,3547
Partition 18	3581
Partition 20	3596
Partition 21	3591,3525,3533
Partition 26	3578
Partition 27	3561,3522,3539,3559,3538,3592,3593
Partition 28	3573
Partition 31	3597
Partition 33	3569
Partition 34	3560
path	6
T	12
cut	57
Partition 0	3524,3528,3572,3574
Partition 1	3573,3565
Partition 2	3584,3586,3585,3587,3588
Partition 3	3529,3527,3530,3564
Partition 4	3560,3561,3559
Partition 6	3540,3523
Partition 7	3567,3566
Partition 8	3531,3532,3558,3520
Partition 10	3570,3571,3596
Partition 11	3521,3556,3598,3597
Partition 12	3577,3581,3582
Partition 13	3534,3535,3536,3537
Partition 14	3579,3580,3550,3551
Partition 15	3522,3539,3538
Partition 16	3549,3553,3555,3554,3552
Partition 17	3548,3543,3545,3546,3547
Partition 20	3542,3541
Partition 21	3589,3590,3591,3592
Partition 24	3593
Partition 27	3562
Partition 30	3583,3594,3595
Partition 36	3578
Partition 39	3563
Partition 43	3526
Partition 44	3557
Partition 47	3575,3568,3569,3576
Partition 48	3544
Partition 50	3533
Partition 52	3525
path	7
T	12
cut	50
Partition 0	3524,3528,3572,3574
Partition 1	3579,3580,3578,3550,3551
Partition 2	3584,3586,3585,3587,3588
Partition 3	3529,3527,3530,3564
Partition 4	3560,3561,3559,3544
Partition 5	3573,3575,3577,3576
Partition 6	3542,3540,3541,3523
Partition 7	3567,3568,3566,3565,3526
Partition 8	3531,3557,3532,3558,3520
Partition 9	3590,3591,3594,3525,3533,3592,3593
Partition 10	3583,3582
Partition 11	3595,3570,3571,3596,3598,3597
Partition 13	3534,3535,3536,3537
Partition 14	3556
Partition 15	3522,3539,3538
Partition 16	3549,3553,3555,3554,3552
Partition 17	3548,3543,3545,3546,3547
Partition 21	3589
Partition 22	3562
Partition 24	3569
Partition 27	3563
Partition 29	3581
Partition 31	3521
