path	1
T	10
cut	58
Partition 0	3599,3600,3601,3602
Partition 1	3521,3598,3597
Partition 2	3541,3535,3543,3542
Partition 3	3527,3528,3533,3532
Partition 4	3588,3586,3587,3589
Partition 5	3529,3530,3531
Partition 6	3523,3561,3562,3560
Partition 7	3565,3564
Partition 8	3566,3571,3570
Partition 9	3567,3568
Partition 10	3573,3574,3575,3522,3553
Partition 11	3572,3546
Partition 12	3585,3595,3596
Partition 13	3544,3545
Partition 14	3555,3552,3556,3557,3520
Partition 15	3577
Partition 16	3590,3591,3592,3593,3594
Partition 17	3550,3549
Partition 18	3582,3579,3580,3581
Partition 19	3576,3524,3534,3548,3525
Partition 20	3569
Partition 22	3536
Partition 24	3563
Partition 26	3554
Partition 27	3551,3547
Partition 29	3539,3538,3540,3537
Partition 33	3526
Partition 35	3558
Partition 36	3559
Partition 39	3578
Partition 40	3584,3583
path	2
T	12
cut	51
Partition 0	3600,3601,3602
Partition 1	3521,3598,3559,3599,3558
Partition 2	3541,3535,3543,3542
Partition 3	3527,3528,3533,3532
Partition 4	3588,3586,3587,3589
Partition 5	3529,3530,3531
Partition 6	3561,3562,3560,3563
Partition 7	3565,3564
Partition 8	3566,3571,3569,3570
Partition 9	3539,3538,3540,3567,3536,3537,3568
Partition 10	3574,3575,3582
Partition 11	3572,3573,3522,3553,3546
Partition 12	3594,3595,3596
Partition 13	3523,3544
Partition 14	3555,3556,3554
Partition 15	3577,3557,3590,3520
Partition 16	3592,3593
Partition 18	3578,3579,3580,3581
Partition 19	3576,3524,3534,3550,3548,3549,3525
Partition 20	3526
Partition 22	3597
Partition 24	3591
Partition 26	3551,3547
Partition 32	3545,3585,3584,3583
Partition 33	3552
path	3
T	13
cut	55
Partition 0	3599,3600,3571,3601,3602
Partition 1	3521,3598
Partition 2	3541,3535,3543,3542
Partition 3	3527,3528,3533,3532
Partition 4	3588,3586,3587,3589
Partition 5	3529,3530,3531
Partition 6	3561,3560
Partition 7	3563,3565,3564,3566
Partition 8	3567,3568,3569,3570
Partition 9	3538,3537
Partition 10	3574,3575,3582
Partition 11	3572,3573,3522,3553,3546
Partition 12	3594,3595,3596
Partition 13	3523,3544,3545,3547
Partition 14	3555,3552,3556,3554
Partition 15	3577,3536,3557,3590,3558,3520
Partition 16	3591,3592,3593
Partition 17	3584,3583
Partition 18	3578,3579,3580,3581
Partition 19	3576,3524,3534,3548,3525
Partition 21	3526
Partition 22	3562
Partition 25	3550,3551
Partition 26	3597
Partition 27	3559
Partition 28	3539,3540
Partition 30	3585
Partition 32	3549
path	4
T	14
cut	51
Partition 0	3600,3601,3602
Partition 1	3521,3598,3559,3599,3558
Partition 2	3541,3535,3543,3542
Partition 3	3527,3528,3533,3532
Partition 4	3588,3586,3587,3589
Partition 5	3529,3530,3531
Partition 6	3523,3539,3561,3562,3560,3563
Partition 7	3565,3564
Partition 8	3566,3571,3569,3570
Partition 9	3538,3540,3567,3537,3526,3568
Partition 10	3573,3574,3575,3582
Partition 11	3572,3546
Partition 12	3585,3595
Partition 13	3544,3545
Partition 14	3555,3552,3556,3554
Partition 15	3577,3536,3557,3520
Partition 16	3591,3592,3593,3594
Partition 17	3550,3551,3547,3549,3584,3583
Partition 18	3578,3579,3580,3581
Partition 19	3576,3524,3534,3548,3525
Partition 22	3597
Partition 24	3596
Partition 25	3522,3553
Partition 28	3590
path	5
T	12
cut	53
Partition 0	3559,3599,3600,3601,3602
Partition 1	3521,3598
Partition 2	3533,3541,3535,3543,3558,3532,3542
Partition 3	3527,3528
Partition 4	3588,3586,3587,3589
Partition 5	3529,3530,3563
Partition 6	3523,3561,3560
Partition 7	3565,3564
Partition 8	3566,3571,3569,3570
Partition 9	3538,3540,3567,3536,3537,3568,3583
Partition 10	3574,3575,3582,3597
Partition 11	3572,3573,3547,3546
Partition 12	3594,3595,3596
Partition 13	3544,3545
Partition 14	3555,3552,3556,3554
Partition 15	3577,3557,3590,3520
Partition 16	3591,3592,3593
Partition 17	3531,3584
Partition 18	3578,3579,3580,3581
Partition 19	3576,3524,3534,3526,3548,3525
Partition 20	3539
Partition 24	3550,3551,3549
Partition 25	3585
Partition 26	3562
Partition 27	3553
Partition 28	3522
path	6
T	8
cut	57
Partition 0	3600,3601,3602
Partition 1	3521,3598,3559,3599,3558
Partition 2	3541,3535,3543,3542
Partition 3	3527,3528,3533,3532
Partition 4	3588,3586,3587,3589
Partition 5	3529,3530,3531
Partition 6	3561,3562,3560,3563
Partition 7	3565,3564
Partition 8	3566,3571,3569,3570
Partition 9	3539,3538,3540,3567,3536,3537
Partition 10	3574,3575,3582
Partition 11	3572,3573,3522,3553,3546
Partition 12	3594,3595,3596
Partition 13	3523,3544
Partition 14	3555,3556,3554
Partition 15	3520
Partition 16	3590,3592,3593
Partition 18	3577,3580,3581
Partition 19	3576,3524,3534,3550,3548,3549,3525
Partition 20	3526
Partition 22	3597
Partition 24	3591
Partition 26	3551,3547
Partition 32	3585,3584
Partition 33	3552
Partition 34	3583
Partition 36	3568
Partition 37	3545
Partition 40	3557
Partition 41	3579
Partition 42	3578
