path	1
T	12
cut	63
Partition 1	3537,3536
Partition 2	3590,3591
Partition 3	3551,3548,3552
Partition 4	3558,3559,3555,3557,3556
Partition 5	3521,3553,3567,3531,3524
Partition 6	3585,3586,3587
Partition 7	3579,3580,3581,3576
Partition 8	3584,3577,3583,3582
Partition 9	3522,3530
Partition 10	3527,3529,3597,3554,3598
Partition 11	3528
Partition 12	3562,3613,3560,3561
Partition 13	3610,3611,3612
Partition 14	3526,3573,3589,3588
Partition 15	3539,3542,3540
Partition 16	3609,3606,3607,3605,3608
Partition 17	3545,3547,3546
Partition 18	3543,3564,3565
Partition 19	3569,3570
Partition 20	3566,3572,3533,3571
Partition 21	3534,3535,3532
Partition 22	3549,3550,3574,3575,3520
Partition 23	3593,3594,3544
Partition 24	3603,3595,3599,3600,3601,3602
Partition 25	3568
Partition 27	3563
Partition 29	3596
Partition 32	3592
Partition 33	3523,3538,3541
Partition 36	3604,3525
Partition 39	3578
path	2
T	10
cut	63
Partition 0	3541
Partition 1	3537,3536
Partition 2	3559,3560,3561
Partition 3	3551,3548,3552
Partition 4	3558,3555,3557,3556
Partition 5	3590,3591,3521,3553,3567,3525,3531
Partition 6	3585,3586,3587
Partition 7	3579,3580,3581,3576
Partition 8	3584,3577,3583,3582
Partition 9	3522,3530
Partition 10	3527,3597,3554
Partition 11	3528,3578
Partition 12	3562,3613
Partition 13	3610,3611,3612
Partition 14	3526,3573,3589,3588
Partition 15	3539,3542,3540
Partition 16	3609,3606,3607,3604,3605,3608
Partition 17	3545,3547,3546
Partition 18	3543,3563,3564,3565
Partition 19	3569,3570
Partition 20	3566,3572,3533,3571
Partition 21	3534,3535,3532
Partition 22	3549,3550,3574,3575,3520
Partition 23	3593,3594,3544
Partition 24	3603,3595,3599,3600,3601,3602
Partition 25	3568
Partition 26	3596
Partition 29	3523
Partition 30	3524
Partition 31	3538
Partition 32	3529,3592
Partition 33	3598
path	3
T	10
cut	62
Partition 1	3537,3536
Partition 2	3590,3591
Partition 3	3551,3548,3552
Partition 4	3558,3555,3557,3556
Partition 5	3521,3553,3567,3525,3531
Partition 6	3585,3586,3587
Partition 7	3579,3580,3581,3576,3578
Partition 8	3584,3577,3583,3582
Partition 9	3522,3530
Partition 10	3527,3528,3597,3554,3598
Partition 11	3604,3605
Partition 12	3562,3613,3559,3560,3561,3612
Partition 13	3611,3526,3603
Partition 14	3573,3589,3588
Partition 15	3539,3542,3540
Partition 16	3609,3523,3541,3606,3607,3608
Partition 17	3545,3546
Partition 18	3543,3563,3564,3565
Partition 19	3569,3570
Partition 20	3566,3572,3533,3571
Partition 21	3534,3535,3532
Partition 22	3549,3550,3529,3574,3575,3520
Partition 23	3593,3594,3544
Partition 24	3600,3601,3602
Partition 26	3595,3568
Partition 27	3596,3599
Partition 28	3610
Partition 29	3547
Partition 31	3592
Partition 32	3538
Partition 33	3524
path	4
T	10
cut	65
Partition 0	3524
Partition 1	3538,3559,3560
Partition 2	3590,3591,3592
Partition 3	3551,3548,3552
Partition 4	3558,3555,3557,3556
Partition 5	3521,3553,3567,3568,3525,3531
Partition 6	3585,3586,3587
Partition 7	3579,3580,3581,3576
Partition 8	3584,3577,3583,3582
Partition 9	3522,3530,3537
Partition 10	3527,3597,3554,3598
Partition 11	3528,3578
Partition 12	3562,3613,3561
Partition 13	3609,3610,3611,3612
Partition 14	3526,3573,3589,3588
Partition 15	3539,3542,3540
Partition 16	3523,3606,3607
Partition 17	3545,3547,3546
Partition 18	3543,3563,3564,3565
Partition 19	3569,3570
Partition 20	3566,3572,3533,3571
Partition 21	3534,3535,3536
Partition 22	3549,3550,3574,3520
Partition 23	3593,3594,3595
Partition 24	3599,3600,3601
Partition 27	3603,3602
Partition 29	3544
Partition 30	3596
Partition 31	3575
Partition 33	3605,3608
Partition 37	3604
Partition 38	3532
Partition 41	3529
Partition 42	3541
path	5
T	16
cut	63
Partition 0	3541
Partition 1	3537,3536
Partition 2	3590,3591,3592
Partition 3	3551,3548,3552
Partition 4	3558,3555,3557,3556
Partition 5	3553,3567,3525,3531,3524
Partition 6	3585,3586,3587
Partition 7	3579,3580,3581,3576
Partition 8	3584,3577,3583,3582
Partition 9	3522,3530
Partition 10	3527,3529,3597,3554,3598
Partition 11	3528,3578
Partition 12	3562,3613,3561
Partition 13	3610,3611,3612
Partition 14	3526,3573,3589,3588
Partition 15	3539,3542,3540
Partition 16	3523,3606,3607,3605,3608
Partition 17	3545,3547,3546
Partition 18	3543,3563,3564,3565
Partition 19	3569,3570
Partition 20	3566,3572,3532,3533,3571
Partition 21	3534,3535
Partition 22	3549,3550,3574,3575,3520
Partition 23	3593,3594,3544
Partition 24	3603,3595,3568,3599,3600,3601,3602
Partition 25	3609
Partition 27	3521
Partition 28	3604
Partition 30	3596
Partition 31	3560
Partition 32	3538,3559
path	6
T	12
cut	63
Partition 1	3537,3536
Partition 2	3590,3591
Partition 3	3551,3552
Partition 4	3558,3555,3557,3556
Partition 5	3521,3553,3567,3548,3525,3531
Partition 6	3585,3586,3587
Partition 7	3579,3580,3581,3576
Partition 8	3584,3577,3583,3582
Partition 9	3522,3530
Partition 10	3527,3529,3597,3554,3598
Partition 11	3528
Partition 12	3562,3613,3560,3561
Partition 13	3610,3611,3612
Partition 14	3526,3573,3589,3588
Partition 15	3539,3542,3540
Partition 16	3609,3523,3541,3606,3607,3605,3608
Partition 17	3545,3547,3546
Partition 18	3543,3564,3565
Partition 19	3569,3570
Partition 20	3566,3572,3533,3571
Partition 21	3534,3535,3532
Partition 22	3549,3550,3574,3575,3520
Partition 23	3593,3594,3544
Partition 24	3603,3595,3599,3600,3601,3602
Partition 25	3568
Partition 27	3563
Partition 29	3596
Partition 32	3592
Partition 33	3538,3559
Partition 36	3604
Partition 39	3578
Partition 42	3524
path	7
T	12
cut	64
Partition 0	3541
Partition 1	3537,3536
Partition 2	3559,3560,3561
Partition 3	3551,3548,3552
Partition 4	3558,3555,3557,3556
Partition 5	3590,3591,3521,3553,3567,3525,3531
Partition 6	3585,3586,3587
Partition 7	3579,3580,3581,3576
Partition 8	3584,3577,3583,3582
Partition 9	3522
Partition 10	3597,3554
Partition 11	3527,3528,3529,3578
Partition 12	3562,3613
Partition 13	3610,3611,3612
Partition 14	3526,3573,3589,3588
Partition 15	3539,3542,3540
Partition 16	3609,3606,3607,3604,3605,3608
Partition 17	3545,3547,3546
Partition 18	3543,3563,3564,3565
Partition 19	3569,3570
Partition 20	3566,3572,3533,3571
Partition 21	3534,3535,3532
Partition 22	3549,3550,3574,3575,3520
Partition 23	3593,3594,3544
Partition 24	3595,3568,3600,3601,3602
Partition 25	3603
Partition 26	3596
Partition 29	3523
Partition 30	3524
Partition 31	3538
Partition 33	3599,3598
Partition 35	3592
Partition 37	3530
path	8
T	13
cut	62
Partition 1	3537,3536
Partition 2	3590,3591
Partition 3	3551,3548,3552
Partition 4	3558,3555,3557,3556
Partition 5	3521,3553,3567,3525,3531
Partition 6	3585,3586,3587
Partition 7	3579,3580,3581,3576,3578
Partition 8	3584,3577,3583,3582
Partition 9	3522,3530
Partition 10	3527,3528,3597,3554,3598
Partition 11	3604,3605
Partition 12	3562,3613,3559,3560,3561
Partition 13	3611,3526,3603
Partition 14	3573,3589,3588
Partition 15	3539,3542,3540
Partition 16	3523,3538,3606,3607,3608
Partition 17	3545,3546
Partition 18	3541,3543,3563,3564,3565
Partition 19	3569,3570
Partition 20	3566,3572,3533,3571
Partition 21	3534,3535,3532
Partition 22	3549,3550,3529,3574,3575,3520
Partition 23	3593,3594,3544
Partition 24	3600,3601,3602
Partition 26	3595,3568
Partition 27	3596,3599
Partition 28	3609,3610
Partition 29	3547
Partition 31	3592
Partition 33	3524
Partition 34	3612
path	9
T	16
cut	64
Partition 0	3523
Partition 1	3537,3536
Partition 2	3590,3591,3592
Partition 3	3551,3548,3552
Partition 4	3558,3555,3557,3556
Partition 5	3553,3567,3525,3531,3524
Partition 6	3585,3586,3587
Partition 7	3579,3580,3581,3576
Partition 8	3584,3577,3583,3582
Partition 9	3522,3530
Partition 10	3527,3529,3597,3554,3598
Partition 11	3528,3578
Partition 12	3562,3613,3561
Partition 13	3610,3611,3612
Partition 14	3526,3573,3589,3588
Partition 15	3539,3542,3540
Partition 16	3606,3607,3605,3608
Partition 17	3545,3547,3546
Partition 18	3543,3563,3564,3565
Partition 19	3569,3570
Partition 20	3566,3572,3532,3533,3571
Partition 21	3534,3535
Partition 22	3549,3550,3574,3575,3520
Partition 23	3593,3594,3544
Partition 24	3603,3595,3568,3599,3600,3601,3602
Partition 25	3609
Partition 27	3521
Partition 28	3604
Partition 30	3596
Partition 31	3560
Partition 32	3538,3559
Partition 33	3541
path	10
T	10
cut	67
Partition 0	3541
Partition 1	3537,3536
Partition 2	3559,3560,3561
Partition 3	3551,3548,3552
Partition 4	3558,3555,3557,3556
Partition 5	3590,3591,3521,3553,3567,3525,3531
Partition 6	3585,3586,3587
Partition 7	3579,3580,3581,3576
Partition 8	3584,3577,3583,3582
Partition 9	3522
Partition 10	3597,3554
Partition 11	3527,3528,3529,3578
Partition 12	3562,3613
Partition 13	3610,3611,3612
Partition 14	3526,3573,3589,3588
Partition 15	3539,3542,3540
Partition 16	3609,3606,3607,3604,3605,3608
Partition 17	3545,3547,3546
Partition 18	3543,3563,3564,3565
Partition 19	3569,3568
Partition 20	3566,3572,3533,3571
Partition 21	3534,3535,3532
Partition 22	3549,3550,3574,3575,3520
Partition 23	3593,3594
Partition 24	3595,3601,3602
Partition 25	3603
Partition 26	3596
Partition 29	3523
Partition 30	3524
Partition 31	3538
Partition 33	3599,3598
Partition 35	3592
Partition 37	3530
Partition 38	3544
Partition 39	3600
Partition 42	3570
path	11
T	10
cut	65
Partition 1	3537,3536
Partition 2	3590,3591
Partition 3	3551,3548,3552
Partition 4	3558,3555,3557,3556
Partition 5	3521,3553,3567,3525,3531
Partition 6	3585,3586,3587
Partition 7	3579,3580,3581,3576,3578
Partition 8	3584,3577,3583,3582
Partition 9	3522,3530
Partition 10	3527,3528,3597,3554,3598
Partition 11	3604,3605
Partition 12	3562,3559,3560,3561
Partition 13	3611,3526,3603
Partition 14	3573,3589,3588
Partition 15	3539,3542,3540
Partition 16	3606,3607,3608
Partition 17	3545,3546
Partition 18	3541,3543,3563,3564,3565
Partition 19	3569,3570
Partition 20	3566,3572,3533,3571
Partition 21	3534,3535,3532
Partition 22	3549,3550,3529,3574,3575,3520
Partition 23	3593,3594,3544
Partition 24	3600,3601,3602
Partition 26	3595,3568
Partition 27	3596,3599
Partition 28	3609,3610
Partition 29	3547
Partition 31	3592
Partition 33	3524
Partition 34	3612
Partition 35	3613
Partition 36	3523
Partition 37	3538
