path	1
T	7
cut	35
Partition 0	3555
Partition 1	3537,3538
Partition 2	3553,3554
Partition 3	3550,3551
Partition 4	3521,3552,3561,3574,3575
Partition 5	3556,3560
Partition 6	3531,3528,3558,3559,3557
Partition 7	3536,3527,3534,3535,3522
Partition 8	3545,3546,3539,3549,3540
Partition 9	3529,3530
Partition 10	3524,3569,3568
Partition 11	3572,3573
Partition 12	3577,3576,3578,3579,3580
Partition 13	3547,3548
Partition 15	3542,3543,3544
Partition 16	3567,3566
Partition 17	3562,3565,3526,3532,3533
Partition 18	3570,3571,3520
Partition 19	3525
Partition 20	3541
Partition 21	3563,3564,3523
path	2
T	9
cut	37
Partition 0	3538
Partition 1	3536,3537
Partition 2	3552,3555,3553,3525,3554
Partition 3	3574,3575,3550,3551
Partition 4	3561
Partition 5	3556,3560
Partition 6	3558,3559,3557
Partition 7	3527,3534,3535,3522
Partition 8	3539,3540
Partition 9	3521,3529,3530,3531,3528
Partition 10	3524,3569,3568
Partition 11	3577
Partition 12	3549,3578,3579,3580
Partition 13	3547,3548
Partition 14	3545,3546
Partition 15	3542,3543,3544
Partition 16	3565
Partition 17	3526,3532,3533
Partition 18	3541,3562,3570,3571,3520
Partition 19	3563,3564,3523
Partition 20	3567,3566
Partition 22	3576
Partition 23	3572,3573
path	3
T	8
cut	35
Partition 1	3536,3537
Partition 2	3555,3556,3554
Partition 3	3521,3574,3575,3550,3551
Partition 4	3543
Partition 5	3565,3560,3568,3567,3566
Partition 6	3531,3558,3559,3557
Partition 7	3527,3528,3534,3535,3522
Partition 8	3539,3540
Partition 9	3529,3530
Partition 10	3524,3569,3577
Partition 11	3576,3573
Partition 12	3549,3578,3579,3580
Partition 13	3547,3548
Partition 14	3546
Partition 15	3561,3541,3542,3562
Partition 16	3545,3544
Partition 17	3526,3532,3533
Partition 18	3570,3571,3520
Partition 19	3538,3525,3563,3564,3572
Partition 21	3552,3553
Partition 22	3523
path	4
T	9
cut	33
Partition 1	3536,3537,3555,3538,3539
Partition 2	3553,3554
Partition 3	3552,3550,3551
Partition 4	3561,3541,3562,3565,3533
Partition 5	3568
Partition 6	3556,3558,3559,3560
Partition 7	3527,3534,3535,3522
Partition 8	3546,3540
Partition 9	3521,3529,3530,3531,3528
Partition 10	3524,3569,3577
Partition 12	3578,3579,3580
Partition 13	3549
Partition 14	3542,3543,3545,3544
Partition 15	3547,3548
Partition 17	3526,3532
Partition 18	3570,3571,3520,3557
Partition 19	3525,3563,3523
Partition 20	3564,3572,3567,3566
Partition 22	3574,3575,3576,3573
path	5
T	10
cut	33
Partition 0	3528
Partition 1	3536,3537
Partition 2	3525
Partition 3	3574,3550,3551
Partition 4	3561,3562
Partition 5	3552,3555,3553,3554
Partition 6	3556,3558,3559,3560
Partition 7	3527,3534,3535,3522
Partition 8	3538,3545,3546,3539,3540
Partition 9	3521,3529,3530,3531,3557
Partition 10	3524,3569,3577
Partition 11	3575,3572,3576,3573
Partition 12	3549,3578,3579,3580
Partition 13	3547,3548
Partition 15	3542,3543,3544
Partition 17	3526,3532,3533
Partition 18	3541,3570,3571,3520
Partition 19	3563,3523
Partition 20	3565,3564,3568,3567,3566
