cut	59
Partition 0	3545,3546
Partition 1	3576,3577,3578
Partition 2	3581,3582
Partition 3	3579,3580
Partition 4	3549,3550
Partition 5	3521,3547,3587
Partition 6	3556,3557
Partition 7	3548,3558
Partition 8	3536,3537
Partition 9	3539,3538
Partition 10	3541,3540
Partition 11	3532,3534,3535
Partition 12	3531,3543
Partition 13	3544,3542
Partition 14	3566,3567
Partition 15	3589,3590,3522
Partition 16	3525,3588,3533
Partition 17	3591,3592
Partition 18	3526,3593
Partition 19	3574,3572,3575
Partition 20	3573,3524
Partition 21	3569,3570
Partition 22	3568,3571
Partition 23	3586,3520
Partition 24	3585,3584,3583
Partition 25	3523,3559
Partition 26	3560,3561
Partition 27	3529,3530
Partition 28	3527,3528,3553
Partition 29	3554,3555,3562
Partition 30	3551,3552
Partition 31	3598,3597
Partition 32	3595,3596,3594
Partition 33	3564,3565,3563
