cut	43
Partition 0	7546,7541
Partition 1	7519,7542,7496
Partition 2	7544,7545,7543
Partition 3	7492,7514
Partition 4	7534,7516,7515
Partition 5	7555,7536,7535
Partition 6	7521,7527
Partition 7	7520,7531,7530
Partition 8	7533,7532,7528
Partition 9	7517,7518,7497
Partition 10	7522,7523
Partition 11	7524,7525,7526
Partition 12	7506,7507
Partition 13	7505,7491,7549
Partition 14	7504,7529,7499
Partition 15	7493,7500,7503
Partition 16	7501,7502,7512
Partition 17	7510,7511,7513
Partition 18	7537,7539
Partition 19	7494,7552
Partition 20	7554,7548,7547,7553
Partition 21	7550,7551,7538
Partition 22	7509,7508
Partition 23	7490,7498,7540,7495
