cut	66
Partition 0	3532,3533
Partition 1	3600,3607,3606
Partition 2	3601,3602,3603
Partition 3	3604,3561,3605
Partition 4	3585,3586
Partition 5	3525,3588,3587
Partition 6	3555,3554,3553
Partition 7	3526,3527,3562
Partition 8	3528,3537,3580
Partition 9	3579,3581,3582
Partition 10	3567,3566
Partition 11	3538,3539,3556
Partition 12	3558,3557
Partition 13	3547,3591,3521
Partition 14	3563,3564,3565
Partition 15	3578,3559,3560
Partition 16	3599,3608,3598
Partition 17	3611,3610,3609
Partition 18	3543,3571,3570
Partition 19	3572,3520
Partition 20	3544,3545
Partition 21	3522,3568,3592
Partition 22	3569,3552,3551
Partition 23	3590,3550,3549
Partition 24	3546,3589,3596
Partition 25	3593,3594,3595
Partition 26	3584,3583,3597
Partition 27	3573,3574
Partition 28	3542,3530,3531
Partition 29	3523,3529,3575
Partition 30	3548,3524,3541
Partition 31	3535,3536,3540
Partition 32	3534,3576,3577
