path	1
T	2
cut	9
Partition 0	816,817,818
Partition 1	797,813,812,815,814,799
Partition 2	819,798,807,810,811
Partition 3	800,804,796,806,805
Partition 4	802,803,808,801,809
path	2
T	2
cut	8
Partition 0	799,816,817,818,812,815
Partition 1	797,813,814
Partition 2	819,798,807,810,811
Partition 3	800,804,796,806,805
Partition 4	802,803,808,801,809
path	3
T	2
cut	8
Partition 0	799,816,817,818,815,812
Partition 1	797,813,814
Partition 2	819,798,807,810,811
Partition 3	800,804,796,806,805
Partition 4	802,803,808,801,809
path	4
T	2
cut	8
Partition 0	799,816,817,818,815,812
Partition 1	797,813,814
Partition 2	819,798,807,810,811
Partition 3	800,804,796,806,805
Partition 4	802,803,808,801,809
path	5
T	2
cut	8
Partition 0	799,816,817,818,815,812
Partition 1	797,813,814
Partition 2	819,798,807,810,811
Partition 3	800,804,796,806,805
Partition 4	802,803,808,801,809
path	6
T	2
cut	9
Partition 0	816,817,818
Partition 1	797,813,812,815,814,799
Partition 2	819,798,807,810,811
Partition 3	800,804,796,806,805
Partition 4	802,803,808,801,809
path	7
T	4
cut	9
Partition 0	816,817,815,812
Partition 1	797,813,814,799
Partition 2	819,798,807,810,811
Partition 3	800,804,796,806,805,818
Partition 4	802,803,808,801,809
path	8
T	2
cut	8
Partition 0	799,816,817,818,815,812
Partition 1	797,813,814
Partition 2	819,798,807,810,811
Partition 3	800,804,796,806,805
Partition 4	802,803,808,801,809
path	9
T	2
cut	8
Partition 0	799,816,817,818,815,812
Partition 1	797,813,814
Partition 2	819,798,807,810,811
Partition 3	800,804,796,806,805
Partition 4	802,803,808,801,809
path	10
T	2
cut	8
Partition 0	813,797,814
Partition 1	812,815,816,817,818,799
Partition 2	819,798,807,810,811
Partition 3	800,804,796,806,805
Partition 4	802,803,808,801,809
