path	1
T	8
cut	53
Partition 0	3552,3550,3551
Partition 1	3579,3580,3581
Partition 2	3521,3556,3598
Partition 3	3594,3595,3596,3597
Partition 4	3583,3582
Partition 5	3542,3548,3549
Partition 6	3543,3545,3546,3547
Partition 7	3589,3590,3591,3592
Partition 8	3537,3533,3538,3532
Partition 9	3539,3553,3555,3554
Partition 10	3524,3528,3529,3527,3530
Partition 11	3534,3535,3536
Partition 12	3573,3575,3577,3576
Partition 13	3584,3585,3587,3588
Partition 14	3572,3586
Partition 15	3540,3523
Partition 16	3565,3526,3544,3557
Partition 17	3566,3531,3558,3520
Partition 18	3560,3561,3559,3562
Partition 19	3563,3564,3570,3569,3571
Partition 20	3522,3567,3568
Partition 21	3541
Partition 22	3525
Partition 23	3593
Partition 24	3578
Partition 27	3574
path	2
T	8
cut	52
Partition 0	3552,3550,3551
Partition 1	3579,3580,3578,3581
Partition 2	3521,3556,3598
Partition 3	3595,3596,3597
Partition 4	3583,3594,3592,3593
Partition 5	3542,3548,3549,3541
Partition 6	3525,3543,3545,3546,3547
Partition 7	3589,3590,3591
Partition 8	3537,3533,3538,3532
Partition 9	3539,3553,3555,3554
Partition 10	3524,3528,3529,3527,3530
Partition 11	3534,3535,3536
Partition 12	3573,3575,3577,3576
Partition 13	3584,3585,3587,3588
Partition 14	3586
Partition 15	3540,3523
Partition 16	3565,3526,3544,3557
Partition 17	3566,3531,3558,3520
Partition 18	3560,3561,3559,3562
Partition 19	3563,3570,3569,3571
Partition 20	3522,3567,3568
Partition 22	3564
Partition 23	3582
Partition 24	3574
Partition 25	3572
path	3
T	9
cut	54
Partition 0	3552,3550,3551
Partition 1	3580,3578,3581
Partition 2	3521,3556,3598
Partition 3	3595,3596,3597
Partition 4	3583,3594,3593,3582
Partition 5	3548,3549
Partition 6	3543,3545,3546,3547
Partition 7	3589,3590,3591,3592
Partition 8	3537,3533,3538,3532
Partition 9	3539,3553,3555,3554
Partition 10	3524,3528,3529,3527,3530
Partition 11	3534,3535,3536
Partition 12	3573,3575,3577,3576
Partition 13	3584,3585,3587,3588
Partition 14	3572,3586
Partition 15	3523
Partition 16	3541,3565,3526,3544,3557
Partition 17	3566,3531,3558,3520
Partition 18	3560,3561,3559,3562
Partition 19	3563,3570,3569,3571
Partition 20	3522,3567,3568
Partition 22	3542
Partition 25	3540
Partition 26	3564
Partition 27	3525
Partition 28	3579
Partition 30	3574
path	4
T	9
cut	53
Partition 0	3552,3550,3551
Partition 1	3524,3579,3580,3578,3581
Partition 2	3521,3556,3598
Partition 3	3595,3596,3597
Partition 4	3583,3594,3592,3593,3582
Partition 5	3542,3548,3549
Partition 6	3543,3545,3546,3547
Partition 7	3589,3590,3591
Partition 8	3537,3533,3538,3532
Partition 9	3539,3553,3555,3554
Partition 10	3528,3529,3527,3530
Partition 11	3534,3536
Partition 12	3573,3575,3577,3576
Partition 13	3584,3585,3587,3588
Partition 14	3572,3586
Partition 15	3540,3523
Partition 16	3541,3565,3526,3531,3544,3557
Partition 17	3558
Partition 18	3560,3561,3559,3562
Partition 19	3563,3570,3569,3571
Partition 20	3522,3567,3568
Partition 22	3564
Partition 23	3566,3520
Partition 24	3535
Partition 25	3525
Partition 26	3574
path	5
T	7
cut	52
Partition 0	3552,3550,3551
Partition 1	3579,3580,3578,3581,3582
Partition 2	3521,3556,3598
Partition 3	3594,3595,3596,3597
Partition 4	3592,3593
Partition 5	3542,3548,3549
Partition 6	3525,3543,3545,3546,3547
Partition 7	3589,3590,3591
Partition 8	3537,3533,3538,3532
Partition 9	3539,3553,3555,3554
Partition 10	3529,3527,3530
Partition 11	3534,3535,3536
Partition 12	3574,3573,3575,3577,3576
Partition 13	3584,3585,3587,3588
Partition 14	3572,3586
Partition 15	3540,3523
Partition 16	3541,3565,3526,3544,3557
Partition 17	3531
Partition 18	3560,3561,3559,3562
Partition 19	3563,3564,3570,3569,3571
Partition 20	3522,3567,3568
Partition 22	3524,3528
Partition 23	3566,3520
Partition 25	3583
Partition 26	3558
