path	1
T	8
cut	44
Partition 0	3595,3594,3593
Partition 1	3585,3596,3597,3598
Partition 2	3578,3580,3564,3579
Partition 3	3599,3600
Partition 4	3535,3544,3542,3534,3538,3543
Partition 5	3541,3583,3539,3540
Partition 6	3554,3591,3590,3589
Partition 7	3586,3587,3588,3520
Partition 8	3532,3545,3547,3601,3546,3602
Partition 9	3527,3528,3529
Partition 10	3521,3548,3550,3549
Partition 11	3561,3551,3563,3562
Partition 12	3552,3522
Partition 13	3553,3555,3581,3536,3537,3523,3556
Partition 14	3557,3560,3526,3558,3559
Partition 15	3576,3577,3574,3575,3572
Partition 16	3530,3531,3533,3525
Partition 17	3568,3569,3573,3524
Partition 18	3565,3566,3570,3571,3567
Partition 19	3582
Partition 20	3584
Partition 22	3592
path	2
T	7
cut	48
Partition 0	3595,3594,3592,3593
Partition 1	3585,3596,3597,3598
Partition 2	3578,3580,3564,3579
Partition 3	3599,3600
Partition 4	3535,3544,3542,3543
Partition 5	3541,3583,3539,3540
Partition 6	3554,3591,3590,3589
Partition 7	3586,3587,3588,3520
Partition 8	3532,3547,3601,3546,3602
Partition 9	3527,3531,3528,3529
Partition 10	3521,3548,3553,3550,3581
Partition 11	3561,3551,3563,3562
Partition 12	3555,3552,3537,3538,3556,3522
Partition 13	3536,3523
Partition 14	3557,3560,3526,3558,3559
Partition 15	3576,3577,3574,3575,3572
Partition 16	3530,3533,3525
Partition 17	3568,3569,3573,3524
Partition 18	3566,3570,3571,3567
Partition 19	3534
Partition 20	3565
Partition 23	3584
Partition 24	3582
Partition 25	3545
Partition 27	3549
path	3
T	8
cut	44
Partition 0	3595,3594,3592,3593
Partition 1	3585,3599,3600,3596,3597,3598
Partition 2	3578,3580,3564,3579
Partition 3	3584,3582
Partition 4	3535,3544,3542,3534,3538,3543
Partition 5	3541,3583,3539,3540
Partition 6	3554,3591,3590,3589
Partition 7	3586,3587,3588,3520
Partition 8	3532,3545,3547,3601,3546,3602
Partition 9	3527,3531,3528,3529
Partition 10	3521,3548,3550,3549
Partition 11	3561,3551,3563,3562
Partition 12	3552,3522
Partition 13	3553,3555,3581,3536,3523,3556
Partition 14	3557,3560,3526,3558,3559
Partition 15	3576,3577,3574,3575,3572
Partition 16	3530,3533,3525
Partition 17	3569,3573,3524
Partition 18	3566,3570,3571,3567
Partition 19	3537
Partition 22	3568
Partition 26	3565
path	4
T	7
cut	43
Partition 0	3595,3594,3592,3593
Partition 1	3584,3585,3582,3596,3597,3598
Partition 2	3578,3580,3564,3579
Partition 3	3599,3600
Partition 4	3535,3544,3542,3543
Partition 5	3541,3583,3539,3540
Partition 6	3554,3591,3590,3589
Partition 7	3586,3587,3588,3520
Partition 8	3532,3545,3547,3601,3546,3602
Partition 9	3527,3531,3528,3529
Partition 10	3521,3548,3550,3549
Partition 11	3561,3551,3563,3562
Partition 12	3537,3538
Partition 13	3553,3555,3581,3536,3523,3556
Partition 14	3557,3560,3526,3558,3559
Partition 15	3576,3577,3574,3575,3572
Partition 16	3530,3533,3525
Partition 17	3534,3573,3524
Partition 18	3565,3566,3570,3571,3567
Partition 23	3552,3522
Partition 24	3568,3569
path	5
T	9
cut	48
Partition 0	3595,3594,3592,3593
Partition 1	3585,3596,3597,3598
Partition 2	3578,3580,3564,3579
Partition 3	3584,3582
Partition 4	3535,3544,3542,3534,3543
Partition 5	3541,3583,3539,3540
Partition 6	3554,3591,3590,3589
Partition 7	3586,3587,3588,3520
Partition 8	3532,3545,3547,3601,3546,3602
Partition 9	3527,3531,3528,3529
Partition 10	3565,3524
Partition 11	3550,3561,3549,3551,3563,3562
Partition 12	3566,3567
Partition 13	3581,3536
Partition 14	3557,3560,3526,3558,3559
Partition 15	3576,3577,3574,3575,3572
Partition 17	3568,3569,3573
Partition 18	3552,3522
Partition 20	3537,3538
Partition 23	3570,3571
Partition 24	3600
Partition 26	3599
Partition 27	3521,3548
Partition 28	3553,3530,3555,3533,3525
Partition 30	3523,3556
