path	1
T	15
cut	63
Partition 0	3568,3569,3573
Partition 1	3586,3587,3584,3588,3582,3583,3585
Partition 2	3562,3601,3546,3599,3608,3600,3609
Partition 3	3560,3566,3563,3561,3567
Partition 4	3527,3535
Partition 5	3524,3559,3616,3617
Partition 6	3589,3614,3615,3612,3613
Partition 7	3591,3596,3598,3597
Partition 8	3550,3605,3570,3571
Partition 9	3606,3607,3610,3611
Partition 10	3580,3578,3579
Partition 11	3551,3552,3581,3553,3526,3554,3555
Partition 12	3534
Partition 13	3520,3532,3540,3576,3533
Partition 14	3603,3604,3522,3538,3539
Partition 16	3564,3595,3543,3525,3544,3558,3557
Partition 17	3549,3556,3545,3548,3547
Partition 18	3593,3523,3602
Partition 19	3530,3590,3528,3529,3521
Partition 20	3541,3542
Partition 21	3572
Partition 22	3565
Partition 23	3577
Partition 24	3592,3594
Partition 26	3531
Partition 27	3536,3537
Partition 28	3575
Partition 29	3574
path	2
T	24
cut	72
Partition 0	3568,3569
Partition 1	3586,3587,3584,3583,3585
Partition 2	3562,3601,3546,3599,3600
Partition 3	3565,3527,3560,3574,3566,3563,3561
Partition 4	3567
Partition 5	3524,3559,3616,3617
Partition 6	3589,3614,3615,3612,3613
Partition 7	3591,3596,3598,3597
Partition 8	3550,3605,3571
Partition 9	3606,3607,3610,3611
Partition 10	3581,3580,3578,3579,3582
Partition 11	3531,3543,3542
Partition 13	3520,3592,3552,3553,3526,3554,3555
Partition 14	3603,3522,3538,3608,3609
Partition 15	3540,3576,3535,3604,3541,3577,3536
Partition 16	3594,3564,3595,3525,3544,3558,3557
Partition 17	3545,3548
Partition 18	3523,3602
Partition 19	3530,3590,3528,3529,3547,3521
Partition 24	3537
Partition 26	3573
Partition 27	3533
Partition 28	3534
Partition 29	3588
Partition 31	3551
Partition 32	3572
Partition 33	3570
Partition 36	3575
Partition 37	3539
Partition 38	3593
Partition 39	3532
Partition 40	3549
Partition 42	3556
path	3
T	17
cut	74
Partition 1	3586,3584,3583,3585
Partition 2	3562,3601,3546,3599,3600
Partition 4	3566,3563,3567
Partition 5	3524,3559,3616,3617
Partition 6	3614,3615,3612,3613
Partition 7	3596,3597
Partition 8	3568,3569,3570,3571
Partition 9	3605,3606,3607,3610,3608,3611,3609
Partition 10	3580,3579,3582
Partition 11	3550,3551,3552,3553,3555
Partition 12	3594
Partition 14	3603,3604,3522
Partition 15	3540,3541,3531,3526,3554,3543,3542
Partition 16	3564,3595,3525,3544,3558,3557
Partition 17	3549,3548,3547
Partition 18	3592,3593,3545,3523,3602
Partition 19	3527,3530,3560,3590,3591,3528,3521
Partition 20	3537
Partition 21	3572
Partition 22	3578
Partition 23	3574,3575
Partition 24	3534
Partition 25	3581
Partition 27	3520,3565
Partition 28	3529
Partition 29	3589
Partition 30	3587,3588
Partition 34	3576,3577
Partition 35	3532,3533
Partition 37	3535,3536
Partition 38	3561
Partition 39	3573
Partition 40	3556
Partition 41	3539
Partition 42	3538
Partition 43	3598
path	4
T	15
cut	62
Partition 0	3568,3569,3574,3575
Partition 1	3584,3582,3583,3585
Partition 2	3562,3601,3546,3599,3600
Partition 3	3565,3560,3566,3563,3561,3567
Partition 4	3527,3535,3536,3537
Partition 5	3524,3559,3616,3617
Partition 6	3589,3614,3615,3612,3613
Partition 7	3591,3596,3598,3597
Partition 8	3550,3605,3570,3571
Partition 9	3606,3607,3610,3608,3611,3609
Partition 10	3580,3578,3579,3523,3602
Partition 11	3551,3552,3553,3526,3554,3555
Partition 13	3520,3540,3576,3577
Partition 14	3603,3604,3522,3538,3539
Partition 15	3531,3543,3542
Partition 16	3564,3595,3525,3544,3558,3557
Partition 17	3549,3556,3545,3548,3547
Partition 18	3592,3593,3594
Partition 19	3530,3590,3528,3529,3521
Partition 20	3533
Partition 22	3534
Partition 25	3532
Partition 27	3541
Partition 28	3573,3572
Partition 29	3581
Partition 30	3586,3587,3588
path	5
T	13
cut	71
Partition 0	3574,3575
Partition 1	3573,3586,3587,3584,3585
Partition 2	3562,3601,3546,3599,3608,3600,3609
Partition 3	3565,3560,3566,3563,3561
Partition 4	3527
Partition 5	3524,3559,3616,3617
Partition 6	3589,3614,3615,3612,3613
Partition 7	3591,3596,3598,3597
Partition 8	3550,3605,3571
Partition 9	3606,3607,3610,3611
Partition 10	3581,3580,3578,3579,3582
Partition 11	3552,3553,3526,3554
Partition 13	3520,3532,3540,3576,3592,3604
Partition 14	3603,3522
Partition 15	3535
Partition 16	3564,3595,3525,3544,3558,3557
Partition 17	3549,3556,3545,3548,3547
Partition 18	3593,3523,3602
Partition 19	3530,3538,3590,3539,3528,3529,3521
Partition 20	3541,3542
Partition 21	3577
Partition 23	3536,3537
Partition 24	3555
Partition 25	3551
Partition 26	3534
Partition 27	3533
Partition 28	3543
Partition 30	3531
Partition 31	3583
Partition 32	3567,3588
Partition 33	3568
Partition 34	3569
Partition 37	3594
Partition 40	3570
Partition 41	3572
path	6
T	12
cut	69
Partition 0	3568,3569,3573
Partition 1	3586,3587,3584,3583,3585
Partition 2	3562,3601,3546,3599,3608,3600,3609
Partition 3	3560,3566,3563,3567
Partition 4	3527,3535
Partition 5	3524,3559,3616,3617
Partition 6	3589,3614,3615,3612,3613
Partition 7	3591,3596,3598,3597
Partition 8	3550,3605,3570,3571
Partition 9	3606,3607,3610,3611
Partition 10	3580,3578,3579
Partition 11	3551,3552,3581,3553,3554,3555
Partition 12	3531
Partition 13	3520,3532,3540,3576,3533,3539
Partition 14	3603,3604
Partition 16	3564,3595,3543,3525,3544,3558,3557
Partition 17	3549,3556,3545,3548,3547
Partition 18	3593,3523,3602
Partition 19	3538,3590,3528,3529,3521
Partition 20	3541,3542
Partition 21	3572
Partition 22	3565
Partition 23	3577
Partition 24	3592,3594
Partition 26	3526,3534
Partition 27	3536,3537
Partition 28	3575
Partition 29	3574
Partition 30	3561
Partition 32	3530
Partition 35	3588
Partition 36	3582
Partition 37	3522
path	7
T	18
cut	77
Partition 0	3568,3574
Partition 1	3586,3587,3584,3583,3585
Partition 2	3562,3601,3546,3599,3600
Partition 3	3565,3560,3566,3563,3561
Partition 4	3567
Partition 5	3524,3559,3616,3617
Partition 6	3589,3614,3615,3612,3613
Partition 7	3591,3596,3598,3597
Partition 8	3550,3605,3571
Partition 9	3606,3607,3610,3611
Partition 10	3580,3578,3579
Partition 11	3531,3543,3542
Partition 13	3520,3592,3552,3553,3526,3554,3555
Partition 14	3603,3522
Partition 15	3576,3577
Partition 16	3594,3564,3595,3525,3544,3558,3557
Partition 17	3545,3548
Partition 18	3523,3602
Partition 19	3530,3590,3528,3529,3547,3521
Partition 24	3541,3537
Partition 26	3573
Partition 27	3533
Partition 28	3534
Partition 29	3588
Partition 31	3551
Partition 32	3572
Partition 33	3570
Partition 36	3575
Partition 37	3538,3539
Partition 38	3593
Partition 39	3532
Partition 40	3549
Partition 42	3556
Partition 44	3527
Partition 45	3569
Partition 47	3535,3536
Partition 48	3604
Partition 49	3540
Partition 50	3581,3582
Partition 52	3609
Partition 53	3608
path	8
T	15
cut	76
Partition 1	3586,3584,3583,3585
Partition 2	3562,3601,3546,3599,3600
Partition 4	3566,3563,3567
Partition 5	3524,3559,3616,3617
Partition 6	3614,3615,3612,3613
Partition 7	3596,3597
Partition 8	3568,3569,3521,3570,3571
Partition 9	3605,3606,3607,3610,3608,3611,3609
Partition 10	3580,3579,3582
Partition 11	3550,3551,3552
Partition 12	3590,3591
Partition 14	3603,3522
Partition 15	3541,3543,3542
Partition 16	3594,3564,3595,3525,3544,3558,3557
Partition 17	3549,3548,3547
Partition 18	3593,3523,3602
Partition 19	3527,3530,3560
Partition 21	3572
Partition 22	3578
Partition 23	3574,3575
Partition 24	3526,3534,3554,3537
Partition 25	3581
Partition 27	3604
Partition 28	3528,3529
Partition 29	3589
Partition 30	3587,3588
Partition 34	3576,3577
Partition 35	3532,3533
Partition 37	3535,3536
Partition 38	3561
Partition 39	3573
Partition 40	3556,3555
Partition 41	3520,3540,3538,3539
Partition 42	3553
Partition 43	3598
Partition 45	3545
Partition 46	3592
Partition 47	3565
Partition 48	3531
path	9
T	23
cut	75
Partition 0	3568,3569,3574,3575
Partition 1	3581,3580,3579,3584,3525,3582,3583
Partition 2	3562,3601,3546,3599,3600
Partition 3	3565,3566,3563,3567
Partition 4	3527,3535,3536,3537
Partition 5	3524,3559,3616,3617
Partition 6	3589,3614,3615,3609,3612,3613
Partition 8	3550,3605,3561,3572
Partition 9	3606,3607,3610,3611
Partition 11	3551,3552,3553,3526,3554,3578,3555
Partition 13	3520,3540,3549,3576
Partition 14	3539
Partition 15	3531,3543,3542
Partition 16	3544,3558,3557
Partition 17	3545,3548,3547
Partition 18	3595
Partition 19	3530,3528,3529
Partition 20	3532,3533
Partition 22	3534
Partition 25	3604
Partition 27	3541
Partition 28	3598,3597
Partition 32	3573
Partition 33	3560
Partition 35	3570
Partition 36	3585
Partition 41	3591,3596
Partition 43	3571
Partition 47	3592,3593,3594,3590,3523,3602,3521
Partition 48	3608
Partition 49	3556
Partition 54	3588
Partition 55	3586
Partition 56	3587
Partition 58	3564
Partition 59	3577
Partition 61	3603
Partition 63	3538
Partition 64	3522
path	10
T	16
cut	75
Partition 0	3574,3575
Partition 1	3569,3573,3584,3583,3585
Partition 2	3562,3601,3546,3599,3608,3600,3609
Partition 3	3560,3566,3563
Partition 4	3527
Partition 5	3524,3559,3616,3617
Partition 6	3589,3614,3615,3612,3613
Partition 7	3591,3596,3598,3597
Partition 8	3550,3605,3571
Partition 9	3606,3607,3610,3611
Partition 10	3580,3579,3582
Partition 11	3552,3553,3526,3554,3578
Partition 13	3520,3532,3540,3576,3592,3604
Partition 14	3603,3522
Partition 15	3535
Partition 16	3564,3595,3525,3544,3558,3557
Partition 17	3549,3548,3547
Partition 18	3593,3523,3602
Partition 19	3530,3538,3590,3539,3528,3521
Partition 20	3541,3542
Partition 23	3536,3537
Partition 24	3555
Partition 25	3551
Partition 26	3534
Partition 27	3533
Partition 28	3543
Partition 30	3531
Partition 32	3586,3587,3567,3588
Partition 33	3568
Partition 37	3594
Partition 40	3570
Partition 41	3572
Partition 42	3577
Partition 48	3581
Partition 51	3561
Partition 53	3565
Partition 55	3529
Partition 56	3545
Partition 57	3556
