cut	46
Partition 0	7502,7501
Partition 1	7491,7514
Partition 2	7513,7504,7503
Partition 3	7546,7547
Partition 4	7531,7548,7549
Partition 5	7555,7556,7550
Partition 6	7530,7490
Partition 7	7559,7554
Partition 8	7558,7545,7557
Partition 9	7500,7536
Partition 10	7532,7533,7534
Partition 11	7537,7538
Partition 12	7529,7553,7552,7551
Partition 13	7494,7540
Partition 14	7539,7492
Partition 15	7541,7515,7542
Partition 16	7495,7499,7508
Partition 17	7543,7544,7498
Partition 18	7523,7524
Partition 19	7525,7496,7526
Partition 20	7519,7518,7517
Partition 21	7520,7521
Partition 22	7522,7528,7527
Partition 23	7505,7516,7493
Partition 24	7497,7535
Partition 25	7507,7509,7510
Partition 26	7506,7511,7512
