cut	50
Partition 0	3533,3532
Partition 1	3529,3524
Partition 2	3530,3545,3551
Partition 3	3544,3550
Partition 4	3587,3586,3525
Partition 5	3534,3527,3528
Partition 6	3589,3588,3585
Partition 7	3558,3559
Partition 8	3564,3563
Partition 9	3562,3560,3561
Partition 10	3520,3583,3582
Partition 11	3590,3584
Partition 12	3539,3538
Partition 13	3537,3536,3535
Partition 14	3576,3577
Partition 15	3573,3542
Partition 16	3541,3523,3543
Partition 17	3554,3553
Partition 18	3571,3552,3572
Partition 19	3579,3580
Partition 20	3574,3575,3578,3581
Partition 21	3546,3549
Partition 22	3521,3547,3548
Partition 23	3526,3531
Partition 24	3556,3557
Partition 25	3565,3569,3568
Partition 26	3566,3567,3555
Partition 27	3540,3522,3570
