path	1
T	7
cut	65
Partition 0	3612,3613,3614,3615
Partition 1	3607,3618,3616,3617,3606
Partition 2	3528,3529,3545
Partition 3	3546,3621,3620,3622,3623
Partition 4	3552,3553,3570,3571,3619,3592
Partition 5	3601,3547,3551,3602
Partition 6	3560,3557,3561
Partition 7	3526,3559,3549,3550,3521,3537,3524
Partition 8	3609,3610,3611,3608,3599
Partition 9	3605,3604,3603
Partition 10	3593,3596,3594,3595,3525,3598,3574
Partition 11	3575,3576,3577,3589,3591,3590
Partition 12	3554
Partition 13	3533,3580,3578,3579
Partition 14	3532,3534,3523,3584,3583
Partition 15	3582,3585,3586,3581,3587
Partition 16	3564,3548,3566
Partition 17	3540,3538,3539
Partition 18	3563,3567,3568,3569
Partition 19	3522,3527,3530,3555,3573,3531,3572
Partition 20	3541,3543,3542
Partition 21	3597,3520
Partition 22	3565
Partition 25	3558
Partition 26	3556,3562
Partition 29	3588
Partition 30	3600
Partition 31	3544
Partition 32	3536
Partition 34	3535
path	2
T	10
cut	69
Partition 0	3612,3613,3614,3615
Partition 1	3607,3618,3616,3617,3606
Partition 2	3552,3553
Partition 3	3621,3620,3622,3623
Partition 4	3571,3619,3591,3592
Partition 5	3601,3547,3551,3602
Partition 6	3560,3557,3561
Partition 7	3541,3526,3559,3549,3550,3537,3524
Partition 8	3609,3610,3611,3608
Partition 9	3605,3604,3603
Partition 10	3593,3596,3594,3595,3525,3574
Partition 11	3575,3576,3577,3589,3590
Partition 12	3554,3555,3572
Partition 13	3533,3580,3578,3579
Partition 14	3532,3534,3523,3584,3583,3520
Partition 15	3582,3585,3586,3581,3587
Partition 16	3564,3566
Partition 17	3540,3538,3539
Partition 18	3563,3556,3562
Partition 19	3522,3527,3530,3600,3531
Partition 20	3536,3535,3543,3542
Partition 21	3528,3529,3545,3597,3599
Partition 23	3558
Partition 25	3548
Partition 26	3565
Partition 29	3573
Partition 30	3598
Partition 31	3544
Partition 32	3570,3569
Partition 33	3567,3568
Partition 34	3521
Partition 36	3546
Partition 39	3588
path	3
T	16
cut	68
Partition 0	3612,3613,3614,3615
Partition 1	3523,3607,3618,3616,3617,3606
Partition 2	3553,3521
Partition 3	3621,3622,3623
Partition 4	3570,3571,3619,3620,3592
Partition 5	3601,3547,3548,3602
Partition 6	3526,3559,3560,3557,3558,3561
Partition 7	3549,3524
Partition 8	3609,3610,3611,3608,3599
Partition 9	3605,3604,3603
Partition 10	3593,3596,3594,3595,3525,3598,3574
Partition 11	3575,3576,3577,3589,3590
Partition 12	3554
Partition 13	3533,3564,3580,3578,3579
Partition 14	3584,3583
Partition 15	3582,3585,3586,3581,3587
Partition 16	3565,3566
Partition 17	3540,3538,3539,3556
Partition 18	3567,3568,3569
Partition 19	3522,3527,3530,3555,3573,3531,3572
Partition 20	3536,3535,3543,3542
Partition 21	3528,3529
Partition 22	3600
Partition 23	3597
Partition 24	3546,3545
Partition 25	3520
Partition 26	3544
Partition 27	3541,3537
Partition 28	3563,3562
Partition 30	3532,3534
Partition 31	3551
Partition 32	3550
Partition 33	3588,3591
Partition 38	3552
path	4
T	16
cut	63
Partition 0	3612,3613,3614,3615
Partition 1	3607,3618,3616,3617,3606
Partition 2	3521,3546
Partition 3	3621,3619,3620,3622,3623
Partition 4	3588,3591,3592
Partition 5	3601,3547,3551,3602
Partition 6	3526,3559,3560,3557,3558,3561
Partition 7	3540,3541,3549,3550,3537,3524
Partition 8	3609,3610,3611,3608
Partition 9	3605,3604,3603
Partition 10	3593,3596,3572,3594,3595,3525,3574
Partition 11	3575,3576,3577,3589,3590
Partition 12	3556,3562
Partition 13	3533,3580,3578,3579
Partition 14	3532,3534,3554,3523,3584,3583
Partition 15	3582,3585,3586,3581,3587
Partition 16	3564,3548,3566
Partition 17	3538,3539,3565
Partition 18	3555,3563,3567,3568,3569
Partition 19	3522,3527,3530,3600,3531
Partition 20	3536,3535,3543,3542
Partition 21	3528,3529,3545,3544
Partition 22	3573
Partition 23	3553,3570
Partition 25	3552
Partition 28	3520
Partition 30	3597
Partition 32	3571
Partition 33	3598,3599
path	5
T	15
cut	67
Partition 0	3614,3615
Partition 1	3607,3618,3616,3617,3606
Partition 2	3552,3553
Partition 3	3621,3620,3622,3623
Partition 4	3571,3619,3591,3592
Partition 5	3601,3547,3551,3602
Partition 6	3526,3559,3560,3557,3558,3561
Partition 7	3549,3524
Partition 8	3609,3610,3611,3608
Partition 9	3605,3604,3603
Partition 10	3593,3596,3594,3595,3525,3537,3574
Partition 11	3575,3576,3577,3589,3590
Partition 12	3554,3555,3572
Partition 13	3533,3580,3578,3579
Partition 14	3532,3534,3523,3584,3583,3520
Partition 15	3582,3585,3586,3581,3587
Partition 16	3564,3548,3566
Partition 17	3538,3565
Partition 18	3563,3556,3570,3562,3567,3568,3569
Partition 19	3522,3527,3530,3600,3531
Partition 20	3536,3535,3543,3542
Partition 21	3528,3529,3545
Partition 22	3597
Partition 23	3613
Partition 26	3612
Partition 28	3599
Partition 29	3598
Partition 30	3544
Partition 32	3573
Partition 33	3521,3546
Partition 35	3550,3588
Partition 36	3539
Partition 40	3540,3541
path	6
T	9
cut	66
Partition 0	3612,3613,3614,3615
Partition 1	3607,3618,3616,3617,3606
Partition 2	3528,3529,3545
Partition 3	3546,3621,3620,3622,3623
Partition 4	3552,3553,3570,3571,3619,3592
Partition 5	3601,3547,3551,3602
Partition 6	3560,3557,3561
Partition 7	3526,3559,3549,3550,3521,3537,3524
Partition 8	3609,3610,3611,3608
Partition 9	3605,3604,3603
Partition 10	3593,3596,3594,3595,3525,3598,3574
Partition 11	3575,3576,3577,3589,3590
Partition 12	3554
Partition 13	3533,3580,3578,3579
Partition 14	3532,3534,3523,3584,3583
Partition 15	3582,3585,3586,3581,3587
Partition 16	3564,3548,3566
Partition 17	3540,3538,3539
Partition 18	3563,3567,3568,3569
Partition 19	3522,3527,3530,3555,3573,3531,3572
Partition 20	3541,3543,3542
Partition 21	3597,3520
Partition 22	3565
Partition 25	3558
Partition 26	3556,3562
Partition 29	3588,3591
Partition 30	3600
Partition 31	3544
Partition 32	3536
Partition 34	3535
Partition 36	3599
path	7
T	12
cut	68
Partition 0	3612,3613,3614,3615
Partition 1	3607,3618,3616,3617,3606
Partition 2	3553,3521
Partition 3	3621,3622,3623
Partition 4	3570,3571,3619,3620,3592
Partition 5	3600,3601,3547,3548,3551,3602
Partition 6	3560,3557,3558,3561
Partition 7	3549,3524
Partition 8	3609,3610,3611,3608
Partition 9	3597,3599,3520,3544
Partition 10	3593,3596,3594,3595,3525,3574
Partition 11	3575,3576,3577,3589,3590
Partition 12	3554
Partition 13	3533,3564,3580,3578,3579
Partition 14	3584,3583
Partition 15	3582,3585,3586,3581,3587
Partition 16	3565,3566
Partition 17	3540,3538,3539,3556
Partition 18	3567,3568,3569
Partition 19	3522,3527,3530,3555,3573,3531,3572
Partition 20	3536,3535,3543,3542
Partition 21	3528,3529
Partition 24	3546,3545
Partition 27	3541,3537
Partition 28	3563,3562
Partition 30	3532,3534
Partition 31	3605,3604,3603
Partition 32	3550
Partition 33	3588,3591
Partition 38	3552
Partition 41	3523
Partition 42	3598
Partition 44	3559
Partition 45	3526
path	8
T	14
cut	65
Partition 0	3612,3613,3614,3615
Partition 1	3607,3618,3616,3617,3606
Partition 2	3526,3559
Partition 3	3621,3619,3620,3622,3623
Partition 4	3588,3591,3592
Partition 5	3602
Partition 6	3560,3557,3558,3561
Partition 7	3540,3541,3551,3549,3550,3537,3524
Partition 8	3609,3610,3611,3608
Partition 9	3605,3604,3603
Partition 10	3593,3596,3572,3594,3595,3525,3574
Partition 11	3575,3576,3577,3589,3590
Partition 12	3556,3562
Partition 13	3533,3580,3578,3579
Partition 14	3532,3534,3554,3523,3584,3583
Partition 15	3582,3585,3586,3581,3587
Partition 16	3564,3547,3548,3566
Partition 17	3538,3539,3565
Partition 18	3563,3567,3568,3569
Partition 19	3522,3527,3530,3600,3531
Partition 20	3536,3535,3543,3542
Partition 21	3528,3529,3521,3546,3545,3544
Partition 22	3573
Partition 23	3553,3570
Partition 25	3552
Partition 28	3520
Partition 30	3597
Partition 32	3571
Partition 33	3598,3599
Partition 37	3555
Partition 39	3601
path	9
T	16
cut	70
Partition 0	3614,3615
Partition 1	3607,3618,3616,3617,3606
Partition 2	3552,3553
Partition 3	3621,3620,3622,3623
Partition 4	3571,3619,3591,3592
Partition 5	3601,3602
Partition 6	3560,3557,3558,3561
Partition 7	3549,3524
Partition 8	3609,3610,3611,3608
Partition 9	3605,3604,3603
Partition 10	3593,3596,3594,3595,3525,3537,3574
Partition 11	3575,3576,3577,3589,3590
Partition 12	3554,3555,3572
Partition 13	3533,3580,3578,3579
Partition 14	3532,3534,3523,3584,3583,3520
Partition 15	3582,3585,3586,3581,3587
Partition 16	3564,3547,3548,3566
Partition 17	3538,3565
Partition 18	3563,3539,3556,3562,3567,3568,3569
Partition 19	3522,3527,3530,3600,3531
Partition 20	3536,3535,3543,3542
Partition 21	3528,3529,3545
Partition 22	3597
Partition 23	3613
Partition 26	3612
Partition 28	3599
Partition 29	3598
Partition 30	3544
Partition 32	3573
Partition 33	3521,3546
Partition 35	3550,3588
Partition 40	3540,3541
Partition 41	3559
Partition 42	3526
Partition 43	3570
Partition 46	3551
