path	1
T	11
cut	27
Partition 0	1669,1677,1687
Partition 1	1680,1681,1682
Partition 2	1664,1668,1672,1684
Partition 3	1678,1679,1666
Partition 4	1692,1693,1706,1707,1705
Partition 6	1685,1683,1662,1708
Partition 7	1686
Partition 8	1670,1690,1691,1703,1704
Partition 9	1688,1689,1667
Partition 10	1695,1701,1699,1700
Partition 11	1702
Partition 13	1673,1674,1675,1676
Partition 14	1697,1698,1663
Partition 15	1665,1696
Partition 17	1671
Partition 18	1694
path	2
T	11
cut	28
Partition 0	1668,1679,1669,1680,1681
Partition 1	1676
Partition 2	1664,1684
Partition 3	1692
Partition 4	1691
Partition 5	1685,1686,1687
Partition 6	1682,1683,1662,1708
Partition 7	1693
Partition 8	1670,1671,1695,1667
Partition 9	1690,1678,1688,1689,1666
Partition 10	1696,1701,1699,1698,1700
Partition 12	1677
Partition 13	1672,1702,1703,1697,1663
Partition 14	1673,1674
Partition 15	1675,1665
Partition 16	1694
Partition 18	1704,1706,1707,1705
path	3
T	7
cut	26
Partition 0	1680,1681,1682
Partition 1	1683
Partition 2	1665,1696
Partition 3	1668,1678,1679,1666
Partition 4	1706,1707,1705
Partition 5	1669,1692,1687,1694,1693
Partition 6	1676,1677
Partition 7	1684,1685,1686
Partition 8	1691
Partition 9	1670,1690,1688,1689,1667
Partition 10	1671,1695,1701,1699,1700
Partition 11	1704
Partition 14	1697,1698,1663
Partition 15	1664,1672,1673,1674,1675
Partition 16	1708
Partition 17	1662
Partition 18	1702,1703
path	4
T	9
cut	26
Partition 2	1664,1668,1684,1669
Partition 3	1678,1679,1692,1666
Partition 4	1687,1694,1693,1706,1707
Partition 5	1691
Partition 6	1683,1708
Partition 7	1680,1681,1682,1677
Partition 8	1670,1667
Partition 9	1690,1688,1689
Partition 10	1695,1701,1699,1698,1700
Partition 11	1685,1662
Partition 12	1673,1674,1675,1676
Partition 13	1672,1702,1703
Partition 14	1665,1696,1697,1663
Partition 15	1671
Partition 17	1686
Partition 19	1704,1705
path	5
T	12
cut	27
Partition 0	1680,1681,1682
Partition 1	1677
Partition 2	1664,1684
Partition 3	1668,1678,1679,1669,1666
Partition 4	1704
Partition 5	1690,1692,1694,1693
Partition 6	1685,1683,1662,1708,1707
Partition 7	1686,1687
Partition 8	1691,1703
Partition 9	1670,1688,1689,1667
Partition 10	1665,1696,1699,1697,1698
Partition 12	1675,1676
Partition 13	1672,1673,1674,1702
Partition 14	1671
Partition 16	1663
Partition 17	1695,1701,1700,1706,1705
