path	1
T	13
cut	49
Partition 0	3567,3580,3579
Partition 1	3559,3565,3566
Partition 2	3535,3524,3536
Partition 3	3592,3520,3581
Partition 4	3552,3553,3594,3593
Partition 5	3547,3548,3564,3560
Partition 6	3549,3550,3551
Partition 7	3557,3558,3554
Partition 8	3541,3543
Partition 9	3544,3546,3545
Partition 10	3570,3571,3588,3572,3523,3587
Partition 11	3569,3568,3573,3574
Partition 12	3538
Partition 13	3589,3591,3590
Partition 14	3537,3585,3542,3584,3586
Partition 16	3521
Partition 17	3576,3577,3582,3583
Partition 18	3522,3527,3530,3533,3526,3563,3534
Partition 19	3575,3561,3562
Partition 20	3539,3540,3555,3525
Partition 23	3532
Partition 24	3531
Partition 26	3578
Partition 28	3556
Partition 30	3528,3529
path	2
T	15
cut	49
Partition 0	3567,3580,3581
Partition 1	3559,3565,3566
Partition 2	3534,3535,3524,3536
Partition 3	3520
Partition 4	3552,3553,3594,3593
Partition 5	3547,3548,3564,3560
Partition 6	3549,3550,3551
Partition 7	3557,3558,3554
Partition 8	3541,3543,3542
Partition 9	3544,3546,3545
Partition 11	3569,3572,3568,3573,3578,3574,3579
Partition 14	3527,3570,3571,3585,3526,3591,3592
Partition 15	3588,3539,3589,3538,3590
Partition 16	3522,3530,3537,3533,3584,3532,3521
Partition 17	3575,3576,3577,3561,3582,3583
Partition 18	3587
Partition 19	3562
Partition 20	3528,3540,3523,3529,3525
Partition 22	3586
Partition 24	3563
Partition 26	3531
Partition 28	3556
Partition 29	3555
path	3
T	11
cut	47
Partition 0	3567,3580,3579
Partition 1	3559,3565,3566
Partition 2	3534,3535,3524,3536
Partition 3	3592,3520,3581
Partition 4	3552,3553,3594,3593
Partition 5	3563,3547,3548,3564,3560
Partition 6	3549,3550,3551
Partition 7	3557,3558,3554,3555,3556
Partition 8	3543,3542
Partition 9	3544,3546,3545
Partition 10	3571,3572,3573,3574
Partition 11	3569,3568
Partition 12	3539,3538
Partition 13	3591,3590
Partition 14	3537,3585,3584,3586
Partition 16	3522,3530,3533,3532,3521
Partition 17	3582,3583
Partition 18	3527,3526
Partition 19	3575,3561,3562
Partition 20	3528,3540,3523,3529,3525
Partition 21	3577,3578
Partition 22	3570,3588,3531,3589,3587
Partition 24	3576
Partition 27	3541
path	4
T	17
cut	52
Partition 0	3522,3537,3567
Partition 1	3559,3565,3566
Partition 2	3534,3535,3524,3536
Partition 3	3591,3592,3590,3520,3581
Partition 4	3552,3553,3594,3593
Partition 5	3547,3548,3564,3560
Partition 6	3549,3550,3551
Partition 7	3557,3558,3554
Partition 8	3541,3543,3542
Partition 9	3544,3546,3545
Partition 12	3539,3538
Partition 13	3589
Partition 14	3585,3569,3584,3568,3583
Partition 15	3530,3588,3531,3533,3532,3587
Partition 17	3580,3577,3578,3521,3574,3579
Partition 18	3563
Partition 19	3562
Partition 20	3570,3528,3523,3529,3582,3525
Partition 21	3527
Partition 22	3526
Partition 23	3575,3576
Partition 25	3561
Partition 26	3573
Partition 27	3571
Partition 28	3572
Partition 31	3586
Partition 33	3555,3556
Partition 34	3540
path	5
T	12
cut	52
Partition 0	3567
Partition 1	3559,3565,3566
Partition 2	3534,3535,3524,3536
Partition 3	3591,3592,3520,3581
Partition 4	3552,3553,3594,3593
Partition 5	3547,3548,3564,3560
Partition 6	3549,3550,3551
Partition 7	3557,3558,3554
Partition 8	3541,3543,3542
Partition 9	3544,3546,3545
Partition 10	3572
Partition 12	3539,3538,3568,3555,3556
Partition 13	3589,3590
Partition 14	3537,3585,3569,3584,3586
Partition 15	3588,3531,3587
Partition 16	3522,3527,3530,3533,3532,3521
Partition 17	3582,3583
Partition 18	3563
Partition 19	3575,3561,3562
Partition 20	3528,3540,3523,3529,3525
Partition 21	3573
Partition 22	3570
Partition 23	3571
Partition 24	3580
Partition 26	3578,3574,3579
Partition 27	3526
Partition 29	3576
Partition 31	3577
path	6
T	9
cut	51
Partition 0	3567,3580,3579
Partition 1	3559,3565,3566
Partition 2	3535,3524,3536
Partition 3	3592,3520,3581
Partition 4	3552,3553,3594,3593
Partition 5	3547,3548,3564,3560
Partition 6	3549,3550,3551
Partition 7	3557,3558,3554
Partition 8	3541,3543
Partition 9	3544,3546,3545
Partition 10	3531,3587
Partition 11	3569,3568,3573,3574
Partition 12	3538
Partition 13	3589,3591,3590
Partition 14	3537,3585,3539,3542,3584,3586,3540
Partition 17	3521,3582,3583
Partition 18	3522,3527,3530,3533,3526,3563,3534
Partition 19	3575,3561,3562
Partition 20	3555,3525
Partition 23	3532
Partition 26	3578
Partition 28	3556
Partition 30	3529
Partition 31	3528
Partition 32	3570,3571,3572,3523
Partition 34	3588
Partition 35	3576
Partition 36	3577
path	7
T	3
cut	54
Partition 0	3580,3520,3581
Partition 1	3559,3566
Partition 2	3534,3535,3524,3536
Partition 4	3552,3553,3594,3593
Partition 5	3547,3548,3564,3560
Partition 6	3549,3550,3551
Partition 7	3557,3558,3554
Partition 8	3541,3543,3542
Partition 9	3544,3546,3545
Partition 11	3569,3572,3568,3573,3574
Partition 14	3527,3570,3571,3585,3526
Partition 15	3588,3539,3589,3591,3538,3590
Partition 16	3522,3530,3537,3533,3584,3532,3583
Partition 17	3575,3576,3577
Partition 18	3587
Partition 19	3562
Partition 20	3528,3540,3523,3529,3525
Partition 22	3586
Partition 24	3563
Partition 26	3531
Partition 28	3556
Partition 29	3555
Partition 31	3592
Partition 34	3565
Partition 35	3521,3582
Partition 38	3567
Partition 39	3578
Partition 43	3579
Partition 45	3561
path	8
T	11
cut	49
Partition 0	3567,3580,3579
Partition 1	3559,3565,3566
Partition 2	3534,3535,3524,3536
Partition 3	3592,3520,3581
Partition 4	3552,3553,3594,3593
Partition 5	3563,3547,3548,3564,3560
Partition 6	3549,3550,3551
Partition 7	3557,3558,3554,3555,3556
Partition 8	3537,3541,3543,3539,3542,3538
Partition 9	3544,3546,3545
Partition 10	3571,3572,3573,3578,3574
Partition 11	3569,3568
Partition 13	3591,3590
Partition 14	3585,3584,3586
Partition 16	3530,3533,3532
Partition 17	3582,3583
Partition 18	3527,3526
Partition 19	3575,3561,3562
Partition 20	3528,3540,3523,3525
Partition 21	3577,3521
Partition 22	3588,3531,3589,3587
Partition 24	3576
Partition 29	3529
Partition 31	3570
Partition 33	3522
path	9
T	13
cut	51
Partition 0	3522,3527,3567,3580
Partition 1	3559,3565,3566
Partition 2	3534,3535,3524,3536
Partition 3	3588,3589,3591,3592,3590,3520,3581
Partition 4	3552,3553,3594,3593
Partition 5	3547,3548,3564,3560
Partition 6	3549,3550,3551
Partition 7	3557,3558,3554
Partition 8	3541,3543,3542
Partition 9	3544,3546,3545
Partition 12	3539,3538
Partition 14	3585,3584,3583
Partition 15	3530,3531,3533,3532,3587
Partition 17	3577,3578,3574,3579
Partition 18	3563
Partition 19	3562
Partition 20	3570,3528,3523,3529,3582,3525
Partition 21	3521
Partition 22	3526
Partition 23	3575,3576
Partition 25	3561
Partition 26	3573
Partition 27	3571
Partition 28	3572
Partition 31	3586
Partition 33	3568,3555,3556
Partition 34	3540
Partition 38	3537,3569
path	10
T	12
cut	54
Partition 0	3567
Partition 1	3559,3565,3566
Partition 2	3534,3535,3524,3536
Partition 3	3591,3592,3520,3581
Partition 4	3552,3553,3594,3593
Partition 5	3547,3548,3564,3560
Partition 6	3549,3550,3551
Partition 7	3557,3558,3554
Partition 8	3537,3541,3543,3542
Partition 9	3544,3546,3545
Partition 10	3572
Partition 12	3568,3555,3556
Partition 13	3589,3590
Partition 14	3585,3584,3586
Partition 15	3588,3531,3587
Partition 16	3522,3527,3530,3533,3532,3521
Partition 17	3582,3583
Partition 18	3563
Partition 19	3575,3561,3562
Partition 20	3528,3540,3523,3529,3525
Partition 21	3573
Partition 22	3570
Partition 23	3571
Partition 24	3580
Partition 26	3578,3574,3579
Partition 27	3526
Partition 29	3576
Partition 31	3577
Partition 32	3569
Partition 35	3539
Partition 36	3538
