path	1
T	7
cut	31
Partition 0	1679,1689
Partition 1	1668
Partition 2	1692
Partition 3	1706,1664,1671,1681,1707
Partition 4	1662
Partition 6	1693,1674,1672,1669,1673
Partition 7	1691,1694,1704,1690,1710
Partition 8	1688,1712,1711
Partition 9	1685,1686,1687,1665
Partition 10	1663,1698,1705,1699,1666
Partition 11	1678
Partition 12	1708,1709,1677,1675,1676
Partition 14	1695,1696,1697,1670
Partition 15	1701,1702,1703
Partition 17	1682,1683,1680,1667,1684
Partition 18	1700
path	2
T	11
cut	33
Partition 0	1683
Partition 1	1668
Partition 2	1664,1671,1681,1707,1682
Partition 3	1705,1706
Partition 4	1662,1679,1689,1680,1684
Partition 5	1667
Partition 6	1674
Partition 7	1692,1693
Partition 8	1688,1712,1711
Partition 9	1685,1686,1687,1665
Partition 10	1663,1678,1698,1699,1677
Partition 12	1709,1675,1676,1710
Partition 13	1672
Partition 15	1700,1701,1702,1703
Partition 16	1696,1697,1669,1670,1673
Partition 17	1695,1708
Partition 18	1691,1694,1704,1690
Partition 19	1666
path	3
T	7
cut	33
Partition 0	1682,1683
Partition 1	1705,1668,1679,1666
Partition 2	1681
Partition 3	1708,1706,1664,1671,1707
Partition 4	1689
Partition 5	1697,1669,1670,1680,1667
Partition 6	1692,1693,1674,1672,1673
Partition 7	1691,1694,1690
Partition 9	1685,1686,1687,1665
Partition 10	1663,1698,1699,1700
Partition 11	1662,1675,1676
Partition 12	1678,1688,1677,1712,1711
Partition 13	1710
Partition 14	1701
Partition 15	1704,1702,1703
Partition 16	1709
Partition 17	1695,1696
Partition 18	1684
path	4
T	7
cut	33
Partition 0	1683,1684
Partition 1	1705,1668,1679,1666
Partition 2	1681,1682
Partition 3	1664,1671,1672
Partition 4	1662
Partition 5	1680,1667
Partition 6	1692,1693
Partition 7	1691,1689,1690
Partition 8	1704,1709,1712,1710,1711
Partition 9	1685,1686,1687,1665
Partition 10	1663,1698,1699
Partition 11	1688
Partition 12	1706,1707
Partition 13	1694
Partition 14	1696,1697,1669,1670,1673
Partition 15	1700,1701,1702,1703
Partition 16	1695,1708
Partition 17	1678,1674,1677,1675,1676
path	5
T	10
cut	33
Partition 0	1682,1683
Partition 1	1679,1666
Partition 2	1671
Partition 3	1672
Partition 4	1708,1709,1662,1675,1676
Partition 5	1684
Partition 6	1692,1693,1668,1674,1673
Partition 7	1691,1694,1704,1690,1710
Partition 8	1688,1712,1711
Partition 9	1685,1686,1687,1665
Partition 10	1663,1698,1699
Partition 11	1678
Partition 12	1706,1664,1681,1707
Partition 14	1695,1696,1697,1670
Partition 15	1700,1701,1702,1703
Partition 17	1677
Partition 20	1705
Partition 21	1669,1689,1680,1667
