path	1
T	10
cut	33
Partition 0	3553,3525,3563,3523
Partition 1	3521,3529,3552,3561,3530
Partition 2	3574,3575,3550,3551,3576
Partition 3	3549,3547,3548,3579,3580
Partition 4	3564,3570,3571,3572,3573
Partition 5	3524,3569,3577,3578
Partition 6	3527,3522
Partition 7	3545
Partition 8	3555,3556,3554
Partition 9	3541,3542
Partition 10	3526,3532,3533
Partition 11	3559,3560,3568,3567,3566
Partition 12	3537,3538,3546,3539,3540
Partition 13	3534
Partition 14	3536,3535
Partition 15	3565
Partition 16	3543,3544
Partition 17	3531,3528,3558,3520,3557
Partition 19	3562
path	2
T	15
cut	32
Partition 0	3553,3538,3525,3563,3523
Partition 1	3521,3529,3552,3561,3530
Partition 2	3574,3575,3550,3551,3576
Partition 3	3549,3547,3548,3579,3580
Partition 4	3570,3571,3572,3573
Partition 5	3524,3569,3577,3578
Partition 6	3531,3527,3528,3522,3557
Partition 8	3539,3540
Partition 9	3541,3542,3562,3520
Partition 10	3526,3532,3534,3535
Partition 11	3555,3556,3554
Partition 13	3564
Partition 14	3565,3566
Partition 15	3543,3545,3546,3533,3544
Partition 16	3567
Partition 17	3560,3568
Partition 18	3558,3559
Partition 19	3536,3537
path	3
T	11
cut	34
Partition 0	3553,3525,3563,3523
Partition 1	3521,3529,3552,3561,3530
Partition 2	3574,3575,3550,3551
Partition 3	3549,3547,3548,3579,3580
Partition 4	3564,3570,3571,3572,3573
Partition 5	3524,3569,3577,3578
Partition 6	3539,3531,3527,3528,3522
Partition 7	3537,3538
Partition 8	3555,3556,3554
Partition 9	3541,3542,3562,3520,3557
Partition 10	3526,3532,3533
Partition 11	3558,3559,3560
Partition 12	3545,3546,3540,3544
Partition 14	3576
Partition 15	3535
Partition 16	3534
Partition 18	3565
Partition 19	3543
Partition 20	3568,3567,3566
Partition 21	3536
path	4
T	8
cut	38
Partition 0	3563,3550,3551,3523
Partition 1	3521,3529,3552,3561,3530
Partition 2	3553,3525
Partition 3	3549,3547,3548,3579,3580
Partition 4	3570,3571,3520
Partition 5	3524,3569
Partition 6	3527,3528,3522
Partition 7	3537,3538
Partition 8	3555,3556,3554,3560,3568
Partition 9	3541,3542
Partition 10	3526,3532,3533
Partition 11	3567,3566
Partition 12	3539,3540
Partition 14	3574
Partition 17	3564
Partition 18	3534
Partition 19	3536,3535
Partition 21	3543,3545,3546,3544
Partition 23	3565
Partition 24	3562
Partition 25	3572
Partition 27	3575,3577,3576,3578,3573
Partition 28	3531,3558,3559,3557
path	5
T	7
cut	33
Partition 0	3553,3525,3563,3523
Partition 1	3521,3529,3552,3561,3530
Partition 2	3574,3575,3550,3551
Partition 3	3549,3547,3548,3579,3580
Partition 4	3570,3520
Partition 5	3524,3569,3577,3578
Partition 6	3527,3528,3522
Partition 7	3556
Partition 8	3536,3537,3555,3538,3554
Partition 9	3542,3543
Partition 10	3526,3532,3533
Partition 11	3571
Partition 12	3545,3546,3540,3544
Partition 13	3564,3572,3567,3566
Partition 14	3576,3573
Partition 15	3534,3535
Partition 16	3541,3562,3565
Partition 18	3539,3531,3557
Partition 19	3558,3559,3560,3568
