cut	55
Partition 0	3532,3530,3529
Partition 1	3556,3555,3557
Partition 2	3531,3524,3573
Partition 3	3559,3560,3571
Partition 4	3542,3545,3572
Partition 5	3543,3544,3547,3558,3546
Partition 6	3533,3534,3535
Partition 7	3553,3552,3551
Partition 8	3598,3596,3597
Partition 9	3569,3549,3550
Partition 10	3599,3576,3520
Partition 11	3570,3575,3574
Partition 12	3580,3586,3589
Partition 13	3595,3594,3593
Partition 14	3590,3591,3592
Partition 15	3577,3587,3588
Partition 16	3579,3584,3578,3585
Partition 17	3583,3582,3581
Partition 18	3525,3554,3523
Partition 19	3540,3539,3541
Partition 20	3565,3521,3528
Partition 21	3563,3568,3564
Partition 22	3561,3562,3522
Partition 23	3526,3566,3567
Partition 24	3536,3537,3527,3538,3548
