cut	44
Partition 0	3520,3567,3559,3566
Partition 1	3561,3562,3563,3570,3558
Partition 2	3560,3544,3526,3532,3531
Partition 3	3542,3541,3523,3540,3557
Partition 4	3524,3572,3574,3575,3576
Partition 5	3584,3586,3585,3587,3588
Partition 6	3573,3568,3565,3569,3577
Partition 7	3528,3529,3530,3527,3564
Partition 8	3534,3535,3536,3578,3537
Partition 9	3579,3580,3551,3581,3550
Partition 10	3583,3594,3582,3595,3596
Partition 11	3598,3556,3597,3521,3571
Partition 12	3525,3533,3543,3545,3546
Partition 13	3589,3590,3591,3593,3592
Partition 14	3522,3539,3555,3538,3554
Partition 15	3548,3549,3547,3553,3552
