cut	95
Partition 0	502,501,383
Partition 1	384,385,386,387
Partition 2	357,376,358
Partition 3	355,377,356
Partition 4	378,379,499,380
Partition 5	500,338,381,382
Partition 6	339,374,340
Partition 7	484,398,399
Partition 8	396,397,483,395
Partition 9	353,375,354
Partition 10	390,391,392,497
Partition 11	498,394,388,389,393
Partition 12	345,370,346
Partition 13	490,418,419,423
Partition 14	420,421,422,489
Partition 15	359,371,360
Partition 16	504,412,413,417
Partition 17	414,415,416,503
Partition 18	363,372,364
Partition 19	408,409,410,507
Partition 20	508,406,407,411
Partition 21	361,373,362
Partition 22	506,400,401,405
Partition 23	402,403,404,505
Partition 24	341,440,342
Partition 25	486,475,476,474
Partition 26	471,472,473,485
Partition 27	343,439,344
Partition 28	488,482,481,480
Partition 29	477,478,479,487
Partition 30	351,441,352
Partition 31	465,466,467
Partition 32	496,469,495,470,468
Partition 33	349,442,350
Partition 34	463,464,462
Partition 35	494,459,460,461,493
Partition 36	365,444,366
Partition 37	447,448,449,509
Partition 38	510,451,450,452
Partition 39	347,443,348
Partition 40	492,457,458,456
Partition 41	453,454,455,491
Partition 42	367,369,368
Partition 43	512,424,425,429
Partition 44	426,427,428,511
Partition 45	336,432,337
Partition 46	433,434,435
Partition 47	430,431,437
Partition 48	438,445,436,446
