path	1
T	21
cut	77
Partition 0	3535,3536,3594,3593
Partition 1	3538,3539,3540,3549,3548,3537
Partition 2	3555,3559,3560,3533
Partition 3	3565,3564,3558
Partition 4	3568,3569,3570
Partition 5	3563,3562,3561,3592,3523
Partition 7	3545,3546,3547,3543
Partition 8	3610,3611,3612
Partition 9	3603,3604,3607,3606
Partition 10	3578,3579
Partition 11	3574,3621,3572,3573
Partition 12	3525,3590,3619,3618,3620
Partition 13	3529
Partition 14	3521,3530,3596,3527,3528
Partition 15	3550,3532,3551
Partition 16	3524,3552,3557
Partition 17	3581,3582,3583,3580
Partition 18	3591,3575,3576,3577,3526,3554,3553
Partition 19	3597,3600,3598,3599
Partition 20	3614,3615,3609,3608
Partition 21	3520,3585,3602,3617,3601
Partition 22	3589
Partition 23	3522
Partition 25	3595
Partition 27	3571
Partition 28	3566
Partition 34	3605
Partition 35	3584
Partition 36	3531
Partition 38	3556
Partition 39	3541
Partition 40	3542,3544
Partition 41	3616
Partition 42	3613
Partition 43	3588
Partition 45	3587
Partition 48	3567
Partition 50	3586,3534
path	2
T	13
cut	73
Partition 0	3525,3535,3536,3594,3593,3595
Partition 1	3538,3539,3540,3548,3537
Partition 2	3559,3560
Partition 3	3555,3556,3564,3558
Partition 4	3565,3566,3569,3570
Partition 5	3542,3562,3561,3592,3523
Partition 6	3547,3587,3544,3588
Partition 7	3545,3543
Partition 8	3610,3611
Partition 9	3603,3604,3607,3606
Partition 10	3578,3586,3579,3533,3534
Partition 11	3574,3621,3572,3573
Partition 12	3590,3619,3618,3620
Partition 13	3567,3554,3568
Partition 14	3529,3521,3530,3596,3527,3528,3522
Partition 15	3549,3550,3532,3551
Partition 16	3524,3552,3557
Partition 17	3581,3582,3583,3580
Partition 18	3575,3576,3577
Partition 19	3597,3600,3598,3599
Partition 20	3614,3615,3616,3609,3608
Partition 21	3520,3585,3602,3617,3591,3601
Partition 22	3612
Partition 23	3613
Partition 24	3584
Partition 26	3526
Partition 27	3589
Partition 31	3531
Partition 32	3605
Partition 33	3541
Partition 34	3546
Partition 37	3571
Partition 40	3563
Partition 43	3553
path	3
T	16
cut	68
Partition 0	3535,3536,3594,3593,3595
Partition 1	3538,3539,3540,3548,3537
Partition 2	3560,3571
Partition 3	3556,3564,3558
Partition 4	3565,3566,3569,3570
Partition 5	3561,3592,3523
Partition 6	3546,3547,3587,3544,3613,3588
Partition 7	3545,3543
Partition 8	3610,3611,3612
Partition 9	3603,3604,3607,3606
Partition 10	3526,3541,3578,3586,3579,3533,3534
Partition 11	3574,3621,3572,3573
Partition 12	3590,3619,3618,3620
Partition 13	3525,3529,3567,3568
Partition 14	3521,3530,3549,3596,3527,3528
Partition 15	3550,3532,3551
Partition 16	3524,3552,3557
Partition 17	3581,3582,3583,3584,3580
Partition 18	3591,3575,3576,3577,3554,3553
Partition 19	3597,3600,3598,3599
Partition 20	3614,3615,3616,3609,3608
Partition 21	3520,3585,3602,3617,3601
Partition 23	3589
Partition 24	3531
Partition 26	3522
Partition 27	3605
Partition 29	3542
Partition 33	3563,3562
Partition 35	3555
Partition 39	3559
path	4
T	15
cut	76
Partition 0	3535,3536,3594,3593
Partition 1	3538,3539,3540,3548,3537
Partition 2	3559,3560
Partition 3	3555,3556,3564,3558
Partition 4	3563,3565,3566
Partition 5	3562,3561,3592,3523
Partition 6	3585,3589,3590,3547,3587,3544,3613
Partition 7	3545,3546,3543
Partition 8	3610,3611
Partition 9	3604,3607,3606
Partition 10	3526,3578,3586,3579,3533,3534
Partition 11	3574,3621,3572,3573
Partition 12	3619,3618,3620
Partition 13	3525,3529,3531,3567,3568
Partition 14	3521,3530,3596,3527,3528,3522
Partition 15	3550,3551
Partition 16	3524,3557
Partition 17	3581,3582,3583,3580
Partition 18	3591,3575,3576,3577,3553,3601
Partition 19	3597,3600,3598,3599
Partition 20	3614,3615,3616,3609,3608
Partition 21	3520,3602
Partition 22	3532
Partition 24	3588
Partition 26	3612
Partition 27	3554
Partition 28	3584
Partition 31	3603
Partition 34	3549
Partition 37	3605
Partition 39	3617
Partition 41	3552
Partition 43	3541
Partition 44	3542
Partition 45	3569,3570
Partition 49	3595
Partition 52	3571
path	5
T	12
cut	74
Partition 0	3535,3536,3594,3593
Partition 1	3538,3539,3540,3548,3537
Partition 2	3568
Partition 3	3556,3591
Partition 4	3565,3564,3560,3571,3566,3569,3570
Partition 5	3542,3561,3592,3523
Partition 6	3547,3587,3544,3613,3588
Partition 7	3545,3546,3543
Partition 8	3610,3611
Partition 9	3603,3604,3607,3612,3606
Partition 10	3526,3554,3578,3586,3579,3533,3534
Partition 11	3574,3621,3573
Partition 12	3590,3619,3618,3620
Partition 13	3525,3529,3563,3567
Partition 14	3521,3530,3596,3527,3528
Partition 15	3531,3550,3532,3551
Partition 16	3524,3552,3557,3558
Partition 17	3583,3584
Partition 18	3575,3576,3553
Partition 19	3597,3600,3598,3599
Partition 20	3614,3615,3616,3609,3608
Partition 21	3585,3602,3589,3617,3601
Partition 23	3580
Partition 26	3572
Partition 27	3549
Partition 30	3541
Partition 32	3582
Partition 33	3562
Partition 34	3581
Partition 35	3522
Partition 37	3520
Partition 39	3605
Partition 40	3555,3559
Partition 41	3595
Partition 43	3577
path	6
T	18
cut	84
Partition 0	3535,3536,3594,3593
Partition 1	3538,3539,3540,3549,3548
Partition 2	3555,3559,3560,3533,3537
Partition 3	3565,3564,3558
Partition 4	3568,3569,3570
Partition 5	3525,3563,3562,3561,3592,3523
Partition 7	3545,3546,3543
Partition 8	3610,3611,3612
Partition 9	3603,3604,3607,3606
Partition 10	3578,3579
Partition 11	3574,3621,3572,3573
Partition 12	3590,3619,3618,3620
Partition 13	3529
Partition 14	3527,3522
Partition 15	3550,3551
Partition 16	3524,3552,3557
Partition 17	3581,3582,3583,3580
Partition 18	3591,3575,3576,3577,3526,3554,3553
Partition 19	3600,3598,3599
Partition 20	3614,3615,3609,3608
Partition 21	3520,3602
Partition 22	3585,3589
Partition 23	3530
Partition 25	3595
Partition 27	3571
Partition 28	3566
Partition 34	3597
Partition 35	3584
Partition 36	3531
Partition 38	3556
Partition 39	3542
Partition 40	3544
Partition 41	3616
Partition 42	3613
Partition 43	3588
Partition 45	3587
Partition 48	3567
Partition 50	3586,3534
Partition 53	3532
Partition 55	3541
Partition 56	3547
Partition 58	3601
Partition 59	3617
Partition 60	3521,3596,3605
Partition 61	3528
path	7
T	12
cut	75
Partition 0	3535,3536,3594,3593,3595
Partition 1	3538,3539,3540,3547,3548
Partition 2	3559,3560
Partition 3	3555,3556,3564,3558
Partition 4	3565,3566,3569,3570
Partition 5	3542,3562,3561,3592,3523
Partition 6	3587,3588
Partition 7	3545,3543
Partition 8	3610,3611
Partition 9	3603,3604,3607,3606
Partition 10	3578,3586,3579,3533,3534
Partition 11	3574,3621,3572,3573
Partition 12	3590,3619,3618,3620
Partition 13	3567,3554,3568
Partition 14	3529,3521,3530,3596,3527,3528,3522
Partition 15	3549,3550,3532,3551
Partition 16	3524,3552,3557
Partition 17	3581,3582,3583,3580
Partition 18	3575,3576,3577
Partition 19	3597,3600,3598,3599
Partition 20	3614,3615,3616,3609,3608
Partition 21	3520,3585,3602,3617,3591,3601
Partition 22	3612
Partition 23	3613
Partition 24	3584
Partition 26	3541
Partition 27	3589
Partition 31	3531
Partition 32	3605,3526
Partition 34	3546
Partition 37	3571
Partition 40	3563
Partition 43	3553
Partition 44	3525
Partition 47	3544
Partition 49	3537
path	8
T	16
cut	69
Partition 0	3535,3536,3594,3593,3595
Partition 1	3538,3539,3540,3548,3537
Partition 2	3560,3571
Partition 3	3556,3564,3558
Partition 4	3565,3566,3569,3570
Partition 5	3561,3592,3523
Partition 6	3546,3547,3587,3544,3613,3588
Partition 7	3545,3543
Partition 8	3610,3611,3612
Partition 9	3603,3604,3607,3606
Partition 10	3526,3541,3578,3586,3579,3533,3534
Partition 11	3574,3621,3572,3573
Partition 12	3590,3619,3618,3620
Partition 13	3525,3529,3567,3568
Partition 14	3521,3530,3549,3596,3527,3528
Partition 15	3550,3532,3551
Partition 16	3524,3552,3557
Partition 17	3581,3582,3583,3580
Partition 18	3591,3575,3576,3577,3554,3553
Partition 19	3597,3600,3598,3599
Partition 20	3614,3615,3616,3609,3608
Partition 21	3520,3585,3602,3617,3601
Partition 23	3589
Partition 24	3531
Partition 26	3522
Partition 27	3605
Partition 29	3542
Partition 33	3563,3562
Partition 35	3555
Partition 39	3559
Partition 44	3584
path	9
T	16
cut	75
Partition 0	3535,3536,3594,3593
Partition 1	3538,3539,3540,3548,3537
Partition 2	3559,3560
Partition 3	3555,3556,3564,3558
Partition 4	3563,3565,3566
Partition 5	3562,3561,3592,3523
Partition 6	3585,3589,3590,3547,3587,3544,3588
Partition 7	3545,3546,3543
Partition 8	3610,3611
Partition 9	3604,3607,3606
Partition 10	3526,3578,3586,3579,3533,3534
Partition 11	3574,3621,3572,3573
Partition 12	3619,3618,3620
Partition 13	3525,3529,3531,3567,3568
Partition 14	3521,3530,3596,3527,3528,3522
Partition 15	3550,3551
Partition 16	3524,3557
Partition 17	3581,3582,3583,3580
Partition 18	3591,3575,3576,3577,3553,3601
Partition 19	3597,3600,3598,3599
Partition 20	3614,3615,3616,3609,3608
Partition 21	3520,3602
Partition 22	3532
Partition 26	3612
Partition 27	3554
Partition 28	3584
Partition 31	3603
Partition 34	3549
Partition 37	3605
Partition 39	3617
Partition 41	3552
Partition 43	3541
Partition 44	3542
Partition 45	3569,3570
Partition 49	3595
Partition 52	3571
Partition 55	3613
