cut	87
Partition 0	359,414,371,360
Partition 1	504,415,416,503,417
Partition 2	345,370,346
Partition 3	490,420,421,489
Partition 4	424,418,422,419,423
Partition 5	506,404,505,405
Partition 6	361,402,373,403,362
Partition 7	363,372,364,412,413
Partition 8	508,406,407,411
Partition 9	408,409,410,507
Partition 10	357,376,358,388
Partition 11	384,385,386,387
Partition 12	502,382,501,383
Partition 13	500,338,499,381,380
Partition 14	355,378,377,379,356
Partition 15	353,390,375,391,354
Partition 16	498,392,497,389,393
Partition 17	484,394,483,395
Partition 18	396,397,398,399
Partition 19	339,374,340,400,401
Partition 20	453,454,455,456
Partition 21	347,443,348,457
Partition 22	492,366,491,452
Partition 23	365,447,444,448,449
Partition 24	510,451,446,450,509
Partition 25	433,434,436,435
Partition 26	336,432,337,445
Partition 27	438,368,431,437
Partition 28	512,430,511,425,429
Partition 29	367,426,369,427,428
Partition 30	486,473,485,474
Partition 31	341,471,440,472,342
Partition 32	482,343,439,344,481
Partition 33	477,478,479
Partition 34	488,475,487,476,480
Partition 35	349,459,442,460,350
Partition 36	494,461,493,458,462
Partition 37	351,441,352,469,470
Partition 38	465,466,495,464
Partition 39	496,463,467,468
