path	1
T	11
cut	46
Partition 0	3524,3529
Partition 1	3545,3535,3572,3533,3534
Partition 2	3546,3548,3547
Partition 3	3561,3562,3563
Partition 4	3537,3538
Partition 5	3526,3552,3553
Partition 6	3575,3580
Partition 7	3578,3579,3576
Partition 8	3530,3522,3573
Partition 9	3556
Partition 10	3566,3567
Partition 11	3557,3558
Partition 12	3544,3520
Partition 13	3568,3569,3549,3571,3570,3581
Partition 14	3583,3584,3582
Partition 15	3565,3585,3559,3564
Partition 16	3521,3543,3542
Partition 17	3527,3528,3532,3531
Partition 18	3540,3555,3525,3539,3541
Partition 20	3523,3536,3550,3551,3554
Partition 21	3577
Partition 22	3574
Partition 23	3560
path	2
T	12
cut	45
Partition 1	3524,3529,3535,3572,3533,3534
Partition 2	3545,3546,3548,3547
Partition 3	3564,3561,3562,3563
Partition 4	3537,3538
Partition 5	3551,3560,3554,3552,3553
Partition 6	3575,3580,3574
Partition 7	3577,3578,3579
Partition 8	3530,3522,3573
Partition 9	3569
Partition 10	3521,3543
Partition 11	3568,3549
Partition 12	3528,3544,3520
Partition 13	3566,3567
Partition 14	3565,3585,3583,3584,3582
Partition 15	3558,3559
Partition 16	3532,3531,3542
Partition 17	3527,3525
Partition 18	3540,3539,3541
Partition 20	3523,3536,3550
Partition 21	3571,3570,3581
Partition 22	3556,3576
Partition 24	3557,3526,3555
path	3
T	11
cut	51
Partition 0	3545,3535,3533
Partition 1	3524
Partition 2	3546,3548,3547
Partition 3	3561,3562
Partition 4	3537,3538,3539
Partition 5	3523,3550,3551,3554,3552,3553
Partition 6	3575,3580,3574
Partition 7	3577,3578,3579
Partition 8	3530,3522,3573
Partition 9	3556
Partition 10	3567,3576
Partition 11	3557,3558
Partition 12	3544,3549,3520
Partition 13	3566,3568,3569,3571,3570,3581
Partition 14	3583,3584,3582
Partition 15	3565,3559,3525,3564
Partition 16	3521,3543,3542
Partition 17	3527,3528,3532,3531
Partition 18	3585
Partition 19	3572
Partition 20	3534
Partition 21	3555
Partition 22	3540,3541
Partition 24	3526
Partition 25	3563
Partition 26	3536
Partition 28	3560
Partition 29	3529
path	4
T	9
cut	47
Partition 0	3545,3535,3533
Partition 1	3572,3534
Partition 2	3546,3548,3547
Partition 3	3561,3562,3563
Partition 4	3537,3538
Partition 5	3551,3529,3560,3554,3552,3553
Partition 6	3569,3570
Partition 7	3575,3577,3580,3578,3571,3579,3581
Partition 8	3522,3573,3574
Partition 9	3555,3556
Partition 10	3567,3576
Partition 11	3557,3558
Partition 12	3544,3549,3520
Partition 14	3583,3584,3582
Partition 15	3565,3585,3559,3564
Partition 16	3521,3543,3566,3568,3542
Partition 17	3527,3528,3532,3531
Partition 18	3536,3540,3539,3541
Partition 19	3525
Partition 20	3524
Partition 23	3526
Partition 24	3550
Partition 26	3523
Partition 28	3530
path	5
T	9
cut	45
Partition 0	3545,3524,3529,3535,3533
Partition 1	3572,3534
Partition 2	3546,3548,3547,3544
Partition 3	3560,3561,3562,3563
Partition 4	3537,3538
Partition 5	3551,3554,3552,3553
Partition 6	3575,3580,3574
Partition 7	3577,3578,3579,3576
Partition 8	3522,3573
Partition 9	3555,3556
Partition 10	3566,3567
Partition 11	3526
Partition 12	3568,3549
Partition 13	3569,3571,3570
Partition 14	3521,3543,3583,3584,3581,3582
Partition 15	3565,3585,3557,3558,3559,3564
Partition 16	3532,3531,3542
Partition 17	3527,3528,3520
Partition 18	3536,3540,3525,3539,3541
Partition 20	3523
Partition 22	3550
Partition 24	3530
path	6
T	12
cut	50
Partition 1	3524,3535,3572,3533,3534
Partition 2	3545,3546,3548,3547
Partition 3	3564,3561,3562,3563
Partition 4	3557,3526,3555
Partition 5	3551,3560,3554,3552,3553
Partition 6	3575,3580,3574
Partition 7	3577,3578,3579
Partition 8	3529
Partition 9	3569
Partition 10	3521,3543
Partition 11	3568,3549
Partition 12	3528,3544,3520
Partition 13	3566,3567
Partition 14	3565,3585,3583,3584,3582
Partition 15	3558,3559
Partition 16	3532,3531,3542
Partition 17	3527,3525
Partition 18	3540,3539,3541
Partition 20	3550
Partition 21	3571,3570,3581
Partition 22	3556,3576
Partition 24	3537,3538
Partition 27	3573
Partition 28	3522
Partition 30	3530
Partition 31	3536
Partition 32	3523
path	7
T	7
cut	51
Partition 0	3545,3535,3533
Partition 1	3524
Partition 2	3546,3548,3547
Partition 3	3561,3562
Partition 4	3537,3538,3539
Partition 5	3551,3560,3554,3552,3553
Partition 6	3575,3580,3574
Partition 7	3577,3578,3579
Partition 8	3530,3522,3573
Partition 9	3556
Partition 10	3567,3576
Partition 11	3550
Partition 12	3557,3544,3549,3558,3520
Partition 13	3566,3568,3569,3571,3570,3555,3581
Partition 14	3583,3584,3582
Partition 15	3559,3564
Partition 16	3521,3543,3542
Partition 17	3527,3528,3532,3531
Partition 18	3565,3585
Partition 19	3572
Partition 20	3534
Partition 21	3525
Partition 22	3540,3541
Partition 24	3526
Partition 25	3563
Partition 26	3536
Partition 28	3523
Partition 29	3529
path	8
T	9
cut	47
Partition 0	3545,3546,3535,3533
Partition 1	3572,3575,3534
Partition 2	3548,3547
Partition 3	3562,3563
Partition 4	3537,3538
Partition 5	3550,3551,3560,3554,3552,3553,3561
Partition 6	3569,3570
Partition 7	3577,3580,3578,3579
Partition 8	3522,3573,3574
Partition 9	3555,3556
Partition 10	3567,3576
Partition 11	3557,3558
Partition 12	3544,3549,3520
Partition 14	3583,3584,3581,3582
Partition 15	3565,3585,3559,3564
Partition 16	3521,3543,3566,3568,3571,3542
Partition 17	3527,3528,3532,3531
Partition 18	3540,3539,3541
Partition 19	3525
Partition 20	3524,3529
Partition 23	3526
Partition 24	3523
Partition 26	3536
Partition 28	3530
path	9
T	7
cut	47
Partition 0	3545,3524,3535,3533
Partition 1	3572,3534
Partition 2	3546,3548,3547,3544
Partition 3	3529,3560,3561,3562,3563
Partition 4	3537,3538
Partition 5	3523,3536,3550,3551,3554,3552,3553
Partition 6	3580,3581
Partition 7	3577,3578,3579,3576
Partition 8	3522,3573
Partition 9	3555,3556
Partition 10	3566,3567
Partition 11	3526
Partition 12	3549,3558
Partition 13	3568,3575,3574,3571
Partition 14	3521,3543,3583,3584,3582
Partition 15	3565,3585,3559,3564
Partition 16	3532,3531,3542
Partition 17	3527,3528,3520
Partition 18	3540,3539,3541
Partition 22	3569,3570
Partition 24	3530
Partition 26	3557
Partition 27	3525
