path	1
T	6
cut	31
Partition 0	1669,1670,1688,1666
Partition 1	1682,1684,1678,1685
Partition 2	1681,1683
Partition 3	1687,1714,1715,1686,1713
Partition 4	1668,1677
Partition 5	1672,1671,1676
Partition 6	1665
Partition 7	1696,1673,1674
Partition 8	1695,1698,1697,1699
Partition 9	1694,1700,1712
Partition 10	1689,1693,1690,1691,1692
Partition 11	1675,1707,1708,1709,1710
Partition 12	1705,1706
Partition 13	1711
Partition 14	1679,1680
Partition 15	1702,1703,1667,1704,1662,1701
Partition 16	1664
Partition 17	1663
path	2
T	7
cut	31
Partition 0	1669,1670,1688,1666
Partition 1	1681,1683,1684
Partition 2	1677,1680,1682,1678
Partition 3	1687,1714,1715,1713
Partition 4	1663,1668,1672,1671
Partition 5	1685,1686
Partition 6	1705,1702,1662,1701,1665
Partition 7	1696,1673,1674,1676
Partition 8	1698,1697,1699
Partition 9	1694,1700,1712
Partition 10	1689,1693,1690,1691,1692
Partition 11	1706,1704,1675,1707,1708,1709,1710
Partition 12	1703,1667
Partition 13	1664
Partition 14	1711
Partition 15	1695
Partition 16	1679
path	3
T	9
cut	32
Partition 0	1689,1693,1688,1666
Partition 1	1683,1684
Partition 2	1679,1677,1680,1681,1682,1678
Partition 3	1687,1714,1715,1713
Partition 4	1670,1672,1671,1676
Partition 5	1663,1668
Partition 6	1702,1701
Partition 7	1705,1696,1673,1674,1665
Partition 8	1695,1698,1699
Partition 9	1694,1700,1712
Partition 10	1703,1667,1690,1691,1692
Partition 11	1675,1707,1708,1709,1710
Partition 12	1706,1704
Partition 13	1697
Partition 14	1711
Partition 15	1664
Partition 16	1685,1686
Partition 18	1662
Partition 19	1669
path	4
T	9
cut	32
Partition 0	1669,1689,1688,1666
Partition 1	1681,1683,1684
Partition 2	1677,1680,1682,1678
Partition 3	1687,1714,1715,1713
Partition 4	1663,1668,1670,1672,1671
Partition 5	1685,1686
Partition 6	1705,1702,1662,1701,1665
Partition 7	1696,1673,1674,1676
Partition 8	1695,1698,1697,1699
Partition 9	1694,1700,1712
Partition 10	1693,1690,1691,1692
Partition 11	1675,1707,1708,1709,1710
Partition 12	1703,1667
Partition 14	1711
Partition 15	1679
Partition 16	1664
Partition 17	1704
Partition 18	1706
path	5
T	7
cut	30
Partition 0	1669,1688,1666
Partition 1	1706,1704,1683,1662,1701,1684
Partition 2	1679,1677,1680,1681,1682,1678
Partition 3	1687,1714,1715,1713
Partition 4	1668,1670,1672,1671
Partition 5	1676,1686
Partition 6	1665
Partition 7	1696,1673,1674
Partition 8	1695,1698,1697,1699
Partition 9	1694,1700,1712
Partition 10	1689,1693,1667,1690,1691,1692
Partition 11	1675,1707,1708,1709,1710
Partition 12	1685
Partition 13	1663
Partition 15	1664
Partition 17	1705
Partition 19	1702,1703,1711
