cut	39
Partition 0	7537,7561,7536,7560
Partition 1	7563,7519,7562,7492
Partition 2	7522,7523,7524,7534,7535
Partition 3	7490,7531,7532,7533
Partition 4	7554,7555,7556,7559
Partition 5	7550,7551,7508,7553
Partition 6	7541,7552,7539,7538
Partition 7	7542,7543,7544,7545,7540
Partition 8	7497,7507,7549,7496
Partition 9	7509,7494,7510,7513,7514
Partition 10	7548,7557,7547,7558
Partition 11	7491,7511,7546,7512
Partition 12	7528,7520,7529,7521
Partition 13	7493,7525,7526,7527,7530
Partition 14	7504,7500,7495,7503
Partition 15	7505,7506,7516,7517,7515
Partition 16	7518,7498,7499,7501,7502
