cut	49
Partition 0	3521,3598,3559,3599
Partition 1	3602,3601,3600
Partition 2	3588,3586,3587,3589
Partition 3	3558,3543,3542
Partition 4	3527,3528,3533,3532
Partition 5	3565,3564,3566
Partition 6	3568,3571,3569,3570
Partition 7	3538,3537,3567,3536
Partition 8	3540,3541,3535
Partition 9	3523,3561,3560,3562
Partition 10	3539,3530,3529,3563,3531
Partition 11	3574,3575,3582,3581
Partition 12	3597,3595,3596
Partition 13	3522,3555,3553,3554
Partition 14	3544,3545,3585,3584
Partition 15	3572,3573,3546,3547
Partition 16	3576,3577,3580
Partition 17	3524,3550,3549,3583
Partition 18	3525,3534,3578,3579,3548
Partition 19	3551,3552,3556
Partition 20	3520,3557,3526,3590
Partition 21	3591,3592,3593,3594
