cut	44
Partition 0	3584,3585,3587,3588
Partition 1	3572,3520,3586,3532,3531
Partition 2	3573,3575,3577,3576
Partition 3	3524,3560,3574,3561,3559
Partition 4	3567,3568,3565,3569
Partition 5	3528,3529,3530,3527,3564
Partition 6	3542,3541,3523,3566,3540
Partition 7	3544,3562,3526,3557,3558
Partition 8	3589,3590,3591,3592
Partition 9	3583,3594,3582,3593,3581
Partition 10	3534,3535,3536,3537
Partition 11	3579,3580,3551,3578,3550
Partition 12	3549,3553,3552,3554
Partition 13	3548,3547,3543,3545,3546
Partition 14	3598,3556,3597,3555,3521
Partition 15	3595,3563,3570,3571,3596
Partition 16	3522,3539,3538,3525,3533
