path	1
T	11
cut	29
Partition 0	1682,1685,1684
Partition 1	1672,1673,1675,1674
Partition 2	1690,1694,1691,1693,1692
Partition 3	1718,1719,1716,1717
Partition 4	1679,1678,1680,1681
Partition 5	1676,1677,1683
Partition 6	1713,1712,1714,1715
Partition 7	1709,1710,1701,1711
Partition 8	1703,1704,1705,1663,1702
Partition 9	1686,1687,1688,1689
Partition 10	1668,1669,1695,1667,1664
Partition 11	1696,1697,1666,1698,1699
Partition 12	1662,1670,1671,1700,1706,1707
Partition 14	1708
Partition 15	1665
path	2
T	8
cut	31
Partition 0	1682,1685,1684
Partition 1	1672,1673,1675,1674
Partition 2	1690,1694,1691,1693,1692
Partition 3	1718,1719,1716,1717
Partition 4	1679,1678,1680,1681
Partition 5	1676,1677
Partition 6	1713,1712,1714,1715
Partition 7	1709,1710,1701,1711
Partition 8	1703,1704,1705,1663,1700,1702,1706
Partition 9	1686,1687,1688,1708
Partition 10	1668,1669,1695,1667,1664
Partition 11	1696,1697,1666,1698,1699
Partition 12	1662,1670,1671
Partition 14	1707
Partition 15	1665
Partition 17	1683
Partition 19	1689
path	3
T	12
cut	30
Partition 0	1685,1684,1689
Partition 1	1672,1673,1675,1674
Partition 2	1690,1694,1691,1693,1692
Partition 3	1718,1719,1716,1717
Partition 4	1679,1678,1680,1681
Partition 5	1676,1677,1683
Partition 6	1713,1712,1714,1715
Partition 7	1709,1710,1701,1711
Partition 8	1703,1704,1705,1663,1702
Partition 9	1686,1687,1688,1708
Partition 10	1668,1669,1695,1667,1664
Partition 11	1696,1697,1666,1698,1699
Partition 12	1662,1670,1671
Partition 13	1682
Partition 15	1665,1707
Partition 18	1700,1706
path	4
T	13
cut	32
Partition 0	1682,1685
Partition 1	1672,1673
Partition 2	1690,1694,1691,1693,1692
Partition 3	1718,1719,1716,1717
Partition 4	1679,1678,1680,1681
Partition 5	1676,1677,1683,1684
Partition 6	1713,1712,1714,1715
Partition 7	1709,1710,1701,1711
Partition 8	1703,1704,1705,1663,1702
Partition 9	1686,1687,1688,1708
Partition 10	1668,1669,1695,1667,1664
Partition 11	1696,1697,1666,1698,1699
Partition 12	1671,1675,1674
Partition 13	1689
Partition 14	1665,1707
Partition 16	1700,1706
Partition 18	1662
Partition 19	1670
path	5
T	9
cut	33
Partition 0	1685,1689
Partition 1	1672,1673,1675,1674
Partition 2	1690,1694,1691,1693,1692
Partition 3	1718,1719,1716,1717
Partition 4	1679,1678,1680,1681
Partition 5	1676,1677,1683
Partition 6	1713,1712,1714,1715
Partition 7	1709,1710,1701,1711
Partition 8	1703,1704,1705,1663,1702
Partition 9	1686,1687,1688,1708
Partition 10	1668,1669,1695,1667,1664
Partition 11	1697,1700,1698,1699
Partition 12	1662,1670,1671
Partition 13	1682
Partition 14	1684
Partition 15	1665,1707
Partition 16	1706
Partition 17	1696
Partition 19	1666
