path	1
T	13
cut	60
Partition 0	3579,3580,3576,3609,3610
Partition 1	3555,3556
Partition 2	3549,3557
Partition 3	3522,3578,3577
Partition 4	3538,3534,3536,3537
Partition 5	3529,3530
Partition 6	3523,3586,3587
Partition 7	3585,3525
Partition 8	3553,3550,3551,3552
Partition 9	3524,3542,3543
Partition 10	3596,3595,3597
Partition 11	3528
Partition 12	3547,3548,3541,3545,3546
Partition 13	3560,3571
Partition 14	3598,3599,3540
Partition 15	3559,3558,3539,3520
Partition 16	3564,3565,3566
Partition 17	3567,3531,3532
Partition 18	3600,3601,3604,3602,3603
Partition 19	3581,3521
Partition 20	3563,3562
Partition 21	3573,3574,3572
Partition 22	3568,3533,3570,3569,3594,3575
Partition 24	3606,3607,3582,3605
Partition 25	3590,3591,3592,3593
Partition 26	3583,3584,3588,3589
Partition 27	3608
Partition 29	3527
Partition 30	3544,3526
Partition 31	3561
Partition 32	3554
Partition 36	3535
path	2
T	9
cut	58
Partition 0	3579,3580,3609
Partition 1	3555,3556
Partition 2	3549,3557,3576
Partition 3	3522,3578,3577
Partition 4	3538,3534,3536,3537
Partition 6	3523,3586,3587
Partition 7	3550,3551,3552,3584
Partition 8	3554
Partition 9	3524,3542,3543
Partition 10	3596,3595,3597
Partition 11	3544
Partition 12	3547,3548,3545,3546
Partition 13	3560,3567,3571
Partition 14	3598,3599,3540
Partition 15	3559,3558,3539,3520
Partition 16	3564,3565,3566
Partition 18	3601,3602,3603
Partition 19	3581,3600,3521,3533,3535,3531,3532
Partition 20	3585,3563,3526,3561,3562,3525
Partition 21	3573,3574,3572
Partition 22	3569,3575
Partition 23	3594,3604
Partition 24	3606,3607,3582,3605
Partition 25	3590,3591,3592,3593
Partition 26	3583,3588,3589
Partition 27	3610
Partition 30	3553
Partition 32	3608
Partition 35	3570
Partition 38	3568
Partition 40	3527,3528,3529,3541,3530
path	3
T	9
cut	61
Partition 0	3579,3608,3580,3609,3610
Partition 1	3555,3556
Partition 2	3549,3557,3576
Partition 3	3522,3578,3577
Partition 4	3538,3534,3536,3537
Partition 5	3529,3530
Partition 6	3523,3586,3587
Partition 7	3585,3525
Partition 8	3553,3554,3552
Partition 9	3524,3542,3543
Partition 10	3595
Partition 11	3527,3528,3544,3590
Partition 12	3547,3548,3541,3545,3546
Partition 13	3560,3567,3571,3532
Partition 14	3598,3599,3540
Partition 15	3559,3558,3539,3520
Partition 16	3564,3565,3566,3521,3526
Partition 17	3531
Partition 18	3601,3594,3597,3604,3602,3603
Partition 19	3533,3535
Partition 20	3563,3561,3562
Partition 21	3573,3574,3572
Partition 22	3568,3569
Partition 23	3596
Partition 24	3606,3607,3582,3605
Partition 25	3591,3592,3593
Partition 26	3584,3588,3589
Partition 28	3570
Partition 32	3575
Partition 33	3551
Partition 35	3550
Partition 36	3583
Partition 38	3581,3600
path	4
T	11
cut	62
Partition 0	3579,3580,3609,3610
Partition 1	3554,3555,3556
Partition 2	3549,3557,3576
Partition 3	3522,3578,3577
Partition 4	3538,3534,3536,3537
Partition 5	3529,3530
Partition 6	3523,3586,3587
Partition 7	3585,3525
Partition 8	3553,3550,3551,3552
Partition 9	3524,3542,3543
Partition 10	3596,3595
Partition 11	3528
Partition 12	3547,3548,3541,3545,3546
Partition 13	3560,3567,3571
Partition 14	3564,3565,3566,3598
Partition 15	3559,3558,3539,3520
Partition 16	3568
Partition 17	3531,3532
Partition 18	3601,3599,3540,3602
Partition 19	3581,3521
Partition 20	3563,3562
Partition 21	3573,3574,3572
Partition 22	3570,3594
Partition 24	3606,3607,3582,3605
Partition 25	3591,3592,3593
Partition 26	3583,3584,3588,3589
Partition 27	3608
Partition 28	3527
Partition 29	3569,3575
Partition 30	3597,3604,3603
Partition 31	3544,3526,3590
Partition 36	3561
Partition 37	3533
Partition 38	3600,3535
path	5
T	11
cut	61
Partition 0	3579,3580,3609
Partition 1	3556
Partition 2	3549,3557,3576
Partition 3	3522,3578,3577
Partition 4	3538,3534,3536,3537
Partition 5	3529,3530
Partition 6	3523,3586,3587
Partition 7	3525
Partition 8	3553,3550,3551,3552
Partition 9	3542,3543,3595
Partition 10	3554,3596,3597
Partition 11	3528
Partition 12	3547,3548,3541,3545,3546
Partition 13	3560,3567,3571
Partition 14	3598,3599,3540
Partition 15	3559,3558,3539,3520
Partition 16	3564,3565
Partition 18	3601,3602,3603
Partition 19	3581,3600,3521,3533,3535,3531,3532
Partition 21	3573,3574,3572,3575
Partition 22	3568,3563,3570,3569,3561,3562
Partition 24	3606,3607,3582,3605
Partition 25	3591,3592,3593
Partition 26	3583,3584,3588,3589
Partition 28	3594
Partition 29	3610
Partition 30	3555
Partition 31	3585
Partition 32	3527
Partition 34	3544,3526,3590
Partition 37	3608
Partition 40	3524
Partition 41	3566
Partition 43	3604
