path	1
T	13
cut	61
Partition 0	3600,3601,3602
Partition 1	3521,3598,3599
Partition 2	3559,3543,3558
Partition 3	3588,3586,3587,3589
Partition 4	3527,3528
Partition 5	3533,3532
Partition 6	3567,3568,3569
Partition 7	3536,3537,3565,3520
Partition 8	3566,3571,3570
Partition 9	3538,3540,3541,3535
Partition 10	3539,3530
Partition 11	3523,3561,3560
Partition 12	3562,3529,3563
Partition 14	3524,3578,3579
Partition 15	3534
Partition 16	3591,3592,3593,3594
Partition 17	3526,3590
Partition 18	3577,3580,3581
Partition 19	3585,3595,3596
Partition 20	3531,3584
Partition 21	3574,3575,3582
Partition 22	3522,3553
Partition 23	3555,3554
Partition 24	3552,3556,3557
Partition 25	3572,3550,3551,3547,3546,3549,3583
Partition 27	3542
Partition 30	3597
Partition 31	3573
Partition 33	3525
Partition 34	3548
Partition 35	3576
Partition 38	3564
Partition 40	3545
Partition 42	3544
path	2
T	10
cut	55
Partition 0	3600,3601,3602
Partition 1	3521,3598,3599
Partition 2	3559,3543,3558
Partition 3	3588,3586,3587
Partition 4	3527,3528
Partition 5	3533,3532,3542
Partition 6	3567,3568,3569
Partition 7	3536,3537,3565,3590,3520
Partition 8	3566,3571,3570
Partition 9	3538,3540,3541,3535
Partition 10	3539,3530
Partition 11	3523,3561,3560
Partition 12	3562,3529,3563,3564
Partition 14	3524,3578,3579
Partition 16	3591,3592,3593
Partition 17	3526,3548,3525
Partition 18	3577,3580,3581
Partition 19	3589,3594,3595,3596
Partition 20	3550,3531,3549,3584,3583
Partition 21	3582,3597
Partition 22	3522,3553
Partition 23	3544,3545,3555,3585,3554
Partition 24	3552,3556,3557
Partition 25	3572,3551,3547,3546
Partition 27	3573
Partition 28	3534
Partition 31	3574,3575
Partition 32	3576
path	3
T	11
cut	58
Partition 0	3600,3601,3602
Partition 1	3521,3598,3599
Partition 2	3559,3543,3558
Partition 3	3588,3586,3587,3589,3594
Partition 4	3527,3528
Partition 5	3533,3542
Partition 6	3567,3536,3537,3526,3568,3590,3569
Partition 8	3566,3571,3570
Partition 9	3538,3540,3541,3535
Partition 10	3539
Partition 11	3523,3561,3560
Partition 12	3562,3529,3563,3564
Partition 13	3550,3549
Partition 14	3578,3579
Partition 15	3576,3534,3548,3525
Partition 16	3591,3592
Partition 18	3577,3580,3581
Partition 19	3595,3596,3597
Partition 21	3574,3575,3582
Partition 22	3522,3553
Partition 23	3544,3545,3555,3585,3554,3584
Partition 24	3520
Partition 25	3551,3547,3552,3556,3557,3546
Partition 26	3524
Partition 28	3530
Partition 29	3531
Partition 30	3532
Partition 31	3583
Partition 32	3572,3573
Partition 33	3593
Partition 34	3565
path	4
T	12
cut	57
Partition 0	3600,3601,3602
Partition 1	3521,3598,3599
Partition 2	3559,3557,3543,3558
Partition 3	3586,3587
Partition 4	3527,3528,3588,3589
Partition 5	3533,3541,3535,3531,3532,3542
Partition 6	3526,3590
Partition 7	3567
Partition 8	3568,3566,3571,3569,3570
Partition 9	3539,3538,3540,3537
Partition 11	3523,3561,3576,3577,3560,3525
Partition 12	3562,3529,3563,3565,3564
Partition 13	3550,3549
Partition 14	3524,3578,3579
Partition 16	3591,3592,3593
Partition 17	3548
Partition 18	3580,3581
Partition 19	3594,3595,3596
Partition 20	3584,3583
Partition 21	3574,3575,3582
Partition 22	3522,3553
Partition 23	3544,3545
Partition 24	3555,3552,3556,3554
Partition 25	3572,3551,3547,3546
Partition 26	3536,3520
Partition 27	3534
Partition 28	3573
Partition 29	3597
Partition 33	3585
Partition 35	3530
path	5
T	9
cut	60
Partition 0	3600,3601,3602
Partition 1	3521,3598,3599
Partition 2	3559,3543,3558
Partition 3	3588,3586,3587,3589
Partition 4	3527
Partition 5	3533,3532,3542
Partition 6	3567,3568,3569
Partition 7	3536
Partition 8	3565,3566,3571,3570
Partition 9	3539,3538,3540
Partition 10	3530,3531
Partition 11	3523,3544,3561,3576,3545,3560
Partition 12	3562,3529,3563,3564
Partition 13	3537
Partition 14	3577,3578,3579,3548,3580,3581
Partition 16	3591,3592,3593,3594
Partition 17	3526,3590
Partition 19	3585,3595,3596
Partition 20	3584,3583
Partition 21	3574,3575,3582
Partition 22	3522,3553
Partition 23	3525
Partition 24	3552,3556,3557
Partition 25	3572,3550,3551,3547,3546,3549
Partition 26	3573
Partition 27	3528
Partition 30	3524,3534
Partition 33	3597
Partition 34	3520
Partition 35	3554
Partition 38	3555
Partition 40	3541
Partition 42	3535
path	6
T	10
cut	60
Partition 0	3600,3601,3602
Partition 1	3521,3598,3599
Partition 2	3559,3543,3558
Partition 3	3588,3587
Partition 4	3527,3528
Partition 5	3541,3542
Partition 6	3567,3568,3569
Partition 7	3536,3537,3565,3590,3520
Partition 8	3566,3571,3570
Partition 9	3539,3538,3540
Partition 10	3531,3584
Partition 11	3523,3561,3560
Partition 12	3562,3529,3563,3564
Partition 14	3524,3578,3579
Partition 16	3591,3592,3593
Partition 17	3526
Partition 18	3576,3577,3582,3580,3581,3597
Partition 19	3589,3594,3595,3596
Partition 20	3550,3549
Partition 22	3522,3553,3554
Partition 23	3544,3545
Partition 24	3552,3556,3557
Partition 25	3572,3551,3547,3546
Partition 27	3573
Partition 28	3533,3534,3535,3532
Partition 31	3574,3575
Partition 32	3586,3525
Partition 33	3548
Partition 34	3583
Partition 35	3530
Partition 36	3555
Partition 38	3585
path	7
T	11
cut	62
Partition 0	3600,3601,3602
Partition 1	3521,3598,3599
Partition 2	3559,3557,3543,3558
Partition 3	3588,3586,3587,3589,3594
Partition 4	3527,3528
Partition 5	3533,3542
Partition 6	3567,3536,3537,3526,3568,3590,3569
Partition 8	3566,3571,3570
Partition 9	3538,3540,3541,3535
Partition 10	3539
Partition 11	3523,3561,3560
Partition 12	3562,3529,3563,3564
Partition 13	3550,3549
Partition 14	3578,3579
Partition 15	3548
Partition 16	3591,3592
Partition 18	3577,3580,3581
Partition 19	3595,3596,3597
Partition 21	3574,3575,3582
Partition 22	3522,3553
Partition 23	3544,3545,3555,3585,3554,3584
Partition 24	3520
Partition 25	3551,3547,3546
Partition 26	3524
Partition 28	3530
Partition 29	3531
Partition 30	3532
Partition 31	3583
Partition 32	3572,3573
Partition 33	3593
Partition 34	3565
Partition 36	3552,3556
Partition 38	3525
Partition 39	3534
Partition 40	3576
path	8
T	10
cut	59
Partition 0	3600,3601,3602
Partition 1	3521,3598,3599
Partition 2	3559,3557,3543,3558
Partition 3	3586,3587
Partition 4	3527,3528,3588,3589
Partition 5	3533,3541,3534,3535,3532,3542
Partition 6	3526,3590
Partition 7	3567
Partition 8	3568,3566,3571,3569,3570
Partition 9	3539,3538,3540
Partition 11	3523,3561,3576,3577,3560,3525
Partition 12	3562,3529,3563,3565,3564
Partition 13	3550,3549
Partition 14	3524,3578,3579
Partition 16	3591,3592,3593
Partition 17	3548
Partition 18	3580,3581
Partition 19	3594,3595,3596
Partition 20	3584,3583
Partition 21	3574,3575,3582
Partition 22	3522,3553
Partition 23	3544,3545
Partition 24	3555,3552,3556,3554
Partition 25	3572,3551,3547,3546
Partition 26	3536
Partition 27	3531
Partition 28	3573
Partition 29	3597
Partition 33	3585
Partition 35	3530
Partition 37	3520
Partition 41	3537
path	9
T	9
cut	63
Partition 0	3600,3601,3602
Partition 1	3521,3598,3599
Partition 2	3559,3543,3558
Partition 3	3588,3586,3587,3589
Partition 4	3527
Partition 5	3533,3532,3542
Partition 6	3567,3568,3569
Partition 7	3536
Partition 8	3565,3566,3571,3570
Partition 9	3539,3538,3540
Partition 10	3530,3531
Partition 11	3523,3544,3561,3560
Partition 12	3562,3529,3563,3564
Partition 13	3537
Partition 14	3578,3579,3580,3581
Partition 16	3591,3592,3593,3594
Partition 17	3526,3590
Partition 19	3585,3595,3596
Partition 20	3584,3583
Partition 21	3574,3575,3582
Partition 22	3522,3553
Partition 23	3548
Partition 24	3552,3556,3557
Partition 25	3572,3573,3545,3547,3546
Partition 26	3551
Partition 27	3528
Partition 30	3525
Partition 33	3597
Partition 34	3520
Partition 35	3554
Partition 38	3555
Partition 40	3541
Partition 42	3524,3534,3535
Partition 43	3576,3577
Partition 44	3550
Partition 45	3549
