cut	57
Partition 0	3586,3589,3588
Partition 1	3591,3592,3593
Partition 2	3587,3595,3594
Partition 3	3525,3554,3590
Partition 4	3583,3584,3585
Partition 5	3580,3582,3581
Partition 6	3562,3563,3564
Partition 7	3526,3566,3567
Partition 8	3565,3568,3569
Partition 9	3523,3521,3539
Partition 10	3561,3522,3540
Partition 11	3538,3541,3548
Partition 12	3536,3537,3527,3528
Partition 13	3598,3596,3597
Partition 14	3599,3576,3520
Partition 15	3570,3575,3574
Partition 16	3549,3550
Partition 17	3533,3534,3535
Partition 18	3553,3552,3551
Partition 19	3556,3555,3530
Partition 20	3531,3532,3559
Partition 21	3560,3571,3529
Partition 22	3524,3545,3577
Partition 23	3542,3572,3573,3557
Partition 24	3544,3547,3558,3546
Partition 25	3543,3579,3578
