cut	63
Partition 0	3550,3551,3584
Partition 1	3552,3525
Partition 2	3523,3586,3585
Partition 3	3522,3578,3577
Partition 4	3609,3579,3580
Partition 5	3569,3575,3576
Partition 6	3610,3573,3574
Partition 7	3553,3554,3555
Partition 8	3556,3549,3557
Partition 9	3537,3529,3530
Partition 10	3538,3534,3536
Partition 11	3524,3542,3547
Partition 12	3548,3546,3545
Partition 13	3596,3543,3595
Partition 14	3527,3528,3541
Partition 15	3601,3602
Partition 16	3606,3597,3603
Partition 17	3570,3594,3593
Partition 18	3607,3608,3604
Partition 19	3581,3582,3600
Partition 20	3521,3535,3533
Partition 21	3605,3562,3561
Partition 22	3566,3568,3563
Partition 23	3583,3532,3531
Partition 24	3564,3526,3544
Partition 25	3588,3589,3592
Partition 26	3587,3590,3591
Partition 27	3559,3558,3560
Partition 28	3572,3567,3571
Partition 29	3520,3540,3539
Partition 30	3565,3598,3599
