path	1
T	2
cut	10
Partition 0	797,807,805,806
Partition 1	822,821,820
Partition 2	802,803,801,804,808,809
Partition 3	810,814,818,796
Partition 4	799,811,813,816,800
Partition 5	812,815,798,817,819
path	2
T	1
cut	10
Partition 0	797,805,806
Partition 1	822,808,809,821,807
Partition 2	802,803,801,804,796
Partition 3	810,814,818,820
Partition 4	799,811,813,816,800
Partition 5	812,815,798,817,819
path	3
T	4
cut	9
Partition 0	797,807,805,806,808
Partition 1	822,821,820,810,818,814
Partition 2	802,803,796
Partition 3	809,812,798,801,804
Partition 4	799,811,813,816,800
Partition 5	815,817,819
path	4
T	5
cut	12
Partition 0	797,807,805,806
Partition 1	822,821,820,810,814,818
Partition 2	802,803,801,804,808
Partition 3	809,798,812
Partition 4	799,811,813,816,800
Partition 5	815,817,819,796
path	5
T	1
cut	10
Partition 0	797,807,805,806
Partition 1	822,808,809,821
Partition 2	803,801,804
Partition 3	810,814,818,820
Partition 4	799,811,813,816,800
Partition 5	812,815,798,817,819,796,802
path	6
T	1
cut	10
Partition 0	797,807,805,806
Partition 1	822,808,809,821
Partition 2	802,803,796,817
Partition 3	810,814,818,820
Partition 4	799,811,813,816,800
Partition 5	812,815,798,819,801,804
path	7
T	1
cut	9
Partition 0	797,807,805,806,808
Partition 1	822,809,821
Partition 2	802,803,801,804,796
Partition 3	810,814,818,820
Partition 4	799,811,813,816,800
Partition 5	812,815,798,817,819
path	8
T	2
cut	10
Partition 0	797,807,805,806
Partition 1	822,821,820
Partition 2	802,803,801,804,808,809
Partition 3	810,814,818,796
Partition 4	799,811,813,816,800
Partition 5	812,815,798,817,819
path	9
T	1
cut	10
Partition 0	797,807,805,806
Partition 1	822,808,809,821
Partition 2	802,803,801,804
Partition 3	810,814,818,820
Partition 4	799,811,813,816,800
Partition 5	812,815,798,817,819,796
path	10
T	1
cut	10
Partition 0	797,807,805,806
Partition 1	822,808,809,821,804,803
Partition 2	802,801,796
Partition 3	810,814,818,820
Partition 4	799,811,813,816,800
Partition 5	812,815,798,817,819
