path	1
T	25
cut	100
Partition 0	2137
Partition 1	2124,2183,2182
Partition 2	2064,2125,2187,2189,2126,2188
Partition 3	2191,2193
Partition 4	2186,2196,2194,2195,2197,2198
Partition 5	2185,2199,2200,2101,2184
Partition 6	2065,2079,2067
Partition 7	2090,2091,2092,2075
Partition 8	2080,2081,2085,2084,2086
Partition 9	2096,2077,2078,2097,2098
Partition 10	2102,2103,2100,2104,2105
Partition 11	2109,2107,2108,2106
Partition 12	2069,2112,2110
Partition 13	2088,2082,2083,2062
Partition 14	2063,2099,2094,2095
Partition 15	2116,2071,2115,2117
Partition 16	2111,2113,2127,2114,2174
Partition 17	2118,2121,2073,2119,2122
Partition 18	2120,2180,2179,2181
Partition 19	2128,2176,2173,2175,2178
Partition 20	2170,2168,2153,2171,2172
Partition 21	2167,2154
Partition 22	2161,2162,2165
Partition 23	2132,2133,2135,2134,2136
Partition 24	2131,2145,2068
Partition 25	2138,2139,2140,2076
Partition 26	2142,2143
Partition 27	2070,2072,2156,2155,2159,2074
Partition 28	2158,2157,2160
Partition 29	2147,2148,2149
Partition 30	2144,2150,2151,2152
Partition 31	2190
Partition 32	2123
Partition 33	2164,2166
Partition 34	2177
Partition 35	2169
Partition 36	2163
Partition 37	2129,2130
Partition 38	2066,2192
Partition 39	2093,2089
Partition 40	2146
Partition 41	2141
Partition 42	2087
path	2
T	17
cut	100
Partition 0	2192
Partition 1	2124,2183,2123
Partition 2	2064,2125,2187,2189,2126,2188
Partition 3	2191,2193,2190
Partition 4	2186,2196,2194,2195,2197,2198
Partition 5	2185,2199,2200,2184
Partition 6	2065,2079,2101,2067
Partition 7	2090,2091,2092,2075
Partition 8	2080,2081,2085,2084,2086
Partition 9	2096,2077,2078,2097,2098
Partition 10	2103,2100,2104
Partition 11	2109,2107,2108,2106
Partition 12	2069,2112,2110
Partition 13	2088,2082,2089,2062
Partition 14	2063,2099,2094,2095
Partition 15	2116,2071,2115,2117
Partition 16	2111,2113,2127,2114,2174
Partition 17	2118,2121,2073,2119,2122
Partition 18	2120,2180,2179,2181
Partition 19	2128,2176,2173,2175,2178
Partition 20	2170,2168,2153,2171,2172
Partition 21	2163,2166,2167,2169,2154
Partition 22	2070,2161,2162,2165
Partition 23	2133,2135,2134,2136,2137
Partition 24	2066,2131,2145,2068
Partition 25	2138,2139,2140
Partition 26	2142,2143
Partition 27	2156,2155,2159
Partition 28	2164,2158,2157,2160,2074
Partition 29	2146,2147,2148
Partition 30	2144,2150,2151,2152
Partition 31	2072
Partition 32	2130
Partition 33	2129,2132
Partition 34	2076
Partition 35	2141,2149
Partition 36	2093
Partition 37	2087
Partition 38	2083
Partition 39	2182
Partition 40	2177
Partition 41	2105
Partition 42	2102
path	3
T	17
cut	100
Partition 0	2064,2125,2126
Partition 1	2124,2183,2184
Partition 2	2187,2189,2188
Partition 3	2191,2193
Partition 4	2196,2194,2197,2198
Partition 5	2185,2199,2200
Partition 6	2065,2079,2101,2067
Partition 7	2090,2091,2092,2075
Partition 8	2080,2081,2085,2084,2086
Partition 9	2096,2077,2078,2097,2098
Partition 10	2102,2103,2104
Partition 11	2087,2109,2107,2108,2106
Partition 12	2112,2083,2110
Partition 13	2088,2082,2089,2062
Partition 14	2063,2099,2094,2095
Partition 15	2116,2071,2115,2117
Partition 16	2111,2113,2127,2114,2174
Partition 17	2118,2121,2073,2119,2122
Partition 18	2120,2180,2179,2181
Partition 19	2128,2176,2173,2175,2178
Partition 20	2170,2168,2153,2171,2172
Partition 21	2163,2166,2167,2169,2154
Partition 22	2161,2162,2165
Partition 23	2132,2133,2135,2134,2136
Partition 24	2131
Partition 25	2138,2139,2140,2076
Partition 26	2066,2129,2130,2068
Partition 27	2070,2156,2155,2159
Partition 28	2164,2072,2158,2157,2160,2074
Partition 29	2147,2145,2148,2141,2149
Partition 30	2144,2150,2151,2152
Partition 31	2192
Partition 32	2186
Partition 33	2195
Partition 34	2123
Partition 35	2182
Partition 36	2177
Partition 37	2142,2143
Partition 38	2190
Partition 39	2137
Partition 40	2146,2100
Partition 41	2105
Partition 42	2069,2093
