path	1
T	10
cut	37
Partition 0	7514,7555,7504,7513,7556
Partition 1	7546,7547,7530,7531,7548
Partition 2	7545,7557,7558
Partition 3	7532,7500,7536
Partition 4	7529,7553,7554,7537,7538,7551,7552
Partition 5	7540,7541,7515,7542,7492,7539,7549
Partition 6	7507,7509,7493,7535,7497
Partition 7	7506,7511,7508,7510,7505,7512
Partition 8	7543,7544,7495,7498,7502,7503,7501
Partition 9	7523,7524,7525,7496,7526,7527
Partition 10	7520,7521,7522,7518,7519,7517,7528
Partition 13	7499
Partition 14	7559
Partition 16	7516
Partition 19	7494
Partition 20	7490
Partition 21	7491
Partition 22	7550
Partition 24	7534
Partition 25	7533
path	2
T	7
cut	37
Partition 0	7514,7555,7513,7556
Partition 1	7491,7546,7547,7548,7549,7550
Partition 2	7545,7557,7558
Partition 3	7532,7533,7534,7500,7536
Partition 4	7529,7553,7554,7537,7538,7551,7552
Partition 5	7540,7541,7499,7515,7542,7492,7539
Partition 6	7507,7509,7493
Partition 7	7506,7511,7508,7510,7505
Partition 8	7494,7543,7498,7502,7503,7501
Partition 9	7523,7524,7525,7495,7496,7526,7527
Partition 10	7520,7521,7522,7518,7519,7517,7528
Partition 11	7516
Partition 12	7559
Partition 13	7490,7530,7531
Partition 14	7504
Partition 15	7512
Partition 16	7544
Partition 17	7497
Partition 19	7535
path	3
T	8
cut	38
Partition 0	7514,7555,7513,7556
Partition 1	7546,7547,7531,7548,7549,7550
Partition 2	7545,7557,7558
Partition 3	7532,7533,7534,7500,7536
Partition 4	7529,7553,7554,7537,7538,7551,7552
Partition 5	7540,7541,7515,7542,7492,7539
Partition 6	7507,7509,7493,7535,7497
Partition 7	7506,7511,7508,7510,7505,7512
Partition 8	7543,7544,7498,7502,7503,7501
Partition 9	7523,7524,7525,7496,7526
Partition 10	7520,7521,7522,7518,7519,7517,7528
Partition 11	7559
Partition 12	7516
Partition 13	7494
Partition 14	7530
Partition 15	7490
Partition 17	7491
Partition 19	7499,7504
Partition 20	7495
Partition 23	7527
path	4
T	8
cut	38
Partition 0	7514,7513
Partition 1	7546,7547,7531,7548,7549,7550
Partition 2	7545,7557,7558
Partition 3	7532,7533,7534,7530,7500,7536,7537
Partition 4	7529,7553,7554,7538,7551,7552
Partition 5	7540,7541,7515,7516,7542,7492,7539
Partition 6	7507,7509,7493,7535,7497
Partition 7	7506,7511,7508,7510,7505,7512
Partition 8	7502,7503,7501
Partition 9	7523,7524,7525,7495,7496,7526,7527
Partition 10	7520,7521,7522,7518,7519,7517,7528
Partition 11	7559
Partition 12	7494
Partition 14	7556
Partition 18	7555
Partition 20	7490
Partition 24	7491
Partition 25	7543,7544
Partition 26	7499
Partition 28	7498
Partition 30	7504
path	5
T	9
cut	36
Partition 0	7514,7555,7513,7556
Partition 1	7491,7546,7547,7531,7548,7549,7550
Partition 2	7545,7557
Partition 3	7532,7533,7534,7530,7500,7536
Partition 4	7529,7553,7554,7537,7538,7551,7552
Partition 5	7540,7541,7515,7542,7492,7539
Partition 6	7507,7509,7493,7535,7497
Partition 7	7506,7511,7508,7510,7505,7512
Partition 8	7543,7544,7498,7502,7503,7501
Partition 9	7523,7524,7525,7496,7526,7527
Partition 10	7520,7521,7522,7518,7519,7517,7528
Partition 12	7516
Partition 13	7494
Partition 14	7559
Partition 15	7490
Partition 17	7558
Partition 19	7499,7495
Partition 21	7504
