path	1
T	14
cut	55
Partition 0	3561,3562,3560
Partition 1	3544,3545
Partition 2	3572,3573,3546
Partition 3	3551,3547,3552
Partition 4	3555,3522,3553,3554
Partition 5	3577,3579,3580
Partition 6	3521,3598,3596,3597
Partition 7	3574,3575,3582,3581
Partition 8	3586,3587
Partition 9	3524,3534,3535
Partition 10	3550,3549
Partition 11	3536,3556,3557,3520
Partition 12	3599,3600,3601,3602
Partition 13	3559,3543,3558,3542
Partition 14	3566,3571
Partition 15	3590,3591,3592,3593
Partition 16	3578,3526,3548,3568,3569,3570
Partition 17	3529,3530,3563,3564
Partition 18	3539,3540
Partition 19	3533,3585,3531,3532,3584
Partition 20	3527,3528,3567
Partition 21	3538,3537
Partition 22	3589,3594,3595
Partition 23	3588
Partition 24	3523,3576,3525
Partition 25	3565
Partition 26	3583
Partition 27	3541
path	2
T	12
cut	57
Partition 0	3561,3562,3560
Partition 1	3523,3544,3576,3545
Partition 2	3572,3573,3546
Partition 3	3551,3552,3556
Partition 4	3555,3522,3553,3554
Partition 5	3577,3579,3580
Partition 6	3521,3598,3596,3597
Partition 7	3574,3575,3582,3581
Partition 8	3586,3587,3525
Partition 9	3524,3534,3535
Partition 10	3550,3578,3526,3548,3549,3584,3583
Partition 11	3536
Partition 12	3600,3601,3602
Partition 13	3559,3599,3543,3558
Partition 14	3565,3566,3571
Partition 15	3590,3591,3592,3593
Partition 16	3567,3568,3569,3570
Partition 17	3529,3563,3564
Partition 18	3539,3530
Partition 19	3533,3532,3542
Partition 20	3527,3528,3588
Partition 21	3538,3537
Partition 22	3585,3595
Partition 23	3547
Partition 24	3540,3541
Partition 26	3531
Partition 27	3589
Partition 31	3594
Partition 33	3557
Partition 34	3520
path	3
T	10
cut	56
Partition 0	3561,3562,3560
Partition 2	3572
Partition 3	3551,3552,3556
Partition 4	3573,3522,3553,3554
Partition 5	3577,3579,3580
Partition 6	3521,3598,3596,3597
Partition 7	3574,3575,3582,3581
Partition 8	3586,3587,3525
Partition 9	3524,3534,3535
Partition 10	3550,3578,3548,3549,3583
Partition 11	3557
Partition 12	3600,3601,3602
Partition 13	3559,3599,3543,3558
Partition 14	3565,3566,3571
Partition 15	3590,3591,3592,3593
Partition 16	3526,3568,3569,3570
Partition 17	3529,3563,3564
Partition 18	3539,3530
Partition 19	3533,3531,3532
Partition 20	3527,3528,3567
Partition 21	3538,3537
Partition 22	3588,3585,3584,3589,3594,3595
Partition 23	3523,3544,3545,3555
Partition 25	3540,3541
Partition 26	3576
Partition 30	3542
Partition 34	3547,3546
Partition 35	3520
Partition 36	3536
path	4
T	9
cut	58
Partition 0	3561,3562,3560
Partition 1	3585
Partition 2	3572,3573,3546
Partition 3	3551,3547,3552
Partition 4	3545,3555,3522,3553,3554
Partition 5	3576,3577,3578,3579,3580
Partition 6	3521,3598,3596,3597
Partition 7	3574,3575,3582,3581
Partition 8	3587
Partition 9	3524,3534,3535
Partition 10	3550,3549
Partition 11	3520
Partition 12	3600,3601,3602
Partition 13	3559,3599,3543,3558
Partition 14	3565,3566,3571
Partition 15	3526,3548,3590,3591,3592
Partition 16	3568,3569,3570
Partition 17	3529,3563,3564
Partition 18	3530,3531
Partition 19	3533,3532,3542
Partition 20	3527,3528,3588
Partition 21	3538,3540,3567,3537,3584,3583
Partition 22	3589,3594,3595
Partition 23	3593
Partition 26	3523,3539,3544
Partition 27	3525
Partition 31	3586
Partition 32	3556
Partition 33	3541
Partition 35	3557
Partition 36	3536
path	5
T	14
cut	56
Partition 0	3561,3562,3560
Partition 1	3523,3544
Partition 2	3572,3573
Partition 3	3545,3551,3547,3546
Partition 4	3555,3522,3553,3554
Partition 5	3577,3578,3579,3548,3520,3580
Partition 6	3521,3598,3596,3597
Partition 7	3574,3575,3582,3581
Partition 8	3586,3587,3525
Partition 9	3524,3534
Partition 10	3550,3549
Partition 11	3536
Partition 12	3600,3601,3602
Partition 13	3559,3599,3558
Partition 14	3565,3566,3571
Partition 15	3590,3591,3592,3593
Partition 16	3526,3568,3569,3570
Partition 17	3529,3563,3564
Partition 18	3538,3540,3541
Partition 19	3533,3543,3532,3542
Partition 20	3527,3528,3567
Partition 21	3537
Partition 22	3589,3594,3595
Partition 24	3539,3585,3530,3531,3584
Partition 25	3576
Partition 26	3535
Partition 27	3588
Partition 29	3552,3556,3557
Partition 30	3583
path	6
T	12
cut	56
Partition 0	3523,3561,3576,3562,3560,3525
Partition 1	3544,3545
Partition 2	3572,3573,3546
Partition 3	3551,3547,3552
Partition 4	3555,3522,3553,3554
Partition 5	3577,3579,3580
Partition 6	3521,3598,3596,3597
Partition 7	3574,3575,3582,3581
Partition 8	3586,3587
Partition 9	3524,3534,3535
Partition 10	3550,3549
Partition 11	3556,3557
Partition 12	3599,3600,3601,3602
Partition 13	3559,3543,3558,3542
Partition 14	3565,3566,3571
Partition 15	3590,3591,3592,3593
Partition 16	3578,3526,3548,3568,3569
Partition 17	3529,3530,3563,3564
Partition 18	3539,3540
Partition 19	3533,3531,3532
Partition 20	3527,3528,3567
Partition 21	3538,3537
Partition 22	3588,3585,3589,3594,3595
Partition 25	3536
Partition 26	3583
Partition 27	3541
Partition 28	3570
Partition 29	3584
Partition 32	3520
path	7
T	9
cut	57
Partition 0	3561,3562,3560
Partition 1	3545
Partition 2	3572,3573,3546
Partition 3	3551,3547,3552
Partition 4	3555,3522,3553,3554
Partition 5	3578,3579,3580
Partition 6	3521,3598,3596,3597
Partition 7	3574,3575,3582,3581
Partition 8	3587
Partition 9	3524,3534,3535
Partition 10	3550,3549
Partition 11	3577
Partition 12	3600,3601,3602
Partition 13	3559,3599,3543,3558
Partition 14	3565,3566,3571
Partition 15	3557,3526,3590,3591,3592,3593,3520
Partition 16	3568,3569,3570
Partition 17	3529,3563,3564
Partition 18	3530,3531
Partition 19	3533,3532,3542
Partition 20	3527,3528,3588
Partition 21	3539,3538,3540,3537,3584,3583
Partition 22	3589,3594,3595
Partition 26	3523,3544,3576,3548,3525
Partition 31	3586
Partition 32	3556
Partition 33	3541
Partition 36	3536
Partition 37	3567
Partition 38	3585
path	8
T	14
cut	57
Partition 0	3561,3562,3560
Partition 1	3544,3545
Partition 2	3572,3573
Partition 3	3551,3547,3546
Partition 4	3555,3522,3553,3554
Partition 5	3577,3578,3579,3548,3520,3580
Partition 6	3521,3598,3596,3597
Partition 7	3574,3575,3582,3581
Partition 8	3586,3587,3525
Partition 9	3524,3534
Partition 10	3550,3549
Partition 11	3536
Partition 12	3600,3601,3602
Partition 13	3559,3599,3558
Partition 14	3565,3566,3571
Partition 15	3590,3591,3592,3593
Partition 16	3526,3568,3569,3570
Partition 17	3529,3563,3564
Partition 18	3538,3540,3541
Partition 19	3533,3543,3532,3542
Partition 20	3527,3528,3567
Partition 21	3537
Partition 22	3589,3594,3595
Partition 24	3539,3585,3530,3531,3584
Partition 25	3576
Partition 26	3535
Partition 27	3588
Partition 29	3552,3556,3557
Partition 30	3583
Partition 34	3523
