cut	51
Partition 0	3563,3562
Partition 1	3558,3559
Partition 2	3560,3561
Partition 3	3520,3583,3582
Partition 4	3584,3564
Partition 5	3536,3535
Partition 6	3539,3538,3537
Partition 7	3587,3586
Partition 8	3528,3525
Partition 9	3590,3589,3588
Partition 10	3527,3585
Partition 11	3544,3550
Partition 12	3530,3545,3551
Partition 13	3533,3534,3532
Partition 14	3529,3524
Partition 15	3574,3575
Partition 16	3581,3580
Partition 17	3577,3578
Partition 18	3541,3523
Partition 19	3548,3546,3549
Partition 20	3542,3554,3553
Partition 21	3573,3576
Partition 22	3522,3570
Partition 23	3555,3556,3557
Partition 24	3540,3543
Partition 25	3566,3567,3568
Partition 26	3526,3531
Partition 27	3521,3547,3565
Partition 28	3569,3579
Partition 29	3571,3552,3572
