cut	102
Partition 0	396,397,398
Partition 1	484,483,399
Partition 2	354,394,395
Partition 3	353,390,375
Partition 4	498,388,393
Partition 5	391,392,497,389
Partition 6	355,377,356
Partition 7	378,379,380
Partition 8	500,338,499,381
Partition 9	357,376,358
Partition 10	502,382,383,387
Partition 11	384,385,386,501
Partition 12	361,373,362
Partition 13	508,408,409,507
Partition 14	406,410,407,411
Partition 15	339,374,340
Partition 16	506,400,401,405
Partition 17	402,403,404,505
Partition 18	345,370,346
Partition 19	490,422,423
Partition 20	420,421,489,419
Partition 21	363,372,364
Partition 22	504,412,503,413
Partition 23	359,371,360
Partition 24	414,415,418,416,417
Partition 25	426,427,428
Partition 26	512,368,429
Partition 27	424,511,425
Partition 28	367,369,430
Partition 29	438,431,437
Partition 30	433,434,436,435
Partition 31	336,432,337
Partition 32	510,447,448,509
Partition 33	445,446,450,449
Partition 34	453,454,455
Partition 35	347,443,348,457
Partition 36	492,491,452,456
Partition 37	365,444,366,451
Partition 38	351,441,352
Partition 39	496,467,468
Partition 40	465,466,495,464
Partition 41	349,442,350
Partition 42	459,460,493,458
Partition 43	494,463,461,462
Partition 44	469,470,474
Partition 45	341,471,440,342
Partition 46	486,472,473,485
Partition 47	475,487,476
Partition 48	488,479,480
Partition 49	343,439,344
Partition 50	482,477,478,481
