path	1
T	13
cut	75
Partition 0	3540,3541,3549,3550
Partition 1	3526,3535,3536
Partition 2	3551,3552
Partition 3	3608,3555,3556,3557,3613,3612
Partition 4	3570,3554,3525,3589,3590,3520
Partition 5	3596,3597,3598
Partition 6	3533,3528,3534
Partition 7	3553,3623,3624
Partition 8	3621,3622,3620
Partition 9	3574,3575,3576,3566
Partition 10	3568,3569,3571,3572
Partition 12	3558,3559,3584,3585
Partition 13	3537,3538
Partition 14	3593,3594,3595
Partition 15	3591,3592,3588
Partition 16	3531,3532,3586,3529,3530
Partition 17	3561,3601,3602,3603
Partition 18	3618,3604,3605,3619
Partition 19	3578,3523
Partition 20	3600,3599,3616,3615,3617
Partition 21	3587
Partition 22	3579,3609,3580,3610,3611
Partition 23	3583,3582
Partition 24	3521,3539
Partition 25	3614
Partition 26	3606,3607
Partition 27	3547,3548
Partition 28	3542,3546
Partition 29	3543
Partition 31	3522
Partition 33	3581
Partition 35	3567,3562,3560,3563,3573
Partition 37	3527
Partition 38	3577,3524,3544,3564,3545,3565
path	2
T	13
cut	82
Partition 0	3533,3541,3538,3528
Partition 1	3526,3535
Partition 2	3536,3560
Partition 3	3608,3555,3556,3557,3613,3612
Partition 4	3554,3525,3589,3590
Partition 5	3596,3597,3598
Partition 6	3534
Partition 7	3551,3520,3553,3552,3549,3550
Partition 8	3621,3622,3623,3624,3620
Partition 9	3574,3575,3576,3573
Partition 10	3568,3569,3571,3572
Partition 11	3567,3563
Partition 12	3558,3559,3562,3584
Partition 14	3593,3594,3595
Partition 15	3591,3592,3588
Partition 16	3531,3532,3586
Partition 17	3601,3602,3603
Partition 18	3618,3604,3605,3619
Partition 19	3578,3523
Partition 20	3614,3600,3599,3585,3616,3615,3617
Partition 21	3540,3577,3587,3565,3580
Partition 22	3609,3610,3611
Partition 23	3583,3582
Partition 24	3521,3539
Partition 25	3542,3543
Partition 26	3564
Partition 27	3547,3548
Partition 28	3524,3544,3545,3522
Partition 29	3527
Partition 31	3581
Partition 32	3579
Partition 33	3546
Partition 35	3566
Partition 36	3570
Partition 39	3561
Partition 40	3537
Partition 41	3529
Partition 44	3530
Partition 46	3607
Partition 48	3606
path	3
T	17
cut	75
Partition 0	3551,3549,3550
Partition 1	3526,3535,3536
Partition 2	3560,3561
Partition 3	3555,3556,3557
Partition 4	3527,3554,3525,3589,3590
Partition 5	3596,3597
Partition 6	3533,3528,3534
Partition 7	3553,3623,3624,3552
Partition 8	3621,3622,3620
Partition 9	3574,3575,3576,3566
Partition 10	3568,3569,3571,3572
Partition 11	3567,3573
Partition 12	3558,3559,3562,3584
Partition 13	3541,3537,3538,3570,3520
Partition 14	3593,3594,3595
Partition 15	3591,3592,3588
Partition 16	3531,3532
Partition 17	3601,3602,3603
Partition 18	3618,3604,3605,3619
Partition 19	3578,3523,3577
Partition 20	3600,3599,3616,3615,3617
Partition 21	3587,3565,3580
Partition 22	3579,3609,3610,3611
Partition 23	3583,3582
Partition 24	3521,3539,3540,3613,3612
Partition 25	3542,3543
Partition 26	3608,3564,3606,3607
Partition 27	3547,3548,3529,3530
Partition 28	3546,3581,3524,3544,3545,3522
Partition 29	3563
Partition 32	3586,3585
Partition 33	3614
Partition 34	3598
path	4
T	16
cut	81
Partition 0	3541,3560,3561,3549,3550
Partition 1	3526,3535,3536
Partition 2	3551,3552
Partition 3	3555,3556,3557
Partition 4	3525,3589,3590
Partition 5	3596,3597,3598
Partition 6	3533,3528,3534
Partition 7	3553,3623,3624
Partition 8	3621,3622,3620
Partition 9	3574,3575,3576,3566
Partition 10	3568,3569,3571,3572
Partition 11	3563
Partition 12	3558,3559,3584,3585
Partition 13	3537,3538,3570,3562,3520
Partition 14	3593,3594,3595
Partition 15	3591,3592,3588
Partition 16	3532,3586
Partition 17	3600,3599,3601,3602,3603
Partition 18	3618,3604,3605,3619
Partition 19	3578,3523,3577
Partition 20	3616,3615
Partition 21	3587,3565,3580
Partition 22	3579,3609,3610,3611
Partition 23	3581,3582
Partition 24	3521,3539,3540,3613,3612
Partition 25	3542,3546,3547,3548
Partition 26	3543,3608,3564,3606
Partition 27	3607
Partition 28	3524,3544,3545,3522
Partition 31	3554
Partition 32	3527
Partition 34	3573
Partition 35	3583
Partition 37	3567
Partition 38	3531,3530
Partition 42	3529
Partition 44	3617
Partition 45	3614
path	5
T	16
cut	76
Partition 0	3541,3549,3550
Partition 1	3526,3535,3536,3560
Partition 2	3551,3552
Partition 3	3556,3557
Partition 4	3554,3525,3589,3590
Partition 5	3596,3597,3598
Partition 6	3533,3528,3534
Partition 7	3553,3623,3624
Partition 8	3621,3622,3620
Partition 9	3574,3575,3576,3573
Partition 10	3568,3569,3571,3572
Partition 11	3587,3565,3567,3563
Partition 12	3558,3559,3584,3585
Partition 13	3537,3538,3570,3562,3520
Partition 14	3593,3594,3595
Partition 15	3591,3592,3588
Partition 16	3531,3532,3586
Partition 17	3601,3602,3603
Partition 18	3618,3604,3605,3619
Partition 19	3578,3523,3577
Partition 20	3600,3599,3616,3615,3617
Partition 22	3579,3609,3610,3611
Partition 23	3581,3580,3583,3582
Partition 24	3521,3539,3540,3613,3612
Partition 25	3542,3543
Partition 26	3608,3564,3606,3607
Partition 27	3546,3547,3548,3529,3530
Partition 28	3524,3544,3545
Partition 29	3614
Partition 31	3522
Partition 33	3527
Partition 34	3561
Partition 35	3566
Partition 38	3555
path	6
T	11
cut	80
Partition 0	3549,3550
Partition 1	3526,3535,3536
Partition 2	3551,3552
Partition 3	3608,3555,3556,3557,3613,3612
Partition 4	3554,3525,3589,3590
Partition 5	3596,3597,3598
Partition 6	3533,3528,3534
Partition 7	3553,3623,3624
Partition 8	3621,3622,3620
Partition 9	3574,3575,3576,3566
Partition 10	3568,3569,3571,3572
Partition 12	3558,3559,3584,3585
Partition 13	3537,3538
Partition 14	3593,3594,3595
Partition 15	3532,3586,3591,3592,3588
Partition 16	3531,3530
Partition 17	3561,3601,3602,3603
Partition 18	3618,3604,3605,3619
Partition 20	3600,3599,3616,3615,3617
Partition 21	3587
Partition 22	3609,3610,3611
Partition 23	3583,3582
Partition 24	3521,3539,3578,3540,3523,3541
Partition 25	3614
Partition 26	3606,3607
Partition 27	3547,3548
Partition 28	3542,3546
Partition 29	3543
Partition 31	3522
Partition 33	3581
Partition 37	3527
Partition 38	3577,3524,3544,3564,3545,3565
Partition 39	3529
Partition 42	3567,3562,3520,3563
Partition 44	3570
Partition 47	3579
Partition 49	3580
Partition 50	3560
Partition 51	3573
path	7
T	12
cut	84
Partition 0	3533,3528
Partition 1	3526,3535
Partition 2	3536,3560
Partition 3	3556,3557,3613
Partition 4	3554,3525,3589,3590
Partition 5	3596,3597,3598
Partition 6	3534
Partition 7	3551,3549,3550
Partition 8	3621,3622,3623,3624,3620
Partition 9	3574,3575,3576,3573
Partition 10	3570,3569,3571,3572
Partition 11	3562,3563
Partition 12	3558,3559,3568,3584
Partition 14	3593,3594,3595
Partition 15	3591,3592,3588
Partition 16	3531,3532,3586
Partition 17	3601,3602,3603
Partition 18	3618,3604,3605,3619
Partition 19	3578,3523
Partition 20	3614,3600,3599,3616,3615,3617
Partition 21	3540,3577,3541,3587,3565,3567,3580
Partition 22	3609,3610,3611
Partition 23	3583,3582
Partition 24	3521,3539
Partition 25	3543,3608,3564,3529,3606
Partition 27	3547,3548
Partition 28	3524,3544,3545,3522
Partition 29	3527
Partition 31	3581
Partition 32	3579
Partition 33	3546
Partition 35	3566
Partition 36	3520
Partition 39	3561
Partition 40	3537,3538
Partition 41	3542
Partition 44	3530
Partition 46	3607
Partition 48	3585
Partition 49	3553
Partition 51	3552
Partition 52	3612
Partition 54	3555
path	8
T	17
cut	82
Partition 0	3541,3549,3550
Partition 1	3526,3535,3536
Partition 2	3551,3552
Partition 3	3555,3556,3557
Partition 4	3525,3589,3590
Partition 5	3596,3597,3598
Partition 6	3533,3528,3534
Partition 7	3553,3623,3624
Partition 8	3621,3622,3620
Partition 9	3574,3575,3576,3566
Partition 10	3568,3569,3571,3572
Partition 11	3563
Partition 12	3558,3559,3584,3585
Partition 13	3537,3538,3570,3562,3520
Partition 14	3593,3594,3595
Partition 15	3591,3592,3588
Partition 16	3532,3586
Partition 17	3601,3602,3603
Partition 18	3618,3604,3605,3619
Partition 19	3523,3577
Partition 20	3616,3615
Partition 21	3587,3565,3580
Partition 22	3579,3609,3610,3611
Partition 23	3581,3582
Partition 24	3539,3540,3613,3612
Partition 25	3547,3548
Partition 26	3543,3608,3564,3606
Partition 27	3607
Partition 28	3542,3546,3524,3544,3545,3522
Partition 31	3554
Partition 32	3527
Partition 34	3573
Partition 35	3583
Partition 37	3567
Partition 38	3531,3600,3530,3599
Partition 42	3529
Partition 44	3617
Partition 45	3614
Partition 46	3521,3578
Partition 49	3560,3561
