path	1
T	NA
cut	62
Partition 0	3578,3606,3607,3610,3611
Partition 1	3602,3603,3601
Partition 2	3547,3574,3575,3618,3617
Partition 3	3600,3599,3520,3616,3615
Partition 4	3608,3609,3605,3613,3549,3550
Partition 5	3582,3604,3524
Partition 6	3569,3572,3570,3573,3571
Partition 7	3529,3541,3551,3542,3543
Partition 8	3525,3548,3564,3552,3561,3562
Partition 9	3553,3581,3584,3580,3583
Partition 10	3537,3538,3539
Partition 11	3596,3556,3589,3597
Partition 12	3554,3579,3577,3585,3586
Partition 13	3560,3557,3558,3559,3522,3555
Partition 14	3590,3595,3593,3594
Partition 15	3535,3536,3531,3591,3592
Partition 16	3527,3526,3528,3567,3568,3566
Partition 17	3533,3534,3532
Partition 18	3540,3565,3544,3545,3523
Partition 19	3588
Partition 20	3563
Partition 21	3598
Partition 22	3587
Partition 26	3521
Partition 27	3612
Partition 28	3614
Partition 31	3576
Partition 33	3530
Partition 34	3546
path	2
T	NA
cut	62
Partition 0	3578,3606,3607,3610,3611
Partition 1	3602,3603,3601
Partition 2	3547,3574,3575,3618,3617
Partition 3	3600,3599,3520,3616,3615
Partition 4	3608,3605,3613,3549,3550
Partition 5	3604,3524,3587,3588,3523
Partition 6	3562,3572,3570,3573,3571
Partition 7	3529,3541,3551,3552,3542,3543
Partition 8	3525,3548,3564
Partition 9	3553,3581,3584,3580,3583
Partition 10	3537,3538,3539,3563,3582
Partition 11	3596,3598,3589,3597
Partition 12	3554,3579,3576,3577,3585,3586
Partition 13	3560,3557,3558,3559,3522,3555
Partition 14	3590,3595,3593,3594
Partition 15	3535,3536,3531,3591,3592
Partition 16	3527,3569,3526,3528,3567,3568
Partition 17	3533,3534,3532
Partition 18	3540,3544,3545
Partition 19	3609
Partition 20	3521
Partition 21	3556
Partition 22	3612
Partition 23	3614
Partition 25	3530
Partition 28	3546
Partition 29	3566
Partition 32	3565
Partition 33	3561
path	3
T	NA
cut	63
Partition 0	3578,3606,3607,3610,3611,3612,3614
Partition 1	3602,3603,3601
Partition 2	3547,3574,3575,3618,3617
Partition 3	3600,3598,3599,3520
Partition 4	3608,3609,3605,3613,3549,3550
Partition 5	3604,3524,3587,3588
Partition 6	3569,3572,3570,3573,3571
Partition 7	3529,3541,3542,3543
Partition 8	3525,3548,3564
Partition 9	3553,3581,3584,3580,3583
Partition 10	3537,3538,3539,3563
Partition 11	3596,3589,3597
Partition 12	3554,3579,3576,3577,3585,3586
Partition 13	3560,3557,3558,3559,3522,3555
Partition 14	3590,3595,3593,3594
Partition 15	3535,3536,3531,3591,3592
Partition 16	3526,3567,3568,3565,3566
Partition 18	3540,3544,3545
Partition 19	3616
Partition 24	3615
Partition 26	3556
Partition 27	3521
Partition 28	3582
Partition 29	3533,3530,3534,3528,3532
Partition 31	3546
Partition 32	3552
Partition 33	3561,3562
Partition 34	3523
Partition 37	3551
Partition 38	3527
path	4
T	NA
cut	59
Partition 0	3578,3606,3607,3611,3612,3614
Partition 1	3602,3603,3601
Partition 2	3547,3574,3575,3618,3617
Partition 3	3599,3616,3615
Partition 4	3608,3605,3613,3549,3550
Partition 5	3604,3524,3587,3588,3523
Partition 6	3569,3572,3570,3573,3571
Partition 7	3529,3541,3551,3552,3542,3543
Partition 8	3525,3548,3564
Partition 9	3553,3581,3584,3580,3583
Partition 10	3537,3538,3539,3563,3582
Partition 11	3596,3556,3589,3597
Partition 12	3554,3560,3579,3577
Partition 13	3557,3558,3559,3522,3555,3521
Partition 14	3590,3595,3593,3594,3592
Partition 15	3530,3535,3536,3576,3531,3532
Partition 16	3527,3526,3528,3567,3568
Partition 17	3533,3534,3546
Partition 18	3565,3566
Partition 19	3609,3610
Partition 22	3585,3586,3598
Partition 23	3600,3520
Partition 24	3540
Partition 25	3591
Partition 26	3544,3545
Partition 27	3561
Partition 29	3562
path	5
T	NA
cut	62
Partition 0	3578,3606,3609,3607,3610,3611
Partition 1	3602,3603,3604,3601,3524
Partition 2	3547,3574,3575,3618,3617
Partition 3	3599,3616,3615
Partition 4	3608,3605,3549,3550
Partition 5	3612,3614
Partition 6	3569,3572,3570,3573,3571
Partition 7	3529,3541,3551,3542,3543
Partition 8	3525,3548,3564,3552,3561,3562
Partition 9	3553,3581,3584,3580,3583
Partition 10	3537,3538,3539,3563,3582
Partition 11	3596,3556,3589,3597
Partition 12	3554,3560,3579,3577,3585,3586,3598
Partition 13	3557,3558,3559,3522,3555,3521
Partition 14	3590,3595,3593,3594
Partition 15	3535,3536,3576,3531
Partition 16	3527,3526,3528,3567
Partition 17	3533,3534,3546
Partition 18	3540,3544,3545
Partition 19	3587,3588,3523
Partition 20	3592
Partition 21	3530
Partition 22	3591
Partition 23	3532
Partition 24	3613
Partition 26	3568
Partition 27	3565,3566
Partition 28	3600,3520
