path	1
T	4
cut	10
Partition 0	808,800,801,799
Partition 1	803,811,802
Partition 2	816,817,819,820,818
Partition 3	821,813,814,815
Partition 4	798,806,796,807
Partition 5	797,804,812,805,809,810
path	2
T	2
cut	11
Partition 0	808,810,809,812,811
Partition 1	803,802,800,799,801
Partition 2	816,817,819,820,818,821
Partition 3	797,804,805
Partition 4	798,806,796,807
Partition 5	815,813,814
path	3
T	5
cut	10
Partition 0	808,800,801,799,810
Partition 1	803,811,802
Partition 2	816,817,819,820,818
Partition 3	821,813,814,815
Partition 4	798,806,796,807
Partition 5	797,804,812,805,809
path	4
T	3
cut	11
Partition 0	808,800,801,799,810,809,812
Partition 1	803,811,802
Partition 2	816,817,819,820,818,821
Partition 3	796,806,798
Partition 4	807,815,814
Partition 5	797,804,805,813
path	5
T	5
cut	10
Partition 0	808,800,801,799,810
Partition 1	803,811,802
Partition 2	816,817,819,820,818
Partition 3	821,813,814,815
Partition 4	798,806,796,807
Partition 5	797,804,812,805,809
path	6
T	4
cut	10
Partition 0	808,800,801,799
Partition 1	803,811,802
Partition 2	816,817,819,820,818
Partition 3	821,813,814,815
Partition 4	798,806,796,807
Partition 5	797,804,812,805,809,810
path	7
T	4
cut	10
Partition 0	808,800,801,799
Partition 1	803,811,802
Partition 2	816,817,819,820,818
Partition 3	821,813,814,815
Partition 4	798,806,796,807
Partition 5	797,804,812,805,809,810
path	8
T	4
cut	10
Partition 0	808,800,801,799
Partition 1	803,811,802
Partition 2	816,817,819,820,818
Partition 3	821,813,814,815
Partition 4	798,806,796,807
Partition 5	797,804,812,805,809,810
path	9
T	4
cut	10
Partition 0	808,800,801,799
Partition 1	803,811,802
Partition 2	816,817,819,820,818
Partition 3	821,813,814,815
Partition 4	798,806,796,807
Partition 5	797,804,812,805,809,810
path	10
T	4
cut	13
Partition 0	808,810,809,812,811
Partition 1	803,802,800,799,801
Partition 2	816,817,819,820,818,821
Partition 3	813,796,797
Partition 4	798,806,807,815
Partition 5	804,805,814
