path	1
T	6
cut	23
Partition 0	1686,1699
Partition 1	1687,1688,1701,1700
Partition 2	1709,1712,1708,1707,1711
Partition 3	1703,1704,1705,1706,1682
Partition 4	1676,1666,1702
Partition 5	1689,1697,1698,1664
Partition 6	1674,1677,1678,1679
Partition 7	1662,1692,1693,1694,1695
Partition 9	1696,1683,1684,1685,1710
Partition 10	1681
Partition 11	1669,1670,1690,1665
Partition 12	1668,1671,1672,1673
Partition 13	1663
Partition 14	1667
Partition 15	1675,1691
Partition 16	1680
path	2
T	7
cut	23
Partition 0	1686,1699,1700
Partition 1	1687,1688,1701
Partition 2	1709,1712,1708,1707,1711
Partition 3	1703,1704,1705,1682
Partition 4	1676,1666,1702
Partition 5	1689,1697,1698,1664
Partition 6	1674,1677,1678,1679
Partition 8	1663,1675,1691,1694,1695
Partition 9	1683,1681
Partition 10	1680,1696,1684,1685,1710
Partition 11	1669,1670,1690,1665
Partition 12	1668,1671,1672,1673
Partition 13	1667
Partition 14	1706
Partition 15	1692,1693
Partition 16	1662
path	3
T	9
cut	23
Partition 0	1670,1686,1699,1700
Partition 1	1687,1688,1701
Partition 2	1709,1712,1708,1707,1711
Partition 3	1703,1704,1705
Partition 4	1676,1666,1702
Partition 5	1689,1697,1698,1664
Partition 6	1674,1677,1678,1679
Partition 7	1662,1692,1693
Partition 8	1694,1695
Partition 9	1683,1684,1685,1681,1682
Partition 11	1669,1690,1696,1710,1665
Partition 12	1668,1671,1672,1691,1667
Partition 13	1706
Partition 14	1673
Partition 15	1680
Partition 16	1663,1675
path	4
T	6
cut	23
Partition 0	1686,1699,1700
Partition 1	1687,1688,1701,1708
Partition 2	1709,1712,1710,1711
Partition 3	1703,1704,1705,1706,1682
Partition 4	1676,1666,1702
Partition 5	1689,1697,1698,1664
Partition 6	1674,1677,1678,1675,1679
Partition 7	1662,1692,1693,1694,1695
Partition 9	1683,1684,1685
Partition 10	1696
Partition 11	1669,1670,1690,1665
Partition 12	1668,1671,1672,1673
Partition 14	1707
Partition 15	1680
Partition 16	1663
Partition 17	1691,1667,1681
path	5
T	6
cut	25
Partition 0	1686,1699,1700
Partition 1	1687,1688,1701,1708
Partition 2	1709,1712,1710,1711
Partition 3	1706
Partition 4	1676,1666,1702
Partition 5	1689,1697,1698,1664
Partition 6	1674,1677,1678,1679
Partition 7	1691,1667,1681,1694
Partition 9	1703,1704,1705,1682
Partition 10	1696
Partition 11	1669,1670,1690,1665
Partition 12	1668,1671,1672,1673
Partition 13	1695
Partition 14	1662,1692,1693,1680,1685
Partition 16	1707
Partition 17	1663,1675
Partition 18	1683,1684
