path	1
T	NA
cut	68
Partition 0	3591,3575,3552,3553
Partition 1	3555,3556,3564,3557,3558
Partition 2	3576,3577,3583,3584
Partition 3	3589,3590,3619,3588
Partition 4	3594,3596,3597,3593,3595,3598
Partition 5	3602,3600,3601,3599
Partition 6	3520,3585,3610
Partition 7	3603,3604,3607,3606,3608
Partition 8	3611,3612,3614,3615,3616,3613
Partition 9	3549,3550,3551
Partition 10	3574,3621,3572,3573,3571,3620
Partition 11	3565,3568,3566,3569,3570
Partition 12	3521,3530,3605,3526,3578
Partition 13	3525,3529,3563,3531,3567,3554
Partition 14	3538,3539,3540,3547,3548,3544
Partition 15	3545,3546,3586,3534
Partition 16	3541,3542,3543,3562,3561
Partition 17	3535,3559,3536,3579,3533,3537
Partition 18	3560,3581,3582,3580,3592,3523
Partition 19	3524
Partition 20	3527
Partition 23	3522
Partition 24	3532
Partition 25	3617
Partition 27	3528
Partition 28	3609
Partition 29	3618
Partition 30	3587
path	2
T	NA
cut	69
Partition 0	3591,3575,3552,3553
Partition 1	3555,3556,3564,3557,3558
Partition 2	3576,3577,3583,3584
Partition 3	3589,3590,3619,3588,3618
Partition 4	3594,3597,3593,3595,3600,3598,3599
Partition 5	3527,3528,3522
Partition 6	3520,3585,3610
Partition 7	3603,3604,3607,3606,3608
Partition 8	3611,3612,3614,3615,3616,3613
Partition 9	3549,3550,3532,3551
Partition 10	3574,3621,3572,3573,3571,3620
Partition 11	3565,3568,3566,3569,3570
Partition 12	3521,3530,3605
Partition 13	3525,3529,3563,3531,3567
Partition 14	3538,3539,3546,3540,3547,3548
Partition 15	3586,3587,3534
Partition 16	3541,3562,3561
Partition 17	3535,3559,3536,3579,3533,3537
Partition 18	3560,3581,3582,3580,3523
Partition 20	3524
Partition 21	3601
Partition 23	3602,3617
Partition 24	3609
Partition 25	3526,3554,3578
Partition 27	3596
Partition 28	3592
Partition 33	3543
Partition 34	3542
Partition 35	3545
Partition 36	3544
path	3
T	NA
cut	72
Partition 0	3591,3575,3552,3553
Partition 1	3555,3556,3559,3564,3558
Partition 2	3585,3576,3577,3583,3528,3584
Partition 3	3589,3590,3619,3618
Partition 4	3594,3597,3593,3595,3598
Partition 5	3600,3601,3599
Partition 6	3520,3602,3610,3533,3522
Partition 7	3603,3604,3607,3606,3608
Partition 8	3617,3614,3615,3616,3613
Partition 9	3549,3550,3532,3551
Partition 10	3574,3621,3572,3573,3571,3620
Partition 11	3565,3568,3566,3569,3570
Partition 12	3521,3530,3605,3526,3578,3579
Partition 13	3525,3529,3531,3567,3554
Partition 14	3538,3539,3540,3547,3548
Partition 15	3545,3546,3543
Partition 16	3541,3542
Partition 18	3560,3581,3582,3561,3580,3523
Partition 24	3524,3557
Partition 26	3596,3527
Partition 28	3535
Partition 30	3588
Partition 31	3563
Partition 33	3536
Partition 34	3537
Partition 35	3609
Partition 36	3544
Partition 39	3587
Partition 41	3592
Partition 42	3562
Partition 44	3612
Partition 46	3611
Partition 48	3586,3534
