path	1
T	9
cut	25
Partition 0	132,144,133
Partition 1	149,140,148
Partition 2	145,146,147,171
Partition 3	138,143,152,139
Partition 4	153,169,154,170
Partition 5	151,172,150
Partition 6	173,156,174
Partition 7	155,157,158,159,160
Partition 8	134,142,161,136,163,135,162
Partition 9	167,165,175,166,168,176
Partition 10	141,164,137
path	2
T	9
cut	25
Partition 0	132,144,133
Partition 1	149,140,148,172
Partition 2	145,146,147,171
Partition 3	138,143,139
Partition 5	151,152,150
Partition 6	153,169,134,142,135,154,170
Partition 7	161,160,174
Partition 8	155,157,158,159,173,156
Partition 9	167,165,175,166,168,176
Partition 10	136,137,162
Partition 11	141,163,164
path	3
T	9
cut	28
Partition 0	132,144,133
Partition 1	140,148,172
Partition 2	145,146,147,171
Partition 3	149,138,139
Partition 4	155,154,160,170
Partition 5	143,151,152
Partition 6	173,156,174
Partition 7	153,167,175,166,168,176
Partition 8	169,136,141,163,164,165,150
Partition 10	134,157,135,137
Partition 11	142,158,161,159,162
path	4
T	8
cut	27
Partition 0	132,144,133
Partition 1	149,151,152,140,148,150
Partition 2	145,146,147,171
Partition 3	138,143,139
Partition 4	153,134,154
Partition 5	142,135,172
Partition 6	173,156,174
Partition 7	155,161,163,137,160
Partition 8	169,157,158,159,170
Partition 10	136,141,164,165
Partition 11	167,175,162,166,168,176
path	5
T	8
cut	24
Partition 0	132,144,133
Partition 1	149,140,148,172
Partition 2	145,146,147,171
Partition 3	138,143,139
Partition 4	153,154,170
Partition 5	151,152,169,150
Partition 6	173,156,174
Partition 7	155,157,158,159,160
Partition 8	142,161,136
Partition 9	175,162,176
Partition 10	134,135,137
Partition 11	141,163,164,167,165,166,168
path	6
T	8
cut	25
Partition 0	132,144,133
Partition 1	149,140,148,172
Partition 2	145,146,147,171
Partition 3	138,143,139
Partition 4	155,153,154,170
Partition 5	151,152,169,150
Partition 6	173,156,174
Partition 7	134,142,158,161,159,163,160
Partition 8	157,135,137
Partition 9	175,162,168,176
Partition 10	136,141,164
Partition 11	167,165,166
path	7
T	9
cut	25
Partition 0	132,144,133
Partition 1	149,140,148,172
Partition 2	145,146,147,171
Partition 3	138,143,139
Partition 4	155,153,154,170
Partition 5	151,152,169,150
Partition 6	173,156,174
Partition 7	134,142,158,161,159,136,160
Partition 8	157,165,135
Partition 9	141,163,137
Partition 10	164,175,162
Partition 11	167,166,168,176
path	8
T	6
cut	25
Partition 0	132,144,133
Partition 1	149,140,148,172
Partition 2	145,146,147,171
Partition 3	138,143,139
Partition 4	153,154,170
Partition 5	151,152,169,150
Partition 6	173,156,174
Partition 7	155,161,167,166,168,160
Partition 8	134,157,136
Partition 9	141,163,164,165
Partition 10	142,158,159,135,137
Partition 11	175,162,176
path	9
T	9
cut	26
Partition 0	132,144,133
Partition 1	140,148,172
Partition 2	145,146,147,171
Partition 3	149,138,143,139
Partition 4	153,154,170
Partition 5	151,152,169,150
Partition 6	173,156,174
Partition 7	155,158,159,160
Partition 8	161,163,162
Partition 9	167,166,168,176
Partition 10	134,142,157,136,141,135,137
Partition 11	164,165,175
path	10
T	7
cut	24
Partition 0	132,144,133
Partition 1	149,140,148,172
Partition 2	145,146,147,171
Partition 3	138,143,139
Partition 4	153,169,154,170
Partition 5	151,152,150
Partition 6	173,156,174
Partition 7	155,161,163,137,162,160
Partition 8	134,142,157,158,159,135
Partition 9	167,165,175,166,168,176
Partition 10	136,141,164
