path	1
T	4
cut	12
Partition 0	816,798,808
Partition 1	800,804,796
Partition 2	799,810,809,818,819,817
Partition 3	801,802,806,807,803,811
Partition 4	826,812,825
Partition 5	813,814,797,805,820
Partition 6	815,821,823,822,824
path	2
T	5
cut	12
Partition 0	816,798,808
Partition 1	800,804,796,805,806,820
Partition 2	799,810,809,818,819,817,811
Partition 3	801,802,807,803,815
Partition 4	826,812,825
Partition 5	813,814,797
Partition 6	821,823,822,824
path	3
T	4
cut	12
Partition 0	798,808,809,810,799
Partition 1	800,804,817,796,805
Partition 2	818,819,816
Partition 3	801,802,806,807,803,811
Partition 4	826,812,825
Partition 5	813,814,797,820
Partition 6	815,821,823,822,824
path	4
T	4
cut	13
Partition 0	816,798,808
Partition 1	800,804,796
Partition 2	799,810,809,818,817,811,805
Partition 3	801,802,806,807,803
Partition 4	826,812,825
Partition 5	813,814,797,820
Partition 6	815,821,823,822,824,819
path	5
T	5
cut	13
Partition 0	816,798,808
Partition 1	800,804,817,796
Partition 2	799,810,809,815
Partition 3	801,802,806,807,803,811
Partition 4	826,812,825
Partition 5	813,814,797,805,820
Partition 6	821,823,822,824,819,818
path	6
T	4
cut	13
Partition 0	816,798,808
Partition 1	800,804,796,805
Partition 2	799,810,809,818,819,815,817
Partition 3	801,802,806,807,803
Partition 4	826,812,825,811
Partition 5	813,814,797,820
Partition 6	821,823,822,824
path	7
T	5
cut	12
Partition 0	816,798,808
Partition 1	800,804,796,805,820,807,806
Partition 2	799,810,809,818,817,811
Partition 3	801,802,803
Partition 4	826,812,825
Partition 5	813,814,797,815
Partition 6	821,823,822,824,819
path	8
T	4
cut	13
Partition 0	816,798,808
Partition 1	800,804,796,805
Partition 2	799,810,809,818,819,815,817
Partition 3	801,802,806,807,803
Partition 4	826,812,825,811
Partition 5	813,814,797,820
Partition 6	821,823,822,824
path	9
T	4
cut	13
Partition 0	798,808,809
Partition 1	800,804,796,805
Partition 2	799,810,818,817,815,816,819
Partition 3	801,802,806,807,803
Partition 4	826,812,825,811
Partition 5	813,814,797,820
Partition 6	821,823,822,824
path	10
T	6
cut	14
Partition 0	816,798,808
Partition 1	800,809,810
Partition 2	799,818,819,796,817
Partition 3	801,802,806,807,803,804,811
Partition 4	826,812,825
Partition 5	813,814,797,805,820
Partition 6	815,821,823,822,824
