path	1
T	5
cut	25
Partition 1	1670,1671,1667
Partition 2	1690,1691,1688,1689
Partition 3	1672,1673,1674,1702
Partition 4	1699,1698,1700
Partition 5	1665,1696,1697,1663
Partition 6	1664,1684
Partition 7	1679,1680,1681
Partition 8	1678,1692,1666,1693
Partition 9	1675,1682,1676,1683,1677
Partition 10	1669,1685,1686,1687,1694
Partition 11	1706,1707,1705
Partition 12	1662
Partition 13	1708
Partition 14	1668
Partition 16	1695,1701,1703,1704
path	2
T	6
cut	24
Partition 1	1670,1671,1667
Partition 2	1690,1692,1688,1689,1666
Partition 3	1664,1668,1672,1673,1674
Partition 4	1665,1696,1699,1698,1700
Partition 5	1663
Partition 6	1662
Partition 7	1680,1681,1682
Partition 8	1678,1679
Partition 9	1669,1675,1676,1677,1687
Partition 10	1694,1693,1706,1705
Partition 11	1683,1708,1707
Partition 12	1684,1685,1686
Partition 13	1702
Partition 16	1695,1691,1701,1703,1704
Partition 17	1697
path	3
T	11
cut	26
Partition 0	1695,1701
Partition 1	1670,1671,1667
Partition 2	1690,1691,1688,1689
Partition 3	1672,1673,1674,1702
Partition 4	1699,1700
Partition 5	1665,1696,1697,1698,1663
Partition 6	1684,1685
Partition 7	1664,1668,1679,1680,1681
Partition 8	1678,1692,1666,1693
Partition 9	1669,1686,1687,1694
Partition 10	1676,1677
Partition 11	1704,1708,1706,1707,1705
Partition 12	1682
Partition 13	1703
Partition 14	1675
Partition 15	1683,1662
path	4
T	8
cut	25
Partition 0	1701,1703,1704,1706,1705
Partition 1	1695
Partition 2	1690,1691,1688,1689
Partition 3	1672,1673,1674,1702,1675
Partition 4	1665,1696,1699,1698,1700
Partition 7	1668,1679,1680
Partition 8	1678,1692,1666,1693
Partition 9	1669,1681,1682,1676,1677
Partition 10	1662
Partition 11	1683,1708,1707
Partition 12	1684,1685,1686,1687,1694
Partition 15	1664
Partition 18	1697
Partition 19	1663
Partition 20	1670,1667
Partition 21	1671
path	5
T	9
cut	27
Partition 0	1674
Partition 1	1670,1671,1667
Partition 2	1690,1688,1689
Partition 3	1672,1702,1691,1703,1704
Partition 4	1696,1699,1698
Partition 5	1697,1663
Partition 6	1681
Partition 7	1664,1668,1684,1679,1680
Partition 8	1678,1692,1666,1693
Partition 9	1694
Partition 10	1669,1676,1686,1677,1687
Partition 11	1708,1706,1707,1705
Partition 12	1685,1662
Partition 13	1683
Partition 15	1695,1701,1700
Partition 16	1682
Partition 17	1675,1665
Partition 18	1673
