path	1
T	6
cut	46
Partition 0	3548,3558,3556,3557
Partition 1	3521,3547,3587,3549
Partition 2	3550,3545,3546
Partition 3	3536,3537,3539,3538
Partition 4	3531,3543,3544,3542
Partition 5	3566,3567,3579,3524,3588,3525
Partition 6	3580,3578,3581,3582
Partition 7	3576,3577,3522
Partition 8	3534,3535,3541,3540,3533
Partition 9	3595,3596,3597,3598
Partition 10	3592,3593,3564,3565,3594,3563
Partition 11	3555,3562,3561
Partition 12	3553,3554,3551,3552
Partition 13	3574,3575,3572,3583
Partition 14	3527,3528,3529,3523,3530
Partition 15	3585,3586,3584,3520
Partition 16	3568,3526,3569,3570,3571
Partition 17	3591,3590
Partition 18	3559
Partition 19	3573
Partition 22	3560
Partition 28	3532
Partition 29	3589
path	2
T	10
cut	45
Partition 0	3548,3558,3556,3557
Partition 1	3521,3547,3587,3549
Partition 2	3550,3545,3546
Partition 3	3536,3537,3539,3538
Partition 4	3531,3543,3544,3542
Partition 5	3566,3567,3579,3588,3525
Partition 6	3580,3578,3581,3582
Partition 7	3576,3577
Partition 8	3534,3535,3541,3540,3533,3522
Partition 9	3596,3597,3598
Partition 10	3593,3565,3595,3594
Partition 11	3555,3562,3561
Partition 12	3553,3554,3551,3552
Partition 13	3573,3574,3575,3572,3524
Partition 14	3527,3528,3529,3523,3530
Partition 15	3585,3586,3520
Partition 16	3568,3526,3569,3570,3571
Partition 17	3591,3592
Partition 18	3559,3560
Partition 20	3583
Partition 22	3584
Partition 24	3589,3590
Partition 26	3564,3563
Partition 29	3532
path	3
T	6
cut	43
Partition 0	3548,3558,3556,3557
Partition 1	3521,3547,3587,3549
Partition 2	3550,3545,3546
Partition 3	3532,3536,3537,3539,3538
Partition 4	3531,3543,3544,3542
Partition 5	3566,3567,3579,3588,3525
Partition 6	3580,3578,3581,3582
Partition 7	3591,3589,3576,3577,3590,3522
Partition 8	3535,3541
Partition 9	3595,3596,3597,3598
Partition 10	3564,3565,3563
Partition 11	3560,3562,3561
Partition 12	3553,3554,3555,3551,3552,3524
Partition 13	3573,3574,3575,3572
Partition 14	3527,3528,3529,3523,3530
Partition 15	3585,3586,3583,3584,3520
Partition 16	3568,3526,3569,3570
Partition 17	3592,3593,3594
Partition 18	3559
Partition 19	3534,3533
Partition 22	3571
Partition 23	3540
path	4
T	9
cut	44
Partition 0	3548,3558,3556,3557
Partition 1	3521,3532,3547,3587,3549
Partition 2	3550,3545,3546
Partition 3	3536,3537,3539,3538
Partition 4	3531,3543,3544,3542
Partition 5	3566,3567,3579,3524,3588,3525
Partition 6	3580,3578,3581,3582
Partition 7	3589,3576,3577,3590,3522
Partition 8	3534,3535,3541,3540,3533
Partition 9	3595,3596,3597,3598
Partition 10	3564,3565,3563
Partition 11	3559,3560,3561
Partition 12	3553,3554,3555,3551,3552
Partition 13	3574,3575,3572,3583
Partition 14	3527,3528,3529,3523,3530
Partition 15	3585,3586,3584,3520
Partition 16	3568,3569,3570,3571
Partition 17	3592,3526
Partition 18	3593
Partition 19	3573
Partition 23	3594
Partition 24	3591
Partition 25	3562
path	5
T	7
cut	45
Partition 0	3548,3560,3558,3556,3557
Partition 1	3521,3547,3587,3549
Partition 2	3550,3546
Partition 3	3536,3537,3539,3538
Partition 4	3531,3543,3544,3542
Partition 5	3566,3567,3579,3524,3588,3525
Partition 6	3580,3578,3581,3582
Partition 7	3589,3576,3577,3590,3522
Partition 8	3534,3535,3541,3540,3533
Partition 9	3596,3597,3598
Partition 10	3564,3565,3595,3594,3563
Partition 11	3555,3562
Partition 12	3553,3554,3551,3552
Partition 13	3574,3575,3572,3583
Partition 14	3527,3528,3529,3530
Partition 15	3585,3586,3584,3520
Partition 16	3568,3526,3569,3570,3571
Partition 17	3573,3591,3592,3523,3559
Partition 19	3593
Partition 20	3545
Partition 21	3532
Partition 22	3561
path	6
T	7
cut	48
Partition 0	3548,3558,3556,3557
Partition 1	3521,3547,3587,3549
Partition 2	3550,3545,3546
Partition 3	3536,3537,3539,3538
Partition 4	3531,3543,3544,3542
Partition 5	3566,3567,3579,3524,3588,3525,3533
Partition 6	3580,3578,3581,3582
Partition 7	3576,3577,3522
Partition 8	3541,3540
Partition 9	3595,3596,3597,3598
Partition 10	3564,3565,3563
Partition 11	3555,3562,3561
Partition 12	3553,3554,3551,3552
Partition 13	3574,3575,3572,3583
Partition 14	3527,3528,3529,3523,3530
Partition 15	3593,3585,3586,3584,3520
Partition 16	3568,3526,3569,3570,3571
Partition 17	3591,3590
Partition 18	3559
Partition 19	3573
Partition 22	3560
Partition 28	3534,3535
Partition 29	3589
Partition 30	3532
Partition 31	3594
Partition 33	3592
path	7
T	10
cut	46
Partition 0	3548,3558,3556,3557
Partition 1	3521,3547,3587,3549
Partition 2	3550,3545,3546
Partition 3	3536,3537,3539,3538
Partition 4	3531,3543,3544,3542
Partition 5	3566,3567,3579,3588,3525
Partition 6	3580,3578,3581,3582
Partition 7	3576,3577
Partition 8	3534,3535,3541,3540,3533,3522
Partition 9	3596,3597,3598
Partition 10	3593,3565,3595,3594
Partition 11	3555,3562,3561
Partition 12	3553,3554,3551,3552
Partition 13	3573,3574,3575,3572
Partition 14	3527,3528,3529,3523,3530
Partition 15	3585,3586,3520
Partition 16	3568,3526,3569,3570,3571
Partition 17	3591,3592
Partition 18	3559,3560
Partition 20	3583
Partition 22	3584
Partition 24	3589,3590
Partition 26	3564,3563
Partition 29	3532
Partition 30	3524
path	8
T	9
cut	47
Partition 0	3548,3558,3556,3557
Partition 1	3521,3547,3587,3549
Partition 2	3550,3545,3546
Partition 3	3536,3537,3539,3538
Partition 4	3531,3543,3544,3542
Partition 5	3566,3567,3524,3588,3525
Partition 6	3580,3578,3581,3582
Partition 7	3576,3577,3522
Partition 8	3534,3535,3541,3540,3533
Partition 9	3595,3596,3597,3598
Partition 10	3564,3565,3563
Partition 11	3559,3560,3561
Partition 12	3553,3554,3555,3551,3552
Partition 13	3574,3575,3572,3583
Partition 14	3532,3527,3528,3529,3523,3530
Partition 15	3585,3586,3584,3520
Partition 16	3568,3569,3570,3571
Partition 17	3592,3526
Partition 18	3593
Partition 19	3573
Partition 23	3594
Partition 24	3591
Partition 25	3562
Partition 26	3579
Partition 27	3590
Partition 28	3589
path	9
T	8
cut	48
Partition 0	3548,3560,3558,3556,3557
Partition 1	3521,3547,3587,3549
Partition 2	3550,3546
Partition 3	3536,3537,3539,3538
Partition 4	3531,3543,3544,3542
Partition 5	3566,3567,3579,3524,3588,3525
Partition 6	3580,3578,3581,3582
Partition 7	3576,3577,3522
Partition 8	3535,3541
Partition 9	3596,3597,3598
Partition 10	3564,3565,3595,3594,3563
Partition 11	3555,3562
Partition 12	3553,3554,3551,3552
Partition 13	3574,3575,3572,3583
Partition 14	3527,3528,3529,3530
Partition 15	3585,3586,3584,3520
Partition 16	3568,3526,3569,3570,3571
Partition 17	3573,3591,3592,3523,3559,3590
Partition 19	3593
Partition 20	3545
Partition 21	3532
Partition 22	3561
Partition 26	3534,3533
Partition 27	3540
Partition 28	3589
