path	1
T	18
cut	67
Partition 0	3579
Partition 1	3581,3576,3577,3582
Partition 2	3522,3530,3585,3584,3583
Partition 3	3573,3589,3612,3588
Partition 4	3586,3587
Partition 5	3609,3608
Partition 6	3611,3526,3603
Partition 7	3594,3595,3601,3602
Partition 8	3547,3561,3546
Partition 9	3534,3593,3545,3544,3520
Partition 11	3548,3552,3557,3556
Partition 13	3549,3550,3551,3574
Partition 14	3535,3532,3596,3575
Partition 15	3566,3572,3533,3571
Partition 16	3543,3570,3564,3565
Partition 17	3555,3554
Partition 18	3604,3525
Partition 19	3541,3521,3567,3531,3524
Partition 20	3599,3598,3592,3600
Partition 21	3537,3538
Partition 22	3523,3590,3606,3591
Partition 23	3539,3542,3558,3559,3560
Partition 28	3553
Partition 31	3580,3527,3528,3529,3597,3578
Partition 34	3605
Partition 35	3613
Partition 37	3610
Partition 38	3562
Partition 41	3569,3568
Partition 42	3540
Partition 43	3536
Partition 44	3563
Partition 45	3607
path	2
T	12
cut	69
Partition 0	3579,3580,3528,3578
Partition 1	3581,3576,3577,3582
Partition 2	3522,3585,3584,3583
Partition 3	3573,3589,3612,3588
Partition 4	3562,3613
Partition 5	3609,3607,3608
Partition 6	3610,3611,3526,3603
Partition 7	3593,3594,3595,3601,3602
Partition 8	3558,3559,3560,3561
Partition 9	3547
Partition 11	3548,3552,3557,3556
Partition 12	3542,3545,3540,3544,3546
Partition 13	3549,3550,3551,3574
Partition 14	3535,3532,3596,3575
Partition 15	3566,3572,3533,3571
Partition 16	3543,3564,3565
Partition 17	3597,3554
Partition 18	3604,3605
Partition 19	3567,3531
Partition 20	3599,3598,3592,3600
Partition 21	3537
Partition 22	3523,3538,3541,3590,3606,3591
Partition 23	3539,3569,3568
Partition 25	3534,3520
Partition 26	3563
Partition 27	3553
Partition 28	3555
Partition 29	3525
Partition 31	3536
Partition 32	3570
Partition 33	3521
Partition 36	3527,3529
Partition 37	3524
Partition 38	3530
Partition 39	3586
Partition 40	3587
path	3
T	21
cut	73
Partition 0	3528,3578
Partition 1	3559,3560,3561,3576,3577
Partition 2	3522,3585
Partition 3	3581,3587
Partition 5	3609,3606,3607,3608
Partition 6	3610,3611,3603,3612
Partition 7	3593,3594,3595,3601,3602
Partition 8	3547
Partition 9	3542,3545,3527,3524,3546
Partition 10	3529
Partition 11	3558,3567,3548,3552,3557,3531
Partition 12	3563,3544,3520
Partition 13	3549,3550,3551
Partition 14	3535,3532,3596,3575
Partition 15	3566,3572,3533
Partition 16	3543,3570,3564,3565
Partition 18	3553,3597,3555,3525,3554,3556
Partition 20	3599,3598,3592,3600
Partition 21	3584
Partition 22	3523,3538,3541,3590,3591
Partition 24	3540
Partition 26	3539
Partition 27	3586
Partition 28	3604,3605
Partition 32	3521
Partition 34	3562,3613
Partition 35	3537,3536
Partition 36	3526
Partition 37	3589,3579,3580,3588
Partition 39	3582
Partition 40	3571
Partition 43	3573
Partition 45	3569
Partition 48	3534
Partition 49	3568
Partition 51	3583
Partition 53	3530
Partition 54	3574
path	4
T	17
cut	74
Partition 0	3610,3611,3603
Partition 1	3576
Partition 2	3522,3585,3584,3577,3583,3582
Partition 3	3579,3580,3581,3527,3528,3578
Partition 5	3609,3607,3608
Partition 6	3524
Partition 7	3543,3570,3564,3565
Partition 8	3561
Partition 9	3547
Partition 11	3557,3556
Partition 12	3542,3545,3563,3544,3520
Partition 13	3549,3550,3551,3574
Partition 14	3535,3532,3596,3575
Partition 15	3573,3566,3572,3533,3571
Partition 16	3559,3560
Partition 17	3553,3597,3555,3554
Partition 18	3604,3605
Partition 19	3594,3595,3521,3567,3548,3531,3602
Partition 20	3599,3598,3592,3600
Partition 21	3530,3537,3538
Partition 22	3523,3590,3606,3591
Partition 23	3540
Partition 24	3539
Partition 26	3534
Partition 27	3569
Partition 28	3568
Partition 29	3546
Partition 31	3593
Partition 32	3558
Partition 34	3601
Partition 35	3552
Partition 37	3525
Partition 38	3586
Partition 39	3589,3587,3612,3588
Partition 40	3613
Partition 41	3562
Partition 42	3526
Partition 44	3529
Partition 45	3541
Partition 46	3536
path	5
T	11
cut	68
Partition 0	3579,3580,3528,3578
Partition 1	3581,3576,3577,3582
Partition 2	3522,3585,3584,3583
Partition 3	3573,3589,3612,3588
Partition 4	3562,3613
Partition 5	3609,3607,3608
Partition 6	3611,3526,3603
Partition 7	3593,3594,3595,3601,3602
Partition 8	3558,3559,3545,3560,3547,3561,3546
Partition 9	3534,3527,3529,3544,3520
Partition 11	3548,3552,3557,3556
Partition 13	3549,3550,3551,3525,3574
Partition 14	3535,3532,3596,3575
Partition 15	3566,3572,3533,3571
Partition 16	3543,3565
Partition 17	3597,3555,3554
Partition 18	3604
Partition 19	3531,3524
Partition 20	3599,3598,3592,3600
Partition 21	3530,3537,3536
Partition 22	3523,3538,3541,3590,3606,3591
Partition 24	3569
Partition 25	3568
Partition 26	3553
Partition 28	3605
Partition 30	3540
Partition 32	3563
Partition 38	3564
Partition 39	3539
Partition 40	3542
Partition 41	3567
Partition 44	3570
Partition 46	3521
Partition 47	3610
Partition 48	3586,3587
