path	1
T	12
cut	66
Partition 0	3526,3573,3566,3572,3571
Partition 1	3543,3563,3564,3565
Partition 2	3549,3550,3551,3520
Partition 3	3534,3535,3536
Partition 4	3532,3596,3575
Partition 5	3545,3547,3561,3546
Partition 7	3610,3611,3562,3613,3612
Partition 8	3542,3540
Partition 9	3593,3594
Partition 10	3539,3569,3568,3600,3601
Partition 11	3585,3584
Partition 12	3581,3587,3588
Partition 13	3576,3577,3583,3582
Partition 14	3579,3580,3528,3578
Partition 15	3558,3559,3560,3557,3556
Partition 17	3553,3555,3554
Partition 18	3604
Partition 19	3521,3527,3567,3605,3531,3524,3544
Partition 21	3609,3606,3607,3608
Partition 22	3522,3530,3537,3529
Partition 23	3603
Partition 24	3586
Partition 25	3592
Partition 26	3541
Partition 29	3589
Partition 31	3523
Partition 32	3590,3591,3525,3574
Partition 34	3597,3599,3598
Partition 36	3570
Partition 38	3548,3552
Partition 39	3602
Partition 40	3595
Partition 42	3538
Partition 44	3533
path	2
T	11
cut	71
Partition 0	3562
Partition 1	3543,3563,3564,3565
Partition 2	3555,3554
Partition 3	3534,3535,3532,3533
Partition 4	3596,3599,3574,3575,3600,3601,3602
Partition 5	3547,3561
Partition 6	3526,3573
Partition 9	3539,3542,3569,3594,3595
Partition 10	3566,3572,3571
Partition 11	3585,3584
Partition 12	3586,3613,3589,3587,3612,3588
Partition 13	3576,3577,3582
Partition 14	3579,3580,3528,3578
Partition 15	3558,3559,3560,3557
Partition 16	3551
Partition 17	3597,3598
Partition 18	3553,3604,3605,3525
Partition 19	3593,3521,3567,3531,3524,3544
Partition 20	3590,3591,3592
Partition 21	3609,3606,3607,3608
Partition 22	3537,3536,3523,3538,3541
Partition 23	3546
Partition 25	3556
Partition 26	3529
Partition 29	3603
Partition 30	3570
Partition 31	3610
Partition 34	3581
Partition 35	3611
Partition 38	3549,3550,3520
Partition 40	3527
Partition 41	3540
Partition 42	3545
Partition 43	3568
Partition 45	3522
Partition 48	3583
Partition 49	3530
Partition 50	3548,3552
path	3
T	11
cut	63
Partition 0	3566,3572,3570,3571
Partition 1	3543,3564,3565
Partition 2	3549,3550,3574,3520
Partition 3	3534,3535,3532,3533
Partition 4	3596,3575
Partition 5	3547,3561,3546
Partition 6	3526,3603
Partition 7	3610,3611,3562,3613,3612
Partition 8	3593,3594,3544
Partition 9	3524
Partition 10	3595,3601,3602
Partition 11	3522,3530,3585,3584
Partition 12	3586,3573,3589,3587,3588
Partition 13	3576,3577,3583,3582
Partition 14	3579,3580,3581,3528,3578
Partition 15	3558,3559,3560,3557
Partition 16	3551,3548,3552
Partition 17	3597,3555,3554,3598
Partition 18	3523,3590,3604,3525
Partition 19	3569,3521,3527,3567,3568,3531
Partition 20	3591,3599,3592,3600
Partition 21	3609,3606,3607,3608
Partition 22	3537,3536
Partition 25	3539,3542,3545,3540
Partition 26	3529
Partition 29	3538
Partition 31	3556
Partition 32	3605
Partition 34	3553
Partition 37	3541
Partition 38	3563
path	4
T	10
cut	63
Partition 0	3566,3572,3570,3571
Partition 1	3543,3563,3564,3565,3520
Partition 2	3549
Partition 3	3534,3535,3537,3536,3538,3532,3533
Partition 4	3596,3599,3575
Partition 5	3547,3561,3546
Partition 6	3573,3589
Partition 7	3611,3562,3613,3612
Partition 8	3539,3542,3569,3545,3540
Partition 9	3593,3594,3544
Partition 10	3603,3595,3568,3601,3602
Partition 11	3522,3530,3585,3584,3529
Partition 12	3586,3587,3588
Partition 13	3523,3541,3576,3577,3583,3582
Partition 14	3579,3580,3528,3578
Partition 15	3558,3559
Partition 16	3551,3548,3552
Partition 17	3597,3555,3557,3554,3556,3598
Partition 18	3553,3604,3605,3525
Partition 19	3521,3527,3531,3524
Partition 20	3590,3591,3592
Partition 21	3609,3606,3607,3608
Partition 24	3526
Partition 25	3610
Partition 26	3600
Partition 27	3581
Partition 28	3560
Partition 29	3550
Partition 31	3574
Partition 32	3567
path	5
T	6
cut	60
Partition 0	3566,3572,3570,3571
Partition 1	3543,3563,3564,3565
Partition 2	3549,3550,3574,3520
Partition 3	3534,3535,3532,3533
Partition 4	3596,3599,3575
Partition 5	3545,3547,3561,3546
Partition 6	3526,3573,3603
Partition 7	3610,3611,3562,3613,3612
Partition 8	3539,3542,3540
Partition 9	3593,3594,3544
Partition 10	3600,3601,3602
Partition 11	3522,3530,3585,3584
Partition 12	3586,3581,3587,3588
Partition 13	3576,3577,3583,3582
Partition 14	3579,3580,3528,3578
Partition 15	3558,3559,3560,3557
Partition 16	3551,3548,3552
Partition 17	3597,3555,3556,3598
Partition 18	3553,3604,3605,3525
Partition 19	3521,3527,3567,3531,3524
Partition 20	3590,3591,3592
Partition 21	3609,3606,3607,3608
Partition 22	3537,3536,3523,3538,3541
Partition 23	3569
Partition 24	3595,3568
Partition 27	3554
Partition 32	3589
Partition 33	3529
path	6
T	10
cut	67
Partition 0	3526,3573,3566,3572,3571
Partition 1	3543,3563,3564,3565
Partition 2	3549,3550,3551,3520
Partition 3	3534,3535,3536
Partition 4	3532,3596,3575
Partition 5	3545,3547,3561,3546
Partition 7	3610,3611,3562,3613,3612
Partition 8	3542,3540
Partition 9	3593,3594
Partition 10	3539,3569,3568
Partition 11	3585,3584
Partition 12	3581,3587,3588
Partition 13	3576,3577,3583,3582
Partition 14	3579,3580,3528,3578
Partition 15	3558,3559,3560,3557,3556
Partition 17	3553,3555,3554
Partition 18	3604
Partition 19	3521,3527,3567,3605,3531,3524,3544
Partition 21	3609,3606,3607,3608
Partition 22	3522,3530,3537
Partition 23	3603
Partition 24	3586
Partition 25	3592
Partition 26	3541
Partition 29	3589
Partition 31	3523
Partition 32	3590,3591,3525,3574
Partition 34	3599,3598,3600
Partition 36	3570
Partition 38	3548,3552
Partition 39	3601,3602
Partition 40	3595
Partition 42	3538
Partition 44	3533
Partition 45	3529
Partition 47	3597
path	7
T	12
cut	69
Partition 0	3562
Partition 1	3543,3563,3564,3565
Partition 2	3555,3554
Partition 3	3534,3535,3532,3533
Partition 4	3596,3599,3574,3575,3600,3601,3602
Partition 5	3547,3561
Partition 6	3526,3573
Partition 9	3539,3542,3569
Partition 10	3566,3572,3571
Partition 11	3585,3584
Partition 12	3586,3613,3589,3581,3587,3612,3588
Partition 13	3576,3577,3582
Partition 14	3579,3580,3528,3578
Partition 15	3558,3559,3560,3557
Partition 16	3551
Partition 17	3597,3598
Partition 18	3553,3604,3605,3525
Partition 19	3593,3594,3521,3567,3531,3524,3544
Partition 20	3590,3591,3592
Partition 21	3609,3606,3607,3608
Partition 22	3537,3536,3523,3538,3541
Partition 23	3546
Partition 25	3556
Partition 26	3529
Partition 29	3603
Partition 30	3570
Partition 31	3610
Partition 35	3611
Partition 38	3549,3550,3520
Partition 40	3527
Partition 41	3540
Partition 42	3545
Partition 43	3595,3568
Partition 45	3522
Partition 48	3583
Partition 49	3530
Partition 50	3548,3552
path	8
T	13
cut	64
Partition 0	3573,3566,3572,3571
Partition 1	3543,3564,3565
Partition 2	3549,3550,3574,3520
Partition 3	3534,3535,3532,3533
Partition 4	3596,3599,3575
Partition 5	3547,3561,3546
Partition 6	3526,3603
Partition 7	3610,3611,3562,3613,3612
Partition 8	3593,3594,3544
Partition 9	3524
Partition 10	3595,3601,3602
Partition 11	3522,3530,3585,3584
Partition 12	3586,3589,3587,3588
Partition 13	3576,3577,3583,3582
Partition 14	3579,3580,3581,3528,3578
Partition 15	3558,3559,3560,3557
Partition 16	3551,3548,3552
Partition 17	3597,3555,3554,3598
Partition 18	3523,3590,3604,3525
Partition 19	3569,3521,3527,3567,3568,3531
Partition 20	3591,3592,3600
Partition 21	3609,3606,3607,3608
Partition 22	3537,3536
Partition 25	3539,3542,3545,3540
Partition 26	3529
Partition 29	3538
Partition 31	3556
Partition 32	3605
Partition 34	3553
Partition 37	3541
Partition 38	3563
Partition 39	3570
path	9
T	11
cut	65
Partition 0	3566,3572,3570,3571
Partition 1	3543,3563,3564,3565
Partition 2	3549
Partition 3	3534,3535,3532,3533
Partition 4	3596,3599,3575
Partition 5	3547,3561,3546
Partition 6	3573,3589
Partition 7	3611,3562,3613,3612
Partition 8	3539,3542,3569,3545,3540
Partition 9	3593,3594
Partition 10	3600,3601,3602
Partition 11	3522,3530,3537
Partition 12	3586,3587,3588
Partition 13	3585,3584,3576,3577,3583,3582
Partition 14	3579,3580,3528,3578
Partition 15	3558,3559,3557
Partition 16	3551,3548,3552
Partition 17	3597,3555,3554,3556,3598
Partition 18	3553,3604,3605,3525
Partition 19	3521,3527,3529,3524
Partition 20	3523,3590,3591,3592
Partition 21	3609,3606,3607,3608
Partition 24	3526,3603
Partition 25	3610
Partition 27	3581
Partition 28	3560
Partition 29	3550,3574,3520
Partition 31	3544
Partition 32	3595,3568
Partition 35	3567,3531
Partition 38	3541
Partition 40	3538
Partition 43	3536
path	10
T	9
cut	62
Partition 0	3566,3572,3570,3571
Partition 1	3543,3563,3564,3565
Partition 2	3549,3550,3525,3574,3520
Partition 3	3534,3535,3532,3533
Partition 4	3597,3599,3598
Partition 5	3545,3547,3561,3546
Partition 6	3526,3573,3603
Partition 7	3610,3611,3562,3613,3612
Partition 8	3539,3542,3540
Partition 9	3593,3594,3544
Partition 10	3600,3601,3602
Partition 11	3522,3530,3585,3584
Partition 12	3586,3581,3587,3588
Partition 13	3576,3577,3583,3582
Partition 14	3579,3580,3528,3578
Partition 15	3558,3559,3560,3557
Partition 16	3551,3548,3552
Partition 17	3556
Partition 18	3604,3605
Partition 19	3521,3527,3567,3531,3524
Partition 20	3590,3591,3592
Partition 21	3609,3606,3607,3608
Partition 22	3537,3536,3523,3538,3541
Partition 23	3569
Partition 24	3595,3568
Partition 27	3555,3554
Partition 32	3589
Partition 33	3529
Partition 35	3553
Partition 36	3575
Partition 40	3596
