sol	1
T	2
cut	3
Partition 0	380,385,384,386
Partition 1	378,382,379,387
Partition 2	388,389,381,383,390,391
sol	2
T	2
cut	4
Partition 0	380,385,384,386,378
Partition 1	382,379,387
Partition 2	388,389,381,383,390,391
sol	3
T	2
cut	4
Partition 0	380,385,384,386,381
Partition 1	378,382,379,387
Partition 2	388,389,383,390,391
sol	4
T	2
cut	4
Partition 0	380,385,384,386
Partition 1	378,382,379,387,381
Partition 2	388,389,383,390,391
sol	5
T	2
cut	4
Partition 0	380,385,384,386,379
Partition 1	378,382,387
Partition 2	388,389,381,383,390,391
sol	6
T	2
cut	3
Partition 0	380,385,384,386
Partition 1	378,382,379,387,383
Partition 2	388,389,381,390,391
sol	7
T	2
cut	3
Partition 0	380,385,384,386,391,387
Partition 1	378,382,379
Partition 2	388,389,381,383,390
sol	8
T	2
cut	3
Partition 0	380,385,384,386,387
Partition 1	378,382,379
Partition 2	388,389,381,383,390,391
sol	9
T	1
cut	3
Partition 0	380,385,384,386
Partition 1	378,382,379
Partition 2	388,389,381,383,390,391,387
sol	10
T	2
cut	3
Partition 0	380,385,384
Partition 1	378,382,379,387,386
Partition 2	388,389,381,383,390,391
sol	11
T	1
cut	2
Partition 0	380,385,384,386
Partition 1	391,378,382,379,387,383,390
Partition 2	388,389,381
sol	12
T	2
cut	4
Partition 0	385,384,386,391,387
Partition 1	378,382,379,380
Partition 2	388,389,381,383,390
sol	13
T	2
cut	4
Partition 0	385,384,386,391,387
Partition 1	378,382,379
Partition 2	388,389,381,383,390,380
sol	14
T	2
cut	4
Partition 0	385,384,386,387
Partition 1	378,382,379,380
Partition 2	388,389,381,383,390,391
sol	15
T	2
cut	4
Partition 0	385,384,386
Partition 1	378,382,379,380
Partition 2	388,389,381,383,390,391,387
sol	16
T	2
cut	4
Partition 0	380,385,384,386,388,381
Partition 1	378,382,379,387
Partition 2	389,383,390,391
sol	17
T	2
cut	4
Partition 0	380,385,384,386
Partition 1	378,382,379,387,388,381
Partition 2	389,383,390,391
sol	18
T	2
cut	5
Partition 0	380,385,384,386,378,381
Partition 1	382,379,387
Partition 2	388,389,383,390,391
sol	19
T	2
cut	4
Partition 0	380,385,384,386,378
Partition 1	382,379,387,383
Partition 2	388,389,381,390,391
sol	20
T	2
cut	4
Partition 0	380,385,384,378
Partition 1	382,379,387,386
Partition 2	388,389,381,383,390,391
sol	21
T	2
cut	4
Partition 0	380,385,386,391,387
Partition 1	378,382,379,384
Partition 2	388,389,381,383,390
sol	22
T	2
cut	4
Partition 0	380,385,386,391,387
Partition 1	378,382,379
Partition 2	388,389,381,383,390,384
sol	23
T	2
cut	4
Partition 0	380,385,386,387
Partition 1	378,382,379,384
Partition 2	388,389,381,383,390,391
sol	24
T	2
cut	4
Partition 0	380,385,386
Partition 1	378,382,379,384
Partition 2	388,389,381,383,390,391,387
sol	25
T	2
cut	5
Partition 0	380,385,384,386,381,379
Partition 1	378,382,387
Partition 2	388,389,383,390,391
sol	26
T	2
cut	4
Partition 0	380,385,384,386,381
Partition 1	378,382,379,387,383
Partition 2	388,389,390,391
sol	27
T	2
cut	4
Partition 0	380,385,384,386
Partition 1	378,382,379,387,381,383
Partition 2	388,389,390,391
sol	28
T	2
cut	4
Partition 0	380,385,384,386,391,387
Partition 1	378,382,379,381
Partition 2	388,389,383,390
sol	29
T	2
cut	4
Partition 0	380,385,384,386,381,387
Partition 1	378,382,379
Partition 2	388,389,383,390,391
sol	30
T	1
cut	4
Partition 0	380,385,384,386,381
Partition 1	378,382,379
Partition 2	388,389,383,390,391,387
sol	31
T	2
cut	4
Partition 0	380,385,384,386,387
Partition 1	378,382,379,381
Partition 2	388,389,383,390,391
sol	32
T	1
cut	4
Partition 0	380,385,384,386
Partition 1	378,382,379,381
Partition 2	388,389,383,390,391,387
sol	33
T	2
cut	4
Partition 0	380,385,384,381
Partition 1	378,382,379,387,386
Partition 2	388,389,383,390,391
sol	34
T	2
cut	4
Partition 0	380,385,384
Partition 1	378,382,379,387,381,386
Partition 2	388,389,383,390,391
sol	35
T	2
cut	4
Partition 0	380,385,384,386,379
Partition 1	378,382,387,383
Partition 2	388,389,381,390,391
sol	36
T	2
cut	4
Partition 0	380,385,384,379
Partition 1	378,382,387,386
Partition 2	388,389,381,383,390,391
sol	37
T	2
cut	3
Partition 0	380,385,384,386,391,387
Partition 1	378,382,379,383
Partition 2	388,389,381,390
sol	38
T	2
cut	4
Partition 0	380,385,384,386,383,387
Partition 1	378,382,379
Partition 2	388,389,381,390,391
sol	39
T	2
cut	4
Partition 0	380,385,384,386,383
Partition 1	378,382,379
Partition 2	388,389,381,390,391,387
sol	40
T	2
cut	3
Partition 0	380,385,384,386,387
Partition 1	378,382,379,383
Partition 2	388,389,381,390,391
sol	41
T	1
cut	3
Partition 0	380,385,384,386
Partition 1	378,382,379,383
Partition 2	388,389,381,390,391,387
sol	42
T	2
cut	3
Partition 0	380,385,384
Partition 1	378,382,379,387,383,386
Partition 2	388,389,381,390,391
sol	43
T	2
cut	4
Partition 0	380,385,384
Partition 1	378,382,379,386
Partition 2	388,389,381,383,390,391,387
sol	44
T	2
cut	4
Partition 0	380,385,384,386,391,387,390
Partition 1	378,382,379
Partition 2	388,389,381,383
sol	45
T	2
cut	3
Partition 0	385,384,386
Partition 1	391,378,382,379,387,383,390
Partition 2	388,389,381,380
sol	46
T	1
cut	3
Partition 0	380,385,384,386,378
Partition 1	391,382,379,387,383,390
Partition 2	388,389,381
sol	47
T	1
cut	3
Partition 0	380,385,384,386
Partition 1	391,382,379,387,383,390
Partition 2	388,389,381,378
sol	48
T	2
cut	3
Partition 0	380,385,386
Partition 1	391,378,382,379,387,383,390
Partition 2	388,389,381,384
sol	49
T	1
cut	3
Partition 0	380,385,384,386,379
Partition 1	391,378,382,387,383,390
Partition 2	388,389,381
sol	50
T	1
cut	3
Partition 0	380,385,384,386
Partition 1	391,378,382,387,383,390
Partition 2	388,389,381,379
sol	51
T	2
cut	3
Partition 0	380,385,384
Partition 1	391,378,382,379,387,383,390
Partition 2	388,389,381,386
sol	52
T	2
cut	5
Partition 0	385,386,391,387
Partition 1	378,382,379,380,384
Partition 2	388,389,381,383,390
sol	53
T	2
cut	5
Partition 0	385,386,391,387
Partition 1	378,382,379,380
Partition 2	388,389,381,383,390,384
sol	54
T	2
cut	5
Partition 0	385,386,391,387
Partition 1	378,382,379,384
Partition 2	388,389,381,383,390,380
sol	55
T	2
cut	5
Partition 0	385,386,391,387
Partition 1	378,382,379
Partition 2	388,389,381,383,390,380,384
sol	56
T	2
cut	5
Partition 0	385,386,387
Partition 1	378,382,379,380,384
Partition 2	388,389,381,383,390,391
sol	57
T	2
cut	5
Partition 0	385,384,386,391,387
Partition 1	378,379,380
Partition 2	388,389,381,383,390,382
sol	58
T	2
cut	5
Partition 0	385,384,386,391,387
Partition 1	378,382,379,380,381
Partition 2	388,389,383,390
sol	59
T	2
cut	5
Partition 0	385,384,386,391,387
Partition 1	378,382,379,381
Partition 2	388,389,383,390,380
sol	60
T	2
cut	5
Partition 0	385,384,386,381,387
Partition 1	378,382,379,380
Partition 2	388,389,383,390,391
sol	61
T	2
cut	5
Partition 0	385,384,386,381
Partition 1	378,382,379,380
Partition 2	388,389,383,390,391,387
sol	62
T	2
cut	5
Partition 0	385,384,386,387
Partition 1	378,382,379,380,381
Partition 2	388,389,383,390,391
sol	63
T	2
cut	5
Partition 0	385,384,386
Partition 1	378,382,379,380,381
Partition 2	388,389,383,390,391,387
sol	64
T	2
cut	4
Partition 0	385,384,386,391,387
Partition 1	378,382,379,380,383
Partition 2	388,389,381,390
sol	65
T	2
cut	4
Partition 0	385,384,386,391,387
Partition 1	378,382,379,383
Partition 2	388,389,381,390,380
sol	66
T	2
cut	5
Partition 0	385,384,386,383
Partition 1	378,382,379,380
Partition 2	388,389,381,390,391,387
sol	67
T	2
cut	4
Partition 0	385,384,386,387
Partition 1	378,382,379,380,383
Partition 2	388,389,381,390,391
sol	68
T	2
cut	4
Partition 0	385,384,386
Partition 1	378,382,379,380,383
Partition 2	388,389,381,390,391,387
sol	69
T	2
cut	5
Partition 0	385,384,386,391,387,390
Partition 1	378,382,379,380
Partition 2	388,389,381,383
sol	70
T	2
cut	5
Partition 0	385,384,386,391,387,390
Partition 1	378,382,379
Partition 2	388,389,381,383,380
sol	71
T	2
cut	4
Partition 0	380,385,384,386,388,389,381
Partition 1	378,382,379,387
Partition 2	383,390,391
sol	72
T	2
cut	4
Partition 0	380,385,384,386
Partition 1	378,382,379,387,388,389,381
Partition 2	383,390,391
sol	73
T	2
cut	5
Partition 0	380,385,384,386,388,378,381
Partition 1	382,379,387
Partition 2	389,383,390,391
sol	74
T	2
cut	5
Partition 0	380,385,384,386,388,381,379
Partition 1	378,382,387
Partition 2	389,383,390,391
sol	75
T	2
cut	4
Partition 0	380,385,384,386,388,381
Partition 1	378,382,379,387,383
Partition 2	389,390,391
sol	76
T	2
cut	4
Partition 0	380,385,384,386
Partition 1	378,382,379,387,388,381,383
Partition 2	389,390,391
sol	77
T	2
cut	4
Partition 0	380,385,384,386,391,387
Partition 1	378,382,379,388,381
Partition 2	389,383,390
sol	78
T	2
cut	4
Partition 0	380,385,384,386,388,381,387
Partition 1	378,382,379
Partition 2	389,383,390,391
sol	79
T	1
cut	4
Partition 0	380,385,384,386,388,381
Partition 1	378,382,379
Partition 2	389,383,390,391,387
sol	80
T	2
cut	5
Partition 0	380,385,384,386,388,387
Partition 1	378,382,379,381
Partition 2	389,383,390,391
sol	81
T	2
cut	5
Partition 0	380,385,384,386,388
Partition 1	378,382,379,381
Partition 2	389,383,390,391,387
sol	82
T	2
cut	5
Partition 0	380,385,384,386,381
Partition 1	378,382,379,388
Partition 2	389,383,390,391,387
sol	83
T	2
cut	4
Partition 0	380,385,384,386,387
Partition 1	378,382,379,388,381
Partition 2	389,383,390,391
sol	84
T	1
cut	4
Partition 0	380,385,384,386
Partition 1	378,382,379,388,381
Partition 2	389,383,390,391,387
sol	85
T	2
cut	4
Partition 0	380,385,384,388,381
Partition 1	378,382,379,387,386
Partition 2	389,383,390,391
sol	86
T	2
cut	4
Partition 0	380,385,384
Partition 1	378,382,379,387,388,381,386
Partition 2	389,383,390,391
sol	87
T	2
cut	5
Partition 0	380,384,381
Partition 1	378,382,379,387,385,386
Partition 2	388,389,383,390,391
sol	88
T	2
cut	5
Partition 0	380,385,384,386,378,381
Partition 1	382,379,387,383
Partition 2	388,389,390,391
sol	89
T	2
cut	5
Partition 0	380,385,384,386,378
Partition 1	382,379,381
Partition 2	388,389,383,390,391,387
sol	90
T	2
cut	5
Partition 0	380,385,384,378,381
Partition 1	382,379,387,386
Partition 2	388,389,383,390,391
sol	91
T	2
cut	4
Partition 0	380,385,384,386,378
Partition 1	382,379,383
Partition 2	388,389,381,390,391,387
sol	92
T	2
cut	4
Partition 0	380,385,384,378
Partition 1	382,379,387,383,386
Partition 2	388,389,381,390,391
sol	93
T	2
cut	5
Partition 0	380,385,386,391,387
Partition 1	378,379,384
Partition 2	388,389,381,383,390,382
sol	94
T	2
cut	5
Partition 0	380,385,386,391,387
Partition 1	378,382,379,384,381
Partition 2	388,389,383,390
sol	95
T	2
cut	5
Partition 0	380,385,386,391,387
Partition 1	378,382,379,381
Partition 2	388,389,383,390,384
sol	96
T	2
cut	5
Partition 0	380,385,386,381,387
Partition 1	378,382,379,384
Partition 2	388,389,383,390,391
sol	97
T	2
cut	5
Partition 0	380,385,386,381
Partition 1	378,382,379,384
Partition 2	388,389,383,390,391,387
sol	98
T	2
cut	5
Partition 0	380,385,386,387
Partition 1	378,382,379,384,381
Partition 2	388,389,383,390,391
sol	99
T	2
cut	5
Partition 0	380,385,386
Partition 1	378,382,379,384,381
Partition 2	388,389,383,390,391,387
sol	100
T	2
cut	4
Partition 0	380,385,386,391,387
Partition 1	378,382,379,384,383
Partition 2	388,389,381,390
sol	101
T	2
cut	4
Partition 0	380,385,386,391,387
Partition 1	378,382,379,383
Partition 2	388,389,381,390,384
sol	102
T	2
cut	5
Partition 0	380,385,386,383
Partition 1	378,382,379,384
Partition 2	388,389,381,390,391,387
sol	103
T	2
cut	4
Partition 0	380,385,386,387
Partition 1	378,382,379,384,383
Partition 2	388,389,381,390,391
sol	104
T	2
cut	4
Partition 0	380,385,386
Partition 1	378,382,379,384,383
Partition 2	388,389,381,390,391,387
sol	105
T	2
cut	5
Partition 0	380,385,386,391,387,390
Partition 1	378,382,379,384
Partition 2	388,389,381,383
sol	106
T	2
cut	5
Partition 0	380,385,386,391,387,390
Partition 1	378,382,379
Partition 2	388,389,381,383,384
sol	107
T	2
cut	5
Partition 0	380,385,384,386,382,387
Partition 1	378,379,381
Partition 2	388,389,383,390,391
sol	108
T	1
cut	4
Partition 0	380,385,384,386
Partition 1	378,379,381
Partition 2	388,389,383,390,391,382,387
sol	109
T	2
cut	5
Partition 0	380,385,384,386,381,379
Partition 1	378,382,387,383
Partition 2	388,389,390,391
sol	110
T	2
cut	5
Partition 0	380,385,384,386,379
Partition 1	378,382,381
Partition 2	388,389,383,390,391,387
sol	111
T	2
cut	5
Partition 0	380,385,384,381,379
Partition 1	378,382,387,386
Partition 2	388,389,383,390,391
sol	112
T	2
cut	4
Partition 0	380,385,384,386,391,387
Partition 1	378,382,379,381,383
Partition 2	388,389,390
sol	113
T	2
cut	5
Partition 0	380,385,384,386,381,383
Partition 1	378,382,379
Partition 2	388,389,390,391,387
sol	114
T	2
cut	4
Partition 0	380,385,384,386,381,387
Partition 1	378,382,379,383
Partition 2	388,389,390,391
sol	115
T	1
cut	4
Partition 0	380,385,384,386,381
Partition 1	378,382,379,383
Partition 2	388,389,390,391,387
sol	116
T	2
cut	5
Partition 0	380,385,384,386,383,387
Partition 1	378,382,379,381
Partition 2	388,389,390,391
sol	117
T	2
cut	5
Partition 0	380,385,384,386,383
Partition 1	378,382,379,381
Partition 2	388,389,390,391,387
sol	118
T	2
cut	4
Partition 0	380,385,384,386,387
Partition 1	378,382,379,381,383
Partition 2	388,389,390,391
sol	119
T	1
cut	4
Partition 0	380,385,384,386
Partition 1	378,382,379,381,383
Partition 2	388,389,390,391,387
sol	120
T	2
cut	4
Partition 0	380,385,384,381
Partition 1	378,382,379,387,383,386
Partition 2	388,389,390,391
sol	121
T	2
cut	4
Partition 0	380,385,384
Partition 1	378,382,379,387,381,383,386
Partition 2	388,389,390,391
sol	122
T	2
cut	5
Partition 0	380,385,384,381
Partition 1	378,382,379,386
Partition 2	388,389,383,390,391,387
sol	123
T	1
cut	4
Partition 0	380,385,384,381
Partition 1	378,382,379
Partition 2	388,389,383,390,391,387,386
sol	124
T	1
cut	4
Partition 0	380,385,384
Partition 1	378,382,379,381
Partition 2	388,389,383,390,391,387,386
sol	125
T	2
cut	5
Partition 0	380,385,384,386,391,387,390
Partition 1	378,382,379,381
Partition 2	388,389,383
sol	126
T	2
cut	4
Partition 0	380,385,384,386,379
Partition 1	378,382,383
Partition 2	388,389,381,390,391,387
sol	127
T	2
cut	4
Partition 0	380,385,384,379
Partition 1	378,382,387,383,386
Partition 2	388,389,381,390,391
sol	128
T	2
cut	4
Partition 0	380,385,384,383
Partition 1	378,382,379
Partition 2	388,389,381,390,391,387,386
sol	129
T	2
cut	4
Partition 0	380,385,384
Partition 1	378,382,379,383,386
Partition 2	388,389,381,390,391,387
sol	130
T	1
cut	3
Partition 0	380,385,384
Partition 1	378,382,379,383
Partition 2	388,389,381,390,391,387,386
sol	131
T	1
cut	3
Partition 0	380,385,384,386,391,387,390
Partition 1	378,382,379,383
Partition 2	388,389,381
sol	132
T	2
cut	3
Partition 0	380,385,384,386,391,387
Partition 1	378,382,379,383,390
Partition 2	388,389,381
sol	133
T	2
cut	4
Partition 0	385,384,386,389
Partition 1	391,378,382,379,387,383,390
Partition 2	388,381,380
sol	134
T	2
cut	4
Partition 0	385,384,386,378
Partition 1	391,382,379,387,383,390
Partition 2	388,389,381,380
sol	135
T	2
cut	4
Partition 0	385,384,386
Partition 1	391,382,379,387,383,390
Partition 2	388,389,381,380,378
sol	136
T	2
cut	4
Partition 0	385,384,386,379
Partition 1	391,378,382,387,383,390
Partition 2	388,389,381,380
sol	137
T	2
cut	4
Partition 0	385,384,386
Partition 1	391,378,382,387,383,390
Partition 2	388,389,381,380,379
sol	138
T	2
cut	4
Partition 0	380,385,384,386,389
Partition 1	391,382,379,387,383,390
Partition 2	388,381,378
sol	139
T	1
cut	3
Partition 0	380,385,384,386
Partition 1	391,382,379,387,389,383,390
Partition 2	388,381,378
sol	140
T	2
cut	4
Partition 0	380,385,386,389
Partition 1	391,378,382,379,387,383,390
Partition 2	388,381,384
sol	141
T	2
cut	4
Partition 0	380,385,384,386,389
Partition 1	391,378,382,387,383,390
Partition 2	388,381,379
sol	142
T	1
cut	3
Partition 0	380,385,384,386
Partition 1	391,378,382,387,389,383,390
Partition 2	388,381,379
sol	143
T	2
cut	4
Partition 0	380,385,386,378
Partition 1	391,382,379,387,383,390
Partition 2	388,389,381,384
sol	144
T	2
cut	4
Partition 0	380,385,386
Partition 1	391,382,379,387,383,390
Partition 2	388,389,381,378,384
sol	145
T	2
cut	4
Partition 0	380,385,384,378,382,379
Partition 1	391,387,386
Partition 2	388,389,381,383,390
sol	146
T	2
cut	5
Partition 0	380,385,384,378,379
Partition 1	391,387,386
Partition 2	388,389,381,383,390,382
sol	147
T	2
cut	4
Partition 0	380,385,384,378
Partition 1	391,387,386
Partition 2	388,389,381,383,390,382,379
sol	148
T	2
cut	4
Partition 0	380,385,384,379
Partition 1	391,387,386
Partition 2	388,389,381,383,390,378,382
sol	149
T	2
cut	5
Partition 0	380,385,384,386,378,382,379
Partition 1	391,387,390
Partition 2	388,389,381,383
sol	150
T	2
cut	5
Partition 0	380,385,384,386,378
Partition 1	391,387,390
Partition 2	388,389,381,383,382,379
sol	151
T	2
cut	5
Partition 0	380,385,384,386,379
Partition 1	391,387,390
Partition 2	388,389,381,383,378,382
sol	152
T	1
cut	4
Partition 0	380,385,384,386
Partition 1	391,387,390
Partition 2	388,389,381,383,378,382,379
sol	153
T	2
cut	4
Partition 0	380,385,384,386,381
Partition 1	391,382,379,387,383,390
Partition 2	388,389,378
sol	154
T	1
cut	4
Partition 0	380,385,384,386,378,379
Partition 1	391,382,387,383,390
Partition 2	388,389,381
sol	155
T	1
cut	4
Partition 0	380,385,384,386,378
Partition 1	391,382,387,383,390
Partition 2	388,389,381,379
sol	156
T	1
cut	4
Partition 0	380,385,384,386,379
Partition 1	391,382,387,383,390
Partition 2	388,389,381,378
sol	157
T	1
cut	4
Partition 0	380,385,384,386
Partition 1	391,382,387,383,390
Partition 2	388,389,381,378,379
sol	158
T	1
cut	3
Partition 0	380,385,384,378
Partition 1	391,382,379,387,383,386,390
Partition 2	388,389,381
sol	159
T	2
cut	4
Partition 0	380,385,384,378
Partition 1	391,382,379,387,383,390
Partition 2	388,389,381,386
sol	160
T	1
cut	3
Partition 0	380,385,384
Partition 1	391,382,379,387,383,386,390
Partition 2	388,389,381,378
sol	161
T	2
cut	4
Partition 0	380,385,384
Partition 1	391,382,379,387,383,390
Partition 2	388,389,381,378,386
sol	162
T	2
cut	4
Partition 0	380,385,386,379
Partition 1	391,378,382,387,383,390
Partition 2	388,389,381,384
sol	163
T	2
cut	4
Partition 0	380,385,386
Partition 1	391,378,382,387,383,390
Partition 2	388,389,381,384,379
sol	164
T	2
cut	4
Partition 0	380,385,384,386,381
Partition 1	391,378,382,387,383,390
Partition 2	388,389,379
sol	165
T	2
cut	4
Partition 0	380,385,384,381
Partition 1	391,378,382,379,387,383,390
Partition 2	388,389,386
sol	166
T	1
cut	3
Partition 0	380,385,384,379
Partition 1	391,378,382,387,383,386,390
Partition 2	388,389,381
sol	167
T	2
cut	4
Partition 0	380,385,384,379
Partition 1	391,378,382,387,383,390
Partition 2	388,389,381,386
sol	168
T	1
cut	3
Partition 0	380,385,384
Partition 1	391,378,382,387,383,386,390
Partition 2	388,389,381,379
sol	169
T	2
cut	4
Partition 0	380,385,384
Partition 1	391,378,382,387,383,390
Partition 2	388,389,381,379,386
sol	170
T	2
cut	5
Partition 0	385,384,386,391,387
Partition 1	378,382,379,380,388,381
Partition 2	389,383,390
sol	171
T	2
cut	5
Partition 0	385,384,386,391,387
Partition 1	378,382,379,388,381
Partition 2	389,383,390,380
sol	172
T	2
cut	5
Partition 0	385,384,386,388,381,387
Partition 1	378,382,379,380
Partition 2	389,383,390,391
sol	173
T	2
cut	5
Partition 0	385,384,386,388,381
Partition 1	378,382,379,380
Partition 2	389,383,390,391,387
sol	174
T	2
cut	6
Partition 0	385,384,386,388
Partition 1	378,382,379,380,381
Partition 2	389,383,390,391,387
sol	175
T	2
cut	5
Partition 0	385,384,386,387
Partition 1	378,382,379,380,388,381
Partition 2	389,383,390,391
sol	176
T	2
cut	5
Partition 0	385,384,386
Partition 1	378,382,379,380,388,381
Partition 2	389,383,390,391,387
sol	177
T	2
cut	4
Partition 0	386,391,387
Partition 1	378,382,379,380,385,384
Partition 2	388,389,381,383,390
sol	178
T	2
cut	5
Partition 0	386,391,387
Partition 1	378,382,379,380
Partition 2	388,389,381,383,390,385,384
sol	179
T	2
cut	5
Partition 0	386,391,387
Partition 1	378,382,379,384
Partition 2	388,389,381,383,390,380,385
sol	180
T	2
cut	5
Partition 0	385,384,386,391,389,387,390
Partition 1	378,382,379,380
Partition 2	388,381,383
sol	181
T	2
cut	5
Partition 0	385,384,386,391,389,387,390
Partition 1	378,382,379
Partition 2	388,381,383,380
sol	182
T	2
cut	6
Partition 0	385,386,391,387
Partition 1	378,379,380,384
Partition 2	388,389,381,383,390,382
sol	183
T	2
cut	6
Partition 0	385,386,391,387
Partition 1	378,382,379,380,381
Partition 2	388,389,383,390,384
sol	184
T	2
cut	6
Partition 0	385,386,391,387
Partition 1	378,382,379,384,381
Partition 2	388,389,383,390,380
sol	185
T	2
cut	6
Partition 0	385,386,381
Partition 1	378,382,379,380,384
Partition 2	388,389,383,390,391,387
sol	186
T	2
cut	5
Partition 0	385,386,391,387
Partition 1	378,382,379,380,384,383
Partition 2	388,389,381,390
sol	187
T	2
cut	5
Partition 0	385,386,391,387
Partition 1	378,382,379,380,383
Partition 2	388,389,381,390,384
sol	188
T	2
cut	5
Partition 0	385,386,391,387
Partition 1	378,382,379,384,383
Partition 2	388,389,381,390,380
sol	189
T	2
cut	5
Partition 0	385,386,391,387
Partition 1	378,382,379,383
Partition 2	388,389,381,390,380,384
sol	190
T	2
cut	5
Partition 0	385,386,387
Partition 1	378,382,379,380,384,383
Partition 2	388,389,381,390,391
sol	191
T	2
cut	5
Partition 0	385,384,386,381
Partition 1	378,379,380
Partition 2	388,389,383,390,391,382,387
sol	192
T	2
cut	5
Partition 0	385,384,386
Partition 1	378,379,380,381
Partition 2	388,389,383,390,391,382,387
sol	193
T	2
cut	5
Partition 0	385,384,386,391,387
Partition 1	378,382,379,380,381,383
Partition 2	388,389,390
sol	194
T	2
cut	5
Partition 0	385,384,386,391,387
Partition 1	378,382,379,381,383
Partition 2	388,389,390,380
sol	195
T	2
cut	5
Partition 0	385,384,386,381,387
Partition 1	378,382,379,380,383
Partition 2	388,389,390,391
sol	196
T	2
cut	5
Partition 0	385,384,386,381
Partition 1	378,382,379,380,383
Partition 2	388,389,390,391,387
sol	197
T	2
cut	6
Partition 0	385,384,386,383
Partition 1	378,382,379,380,381
Partition 2	388,389,390,391,387
sol	198
T	2
cut	5
Partition 0	385,384,386,387
Partition 1	378,382,379,380,381,383
Partition 2	388,389,390,391
sol	199
T	2
cut	5
Partition 0	385,384,386
Partition 1	378,382,379,380,381,383
Partition 2	388,389,390,391,387
sol	200
T	2
cut	5
Partition 0	385,384,381
Partition 1	378,382,379,380
Partition 2	388,389,383,390,391,387,386
sol	201
T	2
cut	6
Partition 0	385,384,386,391,387,390
Partition 1	378,382,379,380,381
Partition 2	388,389,383
sol	202
T	2
cut	5
Partition 0	385,384,383
Partition 1	378,382,379,380
Partition 2	388,389,381,390,391,387,386
sol	203
T	1
cut	4
Partition 0	385,384,386,391,383,387,390
Partition 1	378,382,379,380
Partition 2	388,389,381
sol	204
T	1
cut	4
Partition 0	385,384,386,391,387,390
Partition 1	378,382,379,380,383
Partition 2	388,389,381
sol	205
T	2
cut	4
Partition 0	385,384,386,391,387
Partition 1	378,382,379,380,383,390
Partition 2	388,389,381
sol	206
T	1
cut	4
Partition 0	385,384,386,391,383,387,390
Partition 1	378,382,379
Partition 2	388,389,381,380
sol	207
T	1
cut	4
Partition 0	385,384,386,391,387,390
Partition 1	378,382,379,383
Partition 2	388,389,381,380
sol	208
T	2
cut	4
Partition 0	385,384,386,391,387
Partition 1	378,382,379,383,390
Partition 2	388,389,381,380
sol	209
T	2
cut	5
Partition 0	380,384,388,381
Partition 1	378,382,379,387,385,386
Partition 2	389,383,390,391
sol	210
T	1
cut	4
Partition 0	380,385,384,386,388,389,381
Partition 1	378,382,379
Partition 2	383,390,391,387
sol	211
T	2
cut	5
Partition 0	380,385,384,386,388,389,387
Partition 1	378,382,379,381
Partition 2	383,390,391
sol	212
T	2
cut	5
Partition 0	380,385,384,386,388,389
Partition 1	378,382,379,381
Partition 2	383,390,391,387
sol	213
T	2
cut	5
Partition 0	380,385,384,386,388,381
Partition 1	378,382,379,389
Partition 2	383,390,391,387
sol	214
T	2
cut	5
Partition 0	380,385,384,386,389,387
Partition 1	378,382,379,388,381
Partition 2	383,390,391
sol	215
T	2
cut	5
Partition 0	380,385,384,386,389
Partition 1	378,382,379,388,381
Partition 2	383,390,391,387
sol	216
T	2
cut	5
Partition 0	380,385,384,386,381
Partition 1	378,382,379,388,389
Partition 2	383,390,391,387
sol	217
T	2
cut	4
Partition 0	380,385,384,386,387
Partition 1	378,382,379,388,389,381
Partition 2	383,390,391
sol	218
T	1
cut	4
Partition 0	380,385,384,386
Partition 1	378,382,379,388,389,381
Partition 2	383,390,391,387
sol	219
T	2
cut	4
Partition 0	380,385,384,388,389,381
Partition 1	378,382,379,387,386
Partition 2	383,390,391
sol	220
T	2
cut	5
Partition 0	380,385,384,386,388,378,381
Partition 1	382,379,387,383
Partition 2	389,390,391
sol	221
T	2
cut	5
Partition 0	380,385,384,386,378
Partition 1	382,379,388,381
Partition 2	389,383,390,391,387
sol	222
T	2
cut	5
Partition 0	380,385,384,388,378,381
Partition 1	382,379,387,386
Partition 2	389,383,390,391
sol	223
T	2
cut	5
Partition 0	380,385,386,391,387
Partition 1	378,382,379,388,384,381
Partition 2	389,383,390
sol	224
T	2
cut	5
Partition 0	380,385,386,391,387
Partition 1	378,382,379,388,381
Partition 2	389,383,390,384
sol	225
T	2
cut	5
Partition 0	380,385,386,388,381,387
Partition 1	378,382,379,384
Partition 2	389,383,390,391
sol	226
T	2
cut	5
Partition 0	380,385,386,388,381
Partition 1	378,382,379,384
Partition 2	389,383,390,391,387
sol	227
T	2
cut	6
Partition 0	380,385,386,388
Partition 1	378,382,379,384,381
Partition 2	389,383,390,391,387
sol	228
T	2
cut	5
Partition 0	380,385,386,387
Partition 1	378,382,379,388,384,381
Partition 2	389,383,390,391
sol	229
T	2
cut	5
Partition 0	380,385,386
Partition 1	378,382,379,388,384,381
Partition 2	389,383,390,391,387
sol	230
T	2
cut	5
Partition 0	380,385,384,386,388
Partition 1	378,379,381
Partition 2	389,383,390,391,382,387
sol	231
T	2
cut	5
Partition 0	380,385,384,386,382,387
Partition 1	378,379,388,381
Partition 2	389,383,390,391
sol	232
T	2
cut	5
Partition 0	380,385,384,386,381
Partition 1	378,379,388
Partition 2	389,383,390,391,382,387
sol	233
T	1
cut	4
Partition 0	380,385,384,386
Partition 1	378,379,388,381
Partition 2	389,383,390,391,382,387
sol	234
T	2
cut	5
Partition 0	380,385,384,386,388,381,379
Partition 1	378,382,387,383
Partition 2	389,390,391
sol	235
T	2
cut	5
Partition 0	380,385,384,386,379
Partition 1	378,382,388,381
Partition 2	389,383,390,391,387
sol	236
T	2
cut	5
Partition 0	380,385,384,388,381,379
Partition 1	378,382,387,386
Partition 2	389,383,390,391
sol	237
T	2
cut	5
Partition 0	380,385,384,386,388,381,383
Partition 1	378,382,379
Partition 2	389,390,391,387
sol	238
T	2
cut	4
Partition 0	380,385,384,386,388,381,387
Partition 1	378,382,379,383
Partition 2	389,390,391
sol	239
T	1
cut	4
Partition 0	380,385,384,386,388,381
Partition 1	378,382,379,383
Partition 2	389,390,391,387
sol	240
T	2
cut	5
Partition 0	380,385,384,386,388,387
Partition 1	378,382,379,381,383
Partition 2	389,390,391
sol	241
T	2
cut	5
Partition 0	380,385,384,386,388
Partition 1	378,382,379,381,383
Partition 2	389,390,391,387
sol	242
T	2
cut	5
Partition 0	380,385,384,386,381
Partition 1	378,382,379,388,383
Partition 2	389,390,391,387
sol	243
T	2
cut	5
Partition 0	380,385,384,386,383,387
Partition 1	378,382,379,388,381
Partition 2	389,390,391
sol	244
T	2
cut	5
Partition 0	380,385,384,386,383
Partition 1	378,382,379,388,381
Partition 2	389,390,391,387
sol	245
T	2
cut	4
Partition 0	380,385,384,386,387
Partition 1	378,382,379,388,381,383
Partition 2	389,390,391
sol	246
T	1
cut	4
Partition 0	380,385,384,386
Partition 1	378,382,379,388,381,383
Partition 2	389,390,391,387
sol	247
T	2
cut	4
Partition 0	380,385,384,388,381
Partition 1	378,382,379,387,383,386
Partition 2	389,390,391
sol	248
T	2
cut	5
Partition 0	380,385,384,388,381
Partition 1	378,382,379,386
Partition 2	389,383,390,391,387
sol	249
T	1
cut	4
Partition 0	380,385,384,388,381
Partition 1	378,382,379
Partition 2	389,383,390,391,387,386
sol	250
T	2
cut	5
Partition 0	380,385,384,388
Partition 1	378,382,379,381
Partition 2	389,383,390,391,387,386
sol	251
T	2
cut	5
Partition 0	380,385,384,381
Partition 1	378,382,379,388
Partition 2	389,383,390,391,387,386
sol	252
T	1
cut	4
Partition 0	380,385,384
Partition 1	378,382,379,388,381
Partition 2	389,383,390,391,387,386
sol	253
T	2
cut	5
Partition 0	380,384,381
Partition 1	378,382,379,387,385,383,386
Partition 2	388,389,390,391
sol	254
T	2
cut	5
Partition 0	380,385,386,391,389,387,390
Partition 1	378,382,379,384
Partition 2	388,381,383
sol	255
T	2
cut	5
Partition 0	380,385,386,391,389,387,390
Partition 1	378,382,379
Partition 2	388,381,383,384
sol	256
T	2
cut	5
Partition 0	380,385,384,386,378,381
Partition 1	382,379,383
Partition 2	388,389,390,391,387
sol	257
T	2
cut	5
Partition 0	380,385,384,386,378
Partition 1	382,379,381,383
Partition 2	388,389,390,391,387
sol	258
T	2
cut	5
Partition 0	380,385,384,378,381
Partition 1	382,379,387,383,386
Partition 2	388,389,390,391
sol	259
T	2
cut	5
Partition 0	380,385,384,378
Partition 1	382,379,381
Partition 2	388,389,383,390,391,387,386
sol	260
T	2
cut	4
Partition 0	380,385,384,378
Partition 1	382,379,383
Partition 2	388,389,381,390,391,387,386
sol	261
T	2
cut	4
Partition 0	380,385,384,386,391,387,390
Partition 1	382,379,383
Partition 2	388,389,381,378
sol	262
T	2
cut	4
Partition 0	380,385,384,386,391,387
Partition 1	382,379,383,390
Partition 2	388,389,381,378
sol	263
T	2
cut	5
Partition 0	380,385,386,381
Partition 1	378,379,384
Partition 2	388,389,383,390,391,382,387
sol	264
T	2
cut	5
Partition 0	380,385,386
Partition 1	378,379,384,381
Partition 2	388,389,383,390,391,382,387
sol	265
T	2
cut	5
Partition 0	380,385,386,391,387
Partition 1	378,382,379,384,381,383
Partition 2	388,389,390
sol	266
T	2
cut	5
Partition 0	380,385,386,391,387
Partition 1	378,382,379,381,383
Partition 2	388,389,390,384
sol	267
T	2
cut	5
Partition 0	380,385,386,381,387
Partition 1	378,382,379,384,383
Partition 2	388,389,390,391
sol	268
T	2
cut	5
Partition 0	380,385,386,381
Partition 1	378,382,379,384,383
Partition 2	388,389,390,391,387
sol	269
T	2
cut	6
Partition 0	380,385,386,383
Partition 1	378,382,379,384,381
Partition 2	388,389,390,391,387
sol	270
T	2
cut	5
Partition 0	380,385,386,387
Partition 1	378,382,379,384,381,383
Partition 2	388,389,390,391
sol	271
T	2
cut	5
Partition 0	380,385,386
Partition 1	378,382,379,384,381,383
Partition 2	388,389,390,391,387
sol	272
T	2
cut	5
Partition 0	380,385,381
Partition 1	378,382,379,384
Partition 2	388,389,383,390,391,387,386
sol	273
T	2
cut	6
Partition 0	380,385,386,391,387,390
Partition 1	378,382,379,384,381
Partition 2	388,389,383
sol	274
T	2
cut	5
Partition 0	380,385,383
Partition 1	378,382,379,384
Partition 2	388,389,381,390,391,387,386
sol	275
T	1
cut	4
Partition 0	380,385,386,391,383,387,390
Partition 1	378,382,379,384
Partition 2	388,389,381
sol	276
T	1
cut	4
Partition 0	380,385,386,391,387,390
Partition 1	378,382,379,384,383
Partition 2	388,389,381
sol	277
T	2
cut	4
Partition 0	380,385,386,391,387
Partition 1	378,382,379,384,383,390
Partition 2	388,389,381
sol	278
T	1
cut	4
Partition 0	380,385,386,391,383,387,390
Partition 1	378,382,379
Partition 2	388,389,381,384
sol	279
T	1
cut	4
Partition 0	380,385,386,391,387,390
Partition 1	378,382,379,383
Partition 2	388,389,381,384
sol	280
T	2
cut	4
Partition 0	380,385,386,391,387
Partition 1	378,382,379,383,390
Partition 2	388,389,381,384
sol	281
T	2
cut	5
Partition 0	380,385,384,386,382,383,387
Partition 1	378,379,381
Partition 2	388,389,390,391
sol	282
T	2
cut	5
Partition 0	380,385,384,381
Partition 1	378,379,386
Partition 2	388,389,383,390,391,382,387
sol	283
T	2
cut	5
Partition 0	380,385,384,386,381,379
Partition 1	378,382,383
Partition 2	388,389,390,391,387
sol	284
T	2
cut	5
Partition 0	380,385,384,386,379
Partition 1	378,382,381,383
Partition 2	388,389,390,391,387
sol	285
T	2
cut	5
Partition 0	380,385,384,381,379
Partition 1	378,382,387,383,386
Partition 2	388,389,390,391
sol	286
T	2
cut	5
Partition 0	380,385,384,379
Partition 1	378,382,381
Partition 2	388,389,383,390,391,387,386
sol	287
T	2
cut	5
Partition 0	380,385,384,381,383
Partition 1	378,382,379
Partition 2	388,389,390,391,387,386
sol	288
T	2
cut	5
Partition 0	380,385,384,381
Partition 1	378,382,379,383,386
Partition 2	388,389,390,391,387
sol	289
T	1
cut	4
Partition 0	380,385,384,381
Partition 1	378,382,379,383
Partition 2	388,389,390,391,387,386
sol	290
T	2
cut	5
Partition 0	380,385,384,383
Partition 1	378,382,379,381
Partition 2	388,389,390,391,387,386
sol	291
T	1
cut	4
Partition 0	380,385,384
Partition 1	378,382,379,381,383
Partition 2	388,389,390,391,387,386
sol	292
T	2
cut	4
Partition 0	380,385,384,379
Partition 1	378,382,383
Partition 2	388,389,381,390,391,387,386
sol	293
T	2
cut	4
Partition 0	380,385,384,386,391,387,390
Partition 1	378,382,383
Partition 2	388,389,381,379
sol	294
T	2
cut	4
Partition 0	380,385,384,386,391,387
Partition 1	378,382,383,390
Partition 2	388,389,381,379
sol	295
T	2
cut	5
Partition 0	385,384,386,389
Partition 1	391,382,379,387,383,390
Partition 2	388,381,380,378
sol	296
T	2
cut	4
Partition 0	385,384,386,378
Partition 1	391,382,379,387,389,383,390
Partition 2	388,381,380
sol	297
T	2
cut	4
Partition 0	385,384,386
Partition 1	391,382,379,387,389,383,390
Partition 2	388,381,380,378
sol	298
T	2
cut	5
Partition 0	385,384,386,389
Partition 1	391,378,382,387,383,390
Partition 2	388,381,380,379
sol	299
T	2
cut	4
Partition 0	385,384,386,379
Partition 1	391,378,382,387,389,383,390
Partition 2	388,381,380
sol	300
T	2
cut	4
Partition 0	385,384,386
Partition 1	391,378,382,387,389,383,390
Partition 2	388,381,380,379
sol	301
T	2
cut	5
Partition 0	385,386,378
Partition 1	391,382,379,387,383,390
Partition 2	388,389,381,380,384
sol	302
T	2
cut	5
Partition 0	385,384,386,378,379
Partition 1	391,382,387,383,390
Partition 2	388,389,381,380
sol	303
T	2
cut	5
Partition 0	385,384,386,378
Partition 1	391,382,387,383,390
Partition 2	388,389,381,380,379
sol	304
T	2
cut	5
Partition 0	385,384,386,379
Partition 1	391,382,387,383,390
Partition 2	388,389,381,380,378
sol	305
T	2
cut	5
Partition 0	385,384,386
Partition 1	391,382,387,383,390
Partition 2	388,389,381,380,378,379
sol	306
T	2
cut	4
Partition 0	385,384,378
Partition 1	391,382,379,387,383,386,390
Partition 2	388,389,381,380
sol	307
T	2
cut	5
Partition 0	385,386,379
Partition 1	391,378,382,387,383,390
Partition 2	388,389,381,380,384
sol	308
T	2
cut	4
Partition 0	385,384,379
Partition 1	391,378,382,387,383,386,390
Partition 2	388,389,381,380
sol	309
T	2
cut	5
Partition 0	380,384,378,382,379
Partition 1	391,387,385,386
Partition 2	388,389,381,383,390
sol	310
T	2
cut	6
Partition 0	380,384,378,379
Partition 1	391,387,385,386
Partition 2	388,389,381,383,390,382
sol	311
T	2
cut	5
Partition 0	380,384,378
Partition 1	391,387,385,386
Partition 2	388,389,381,383,390,382,379
sol	312
T	2
cut	5
Partition 0	380,384,379
Partition 1	391,387,385,386
Partition 2	388,389,381,383,390,378,382
sol	313
T	2
cut	5
Partition 0	380,384,378
Partition 1	391,382,379,387,383,386,390
Partition 2	388,389,381,385
sol	314
T	2
cut	5
Partition 0	380,384,378
Partition 1	391,382,379,387,383,390
Partition 2	388,389,381,385,386
sol	315
T	2
cut	5
Partition 0	380,384,379
Partition 1	391,378,382,387,383,386,390
Partition 2	388,389,381,385
sol	316
T	2
cut	5
Partition 0	380,384,379
Partition 1	391,378,382,387,383,390
Partition 2	388,389,381,385,386
sol	317
T	2
cut	5
Partition 0	380,385,386,389
Partition 1	391,382,379,387,383,390
Partition 2	388,381,378,384
sol	318
T	2
cut	4
Partition 0	380,385,386,378
Partition 1	391,382,379,387,389,383,390
Partition 2	388,381,384
sol	319
T	2
cut	4
Partition 0	380,385,386
Partition 1	391,382,379,387,389,383,390
Partition 2	388,381,378,384
sol	320
T	2
cut	5
Partition 0	380,385,384,386,389
Partition 1	391,387,390
Partition 2	388,381,383,378,382,379
sol	321
T	2
cut	5
Partition 0	380,385,384,386,378,382,379
Partition 1	391,387,389,390
Partition 2	388,381,383
sol	322
T	2
cut	5
Partition 0	380,385,384,386,378
Partition 1	391,387,389,390
Partition 2	388,381,383,382,379
sol	323
T	2
cut	5
Partition 0	380,385,384,386,379
Partition 1	391,387,389,390
Partition 2	388,381,383,378,382
sol	324
T	1
cut	4
Partition 0	380,385,384,386
Partition 1	391,387,389,390
Partition 2	388,381,383,378,382,379
sol	325
T	2
cut	5
Partition 0	380,385,384,386,389,378
Partition 1	391,382,387,383,390
Partition 2	388,381,379
sol	326
T	2
cut	5
Partition 0	380,385,384,386,389,379
Partition 1	391,382,387,383,390
Partition 2	388,381,378
sol	327
T	2
cut	5
Partition 0	380,385,384,386,389
Partition 1	391,382,387,383,390
Partition 2	388,381,378,379
sol	328
T	1
cut	4
Partition 0	380,385,384,386,378
Partition 1	391,382,387,389,383,390
Partition 2	388,381,379
sol	329
T	1
cut	4
Partition 0	380,385,384,386,379
Partition 1	391,382,387,389,383,390
Partition 2	388,381,378
sol	330
T	1
cut	4
Partition 0	380,385,384,386
Partition 1	391,382,387,389,383,390
Partition 2	388,381,378,379
sol	331
T	2
cut	4
Partition 0	380,385,384,389
Partition 1	391,382,379,387,383,386,390
Partition 2	388,381,378
sol	332
T	2
cut	4
Partition 0	380,385,384,378
Partition 1	391,382,379,387,389,383,390
Partition 2	388,381,386
sol	333
T	2
cut	4
Partition 0	380,385,384
Partition 1	391,382,379,387,389,383,390
Partition 2	388,381,378,386
sol	334
T	2
cut	5
Partition 0	380,385,386,389
Partition 1	391,378,382,387,383,390
Partition 2	388,381,384,379
sol	335
T	2
cut	4
Partition 0	380,385,386,379
Partition 1	391,378,382,387,389,383,390
Partition 2	388,381,384
sol	336
T	2
cut	4
Partition 0	380,385,386
Partition 1	391,378,382,387,389,383,390
Partition 2	388,381,384,379
sol	337
T	2
cut	4
Partition 0	380,385,384,389
Partition 1	391,378,382,387,383,386,390
Partition 2	388,381,379
sol	338
T	2
cut	4
Partition 0	380,385,384,379
Partition 1	391,378,382,387,389,383,390
Partition 2	388,381,386
sol	339
T	2
cut	4
Partition 0	380,385,384
Partition 1	391,378,382,387,389,383,390
Partition 2	388,381,379,386
sol	340
T	2
cut	5
Partition 0	380,385,386,378,379
Partition 1	391,382,387,383,390
Partition 2	388,389,381,384
sol	341
T	2
cut	5
Partition 0	380,385,386,378
Partition 1	391,382,387,383,390
Partition 2	388,389,381,384,379
sol	342
T	2
cut	5
Partition 0	380,385,386,379
Partition 1	391,382,387,383,390
Partition 2	388,389,381,378,384
sol	343
T	2
cut	5
Partition 0	380,385,386
Partition 1	391,382,387,383,390
Partition 2	388,389,381,378,384,379
sol	344
T	2
cut	4
Partition 0	380,385,378
Partition 1	391,382,379,387,383,386,390
Partition 2	388,389,381,384
sol	345
T	2
cut	5
Partition 0	380,385,384,378,382,381,379
Partition 1	391,387,386
Partition 2	388,389,383,390
sol	346
T	2
cut	5
Partition 0	380,385,384,378,381
Partition 1	391,387,386
Partition 2	388,389,383,390,382,379
sol	347
T	2
cut	5
Partition 0	380,385,384,381,379
Partition 1	391,387,386
Partition 2	388,389,383,390,378,382
sol	348
T	2
cut	4
Partition 0	380,385,384,381
Partition 1	391,387,386
Partition 2	388,389,383,390,378,382,379
sol	349
T	2
cut	5
Partition 0	380,385,384,386,381
Partition 1	391,387,390
Partition 2	388,389,383,378,382,379
sol	350
T	2
cut	4
Partition 0	380,385,384,378,382,379,383
Partition 1	391,387,386
Partition 2	388,389,381,390
sol	351
T	1
cut	4
Partition 0	380,385,384,386,378,382,379
Partition 1	391,387,383,390
Partition 2	388,389,381
sol	352
T	2
cut	5
Partition 0	380,385,384,386,378,382,383
Partition 1	391,387,390
Partition 2	388,389,381,379
sol	353
T	2
cut	5
Partition 0	380,385,384,386,378,382
Partition 1	391,387,383,390
Partition 2	388,389,381,379
sol	354
T	2
cut	5
Partition 0	380,385,384,386,378
Partition 1	391,387,383,390
Partition 2	388,389,381,382,379
sol	355
T	2
cut	5
Partition 0	380,385,384,386,382,379,383
Partition 1	391,387,390
Partition 2	388,389,381,378
sol	356
T	2
cut	5
Partition 0	380,385,384,386,382,379
Partition 1	391,387,383,390
Partition 2	388,389,381,378
sol	357
T	2
cut	5
Partition 0	380,385,384,386,379
Partition 1	391,387,383,390
Partition 2	388,389,381,378,382
sol	358
T	2
cut	5
Partition 0	380,385,384,386,383
Partition 1	391,387,390
Partition 2	388,389,381,378,382,379
sol	359
T	1
cut	4
Partition 0	380,385,384,386
Partition 1	391,387,383,390
Partition 2	388,389,381,378,382,379
sol	360
T	2
cut	5
Partition 0	380,385,384,378,382,379
Partition 1	391,387,386,390
Partition 2	388,389,381,383
sol	361
T	2
cut	5
Partition 0	380,385,384,378
Partition 1	391,387,386,390
Partition 2	388,389,381,383,382,379
sol	362
T	2
cut	5
Partition 0	380,385,384,379
Partition 1	391,387,386,390
Partition 2	388,389,381,383,378,382
sol	363
T	2
cut	5
Partition 0	380,385,384,390
Partition 1	391,387,386
Partition 2	388,389,381,383,378,382,379
sol	364
T	1
cut	4
Partition 0	380,385,384
Partition 1	391,387,386,390
Partition 2	388,389,381,383,378,382,379
sol	365
T	2
cut	5
Partition 0	380,385,384,386,378,381
Partition 1	391,382,387,383,390
Partition 2	388,389,379
sol	366
T	2
cut	5
Partition 0	380,385,384,386,381,379
Partition 1	391,382,387,383,390
Partition 2	388,389,378
sol	367
T	2
cut	5
Partition 0	380,385,384,386,381
Partition 1	391,382,387,383,390
Partition 2	388,389,378,379
sol	368
T	2
cut	5
Partition 0	380,385,384,378,381
Partition 1	391,382,379,387,383,390
Partition 2	388,389,386
sol	369
T	2
cut	4
Partition 0	380,385,384,381
Partition 1	391,382,379,387,383,386,390
Partition 2	388,389,378
sol	370
T	1
cut	4
Partition 0	380,385,384,378,379
Partition 1	391,382,387,383,386,390
Partition 2	388,389,381
sol	371
T	2
cut	5
Partition 0	380,385,384,378,379
Partition 1	391,382,387,383,390
Partition 2	388,389,381,386
sol	372
T	1
cut	4
Partition 0	380,385,384,378
Partition 1	391,382,387,383,386,390
Partition 2	388,389,381,379
sol	373
T	2
cut	5
Partition 0	380,385,384,378
Partition 1	391,382,387,383,390
Partition 2	388,389,381,379,386
sol	374
T	1
cut	4
Partition 0	380,385,384,379
Partition 1	391,382,387,383,386,390
Partition 2	388,389,381,378
sol	375
T	2
cut	5
Partition 0	380,385,384,379
Partition 1	391,382,387,383,390
Partition 2	388,389,381,378,386
sol	376
T	1
cut	4
Partition 0	380,385,384
Partition 1	391,382,387,383,386,390
Partition 2	388,389,381,378,379
sol	377
T	2
cut	4
Partition 0	380,385,379
Partition 1	391,378,382,387,383,386,390
Partition 2	388,389,381,384
sol	378
T	2
cut	5
Partition 0	380,385,384,381,379
Partition 1	391,378,382,387,383,390
Partition 2	388,389,386
sol	379
T	2
cut	4
Partition 0	380,385,384,381
Partition 1	391,378,382,387,383,386,390
Partition 2	388,389,379
