path	1
T	NA
cut	45
Partition 0	3546,3550,3545
Partition 1	3541,3543,3542,3544
Partition 2	3533,3532,3564,3565
Partition 3	3547,3548,3549,3560
Partition 4	3559,3524,3566
Partition 5	3557,3558,3554,3556
Partition 6	3534,3551,3535,3536,3552
Partition 7	3553,3594,3593
Partition 8	3567,3580,3592,3520,3581
Partition 9	3537
Partition 10	3539,3538,3540
Partition 11	3527,3526,3591
Partition 12	3528,3523,3529
Partition 13	3575,3576,3563,3561,3562
Partition 14	3570,3571,3585
Partition 15	3588,3586,3589,3590
Partition 16	3577,3578,3574,3579
Partition 17	3522,3530,3531,3587,3521
Partition 18	3584,3582,3583
Partition 19	3568,3555,3525
Partition 20	3569,3572,3573
path	2
T	NA
cut	46
Partition 0	3546,3550,3545
Partition 1	3541,3543,3542,3544
Partition 2	3533,3532,3564,3565
Partition 3	3547,3548,3549,3560
Partition 4	3559,3524,3566
Partition 5	3557,3558,3554,3556
Partition 6	3534,3551,3535,3536,3552
Partition 7	3553,3594,3593
Partition 8	3567,3580,3592,3520,3581
Partition 9	3569,3568,3555
Partition 10	3539,3538,3540
Partition 11	3527,3526
Partition 12	3528,3523,3529
Partition 13	3575,3576,3563,3561,3562
Partition 14	3585,3584
Partition 15	3588,3586,3589,3591,3590
Partition 16	3577,3578,3574,3579
Partition 17	3522,3530,3531,3587,3521
Partition 18	3572,3573
Partition 19	3570,3571
Partition 21	3537
Partition 23	3582,3583,3525
path	3
T	NA
cut	48
Partition 0	3546,3550,3545
Partition 1	3541,3543,3542,3544
Partition 2	3533,3532,3564,3565
Partition 3	3547,3548,3549,3560
Partition 4	3559,3524,3566
Partition 5	3557,3558,3554,3556
Partition 6	3534,3551,3535,3536,3552
Partition 7	3553,3594,3593
Partition 8	3567,3580,3592,3520,3581
Partition 9	3569,3572,3568,3573,3555
Partition 10	3539,3538,3540
Partition 11	3522,3527
Partition 12	3528,3523,3529
Partition 13	3575,3576,3563,3561,3562
Partition 14	3570,3571
Partition 15	3585,3588,3586,3589,3590
Partition 16	3577,3578,3574,3579
Partition 17	3530,3531,3587
Partition 19	3591
Partition 20	3537
Partition 21	3521
Partition 22	3526
Partition 23	3582,3583,3525
Partition 24	3584
