path	1
T	4
cut	41
Partition 0	3537,3538,3539
Partition 1	3535,3533,3534
Partition 2	3572,3573,3578,3577,3579
Partition 3	3525
Partition 4	3544,3532,3546,3545
Partition 5	3575,3576,3587,3588
Partition 6	3580,3581,3582,3583
Partition 7	3520,3571,3585,3570,3586,3584
Partition 8	3554,3559,3560,3558
Partition 9	3568,3567,3569
Partition 10	3547,3548,3549,3550
Partition 11	3551
Partition 12	3523,3527,3528
Partition 13	3529,3530,3557,3555
Partition 14	3563,3566,3564,3562
Partition 16	3565
Partition 17	3531
Partition 19	3524,3552,3553
Partition 20	3522
Partition 22	3543,3542
Partition 23	3541
Partition 28	3540
Partition 30	3561
Partition 31	3521,3556,3574,3536,3526
path	2
T	4
cut	42
Partition 1	3535,3543,3533,3534,3542
Partition 2	3572,3573,3578,3577
Partition 3	3541
Partition 4	3544,3532,3546,3545
Partition 5	3575,3576,3587,3588
Partition 6	3580,3581,3582,3583
Partition 7	3571,3585,3586,3584
Partition 8	3563,3566,3564,3562
Partition 10	3547,3548,3549,3550
Partition 11	3554,3539,3559,3560,3558,3522
Partition 12	3527,3528
Partition 13	3524,3529,3530,3557,3531,3555
Partition 15	3521,3574,3536,3526
Partition 16	3565
Partition 17	3523
Partition 18	3567
Partition 21	3556
Partition 22	3561
Partition 25	3538
Partition 29	3537
Partition 35	3540,3525,3579
Partition 38	3553
Partition 40	3520
Partition 42	3552
Partition 45	3551,3570,3568,3569
path	3
T	10
cut	40
Partition 0	3537,3538
Partition 2	3572,3573,3578
Partition 3	3540,3525
Partition 4	3544,3532,3546,3545
Partition 5	3575,3576,3587,3588
Partition 6	3580,3581,3582,3583
Partition 7	3520,3571,3585,3570,3586,3569,3584
Partition 8	3554,3559,3558
Partition 9	3577,3521,3556,3574,3536,3526,3564
Partition 10	3547,3548,3549,3550,3523
Partition 12	3527,3531
Partition 13	3524,3529,3552,3530
Partition 14	3563,3562
Partition 15	3560,3568,3567
Partition 17	3539,3535,3543,3541,3533,3534,3542
Partition 20	3557
Partition 21	3561
Partition 22	3555
Partition 25	3553
Partition 27	3579
Partition 30	3565,3566
Partition 31	3522
Partition 32	3528
Partition 33	3551
path	4
T	13
cut	46
Partition 0	3537,3538,3539,3523,3536
Partition 1	3535,3543,3533,3534,3542
Partition 2	3540,3525
Partition 4	3544,3527,3531,3532,3545
Partition 5	3575,3576,3587,3588,3586
Partition 6	3578,3580,3581,3582,3579,3583
Partition 7	3571,3585,3570,3569,3584
Partition 8	3554,3559,3560,3558
Partition 10	3520
Partition 11	3555
Partition 12	3528
Partition 13	3524,3529,3552
Partition 15	3572,3573,3577,3521,3574
Partition 17	3563,3565,3566,3564,3562
Partition 19	3530
Partition 21	3553
Partition 22	3522
Partition 23	3561
Partition 26	3541
Partition 28	3551
Partition 31	3526
Partition 32	3556,3557
Partition 34	3549
Partition 38	3547
Partition 39	3550
Partition 40	3548
Partition 42	3546
Partition 43	3567
Partition 46	3568
path	5
T	5
cut	42
Partition 0	3537,3538,3539
Partition 1	3535,3543,3534
Partition 2	3572,3573,3578
Partition 3	3540,3525
Partition 4	3544,3532,3546,3545
Partition 5	3575,3576,3587,3588
Partition 6	3580,3581,3582,3579,3583
Partition 7	3571,3585,3586,3584
Partition 8	3547,3548,3550,3560,3522,3568,3569
Partition 9	3551,3570
Partition 10	3549
Partition 13	3527,3528
Partition 14	3520
Partition 15	3554,3563,3559,3558,3562
Partition 16	3524,3529,3552,3561,3553,3521,3565
Partition 17	3530
Partition 18	3531
Partition 20	3556
Partition 21	3577
Partition 30	3574,3566,3536,3526,3564,3567
Partition 32	3523
Partition 33	3533
Partition 34	3541,3542
Partition 35	3555
Partition 37	3557
path	6
T	8
cut	44
Partition 0	3537,3538
Partition 2	3572,3573,3578
Partition 3	3540,3525
Partition 4	3544,3532,3546,3545
Partition 5	3575,3576,3587,3588
Partition 6	3580,3581,3582,3583
Partition 7	3520,3571,3585,3570,3586,3569,3584
Partition 8	3554,3559,3558
Partition 9	3561,3577,3521,3574,3536,3526
Partition 10	3547,3548,3549,3550,3523
Partition 12	3527,3531
Partition 13	3524,3529,3552,3530
Partition 14	3562
Partition 15	3560,3568,3567
Partition 17	3535,3543,3533,3534
Partition 20	3557
Partition 21	3563
Partition 22	3555
Partition 25	3553
Partition 27	3579
Partition 30	3565,3566
Partition 31	3539,3522
Partition 32	3528
Partition 33	3551
Partition 35	3564
Partition 36	3556
Partition 37	3541
Partition 39	3542
path	7
T	4
cut	47
Partition 0	3538,3549,3523,3527,3536,3526
Partition 1	3535,3543,3544,3542
Partition 2	3557
Partition 4	3530,3531,3532,3546,3545
Partition 5	3575,3576,3587,3585,3588,3586
Partition 6	3580,3581,3582,3528
Partition 7	3520,3571
Partition 8	3554,3559,3560,3558
Partition 10	3568,3569
Partition 11	3555
Partition 13	3524,3529
Partition 15	3564
Partition 17	3572,3573,3553,3578,3565,3566
Partition 19	3537
Partition 21	3552
Partition 22	3539,3522
Partition 23	3561,3563,3521,3556,3562
Partition 26	3541
Partition 28	3551,3570
Partition 38	3547
Partition 39	3550
Partition 40	3548
Partition 43	3567
Partition 46	3579,3583
Partition 51	3584
Partition 53	3533
Partition 55	3540
Partition 64	3577,3574
Partition 65	3534
Partition 67	3525
path	8
T	6
cut	49
Partition 0	3537,3538,3539
Partition 1	3535,3543,3534
Partition 2	3572,3573,3578
Partition 3	3540,3525
Partition 4	3544,3532,3546,3545
Partition 5	3575,3576,3587,3588
Partition 6	3580,3581,3582,3579,3583
Partition 7	3571,3585,3586,3584
Partition 8	3547,3548,3559,3560
Partition 9	3551,3570
Partition 10	3549
Partition 13	3527,3528
Partition 14	3520
Partition 15	3557,3558
Partition 16	3524,3529,3552,3561,3553,3521,3565
Partition 17	3530
Partition 18	3531
Partition 20	3556
Partition 21	3577
Partition 30	3566,3536,3526,3564
Partition 32	3523
Partition 33	3533
Partition 34	3541,3542
Partition 35	3555
Partition 37	3563
Partition 38	3574
Partition 39	3550
Partition 42	3569
Partition 45	3567
Partition 49	3522
Partition 52	3554
Partition 54	3568
Partition 57	3562
