cut	59
Partition 0	3556,3555
Partition 1	3524,3573,3557
Partition 2	3531,3532,3530
Partition 3	3543,3544,3547
Partition 4	3558,3559,3546
Partition 5	3560,3571,3529
Partition 6	3542,3545,3572
Partition 7	3599,3576,3520
Partition 8	3575,3574
Partition 9	3569,3570
Partition 10	3553,3552
Partition 11	3549,3551,3550
Partition 12	3598,3596,3597
Partition 13	3533,3534,3535
Partition 14	3561,3562
Partition 15	3536,3537,3527
Partition 16	3522,3538,3548
Partition 17	3540,3541
Partition 18	3554,3523,3539
Partition 19	3521,3528
Partition 20	3525,3565,3590,3566
Partition 21	3583,3582
Partition 22	3579,3584,3578
Partition 23	3577,3587,3588
Partition 24	3580,3586,3589
Partition 25	3526,3581
Partition 26	3567,3568,3564
Partition 27	3591,3563,3592
Partition 28	3585,3595,3594,3593
