path	1
T	11
cut	40
Partition 0	1682,1699
Partition 1	1681,1663,1715,1714
Partition 3	1662,1675,1693,1692
Partition 4	1679,1680,1678
Partition 5	1664,1677,1707,1665
Partition 6	1696,1697,1698
Partition 7	1676,1700,1701,1702
Partition 8	1703,1704,1705
Partition 9	1674,1689,1690
Partition 10	1683,1668,1669
Partition 11	1713,1712
Partition 12	1722,1720,1723,1721
Partition 13	1694,1666,1695
Partition 14	1672,1673,1711
Partition 15	1710,1670,1671
Partition 16	1685,1686,1687
Partition 17	1684,1708,1709
Partition 18	1717,1716,1718,1719
Partition 21	1691
Partition 26	1688
Partition 27	1706
Partition 30	1667
path	2
T	15
cut	40
Partition 0	1662
Partition 1	1663,1715,1714
Partition 2	1691,1665
Partition 3	1693,1692
Partition 4	1678,1699
Partition 5	1664,1677,1707
Partition 6	1696,1697,1698,1679,1680
Partition 7	1675,1676,1700,1701,1702
Partition 8	1703,1704,1705
Partition 9	1674,1689,1690
Partition 10	1683,1668,1669
Partition 11	1667,1706
Partition 12	1722,1720,1723,1721
Partition 13	1694,1666,1695
Partition 14	1672,1673,1711
Partition 15	1710,1670,1671
Partition 16	1685,1686,1687,1688
Partition 17	1708,1709
Partition 18	1717,1716,1718,1719
Partition 19	1681,1682
Partition 20	1684
Partition 22	1713,1712
path	3
T	17
cut	42
Partition 0	1662
Partition 1	1675
Partition 2	1665
Partition 3	1693,1694
Partition 4	1678
Partition 5	1664,1707
Partition 6	1697,1698
Partition 7	1676,1700,1701,1702
Partition 8	1703,1704,1705
Partition 9	1679,1680,1692
Partition 10	1681,1683,1663,1668,1669,1684
Partition 11	1667,1706
Partition 12	1722,1720,1723,1721
Partition 13	1666,1695
Partition 14	1673,1674,1689,1690
Partition 15	1672,1711,1710,1670,1671
Partition 16	1685,1686,1687
Partition 17	1708,1709,1718,1719
Partition 18	1717,1715,1716
Partition 19	1682,1699
Partition 20	1696
Partition 22	1713,1712,1714
Partition 23	1677
Partition 24	1691
Partition 25	1688
path	4
T	11
cut	38
Partition 0	1662,1675,1681,1682
Partition 1	1713,1715,1714
Partition 2	1691,1665
Partition 3	1679,1680,1678
Partition 4	1699,1703
Partition 5	1664,1677,1707
Partition 6	1696,1697,1698
Partition 7	1676,1700,1701,1702
Partition 8	1706,1704,1705
Partition 9	1674,1689,1690
Partition 10	1683,1668,1669
Partition 11	1712,1667
Partition 12	1722,1720,1723,1721
Partition 13	1693,1694,1692,1666,1695
Partition 14	1672,1673,1711
Partition 15	1710,1670,1671
Partition 16	1663,1685,1686,1687
Partition 17	1684,1708,1709
Partition 18	1717,1716,1718,1719
Partition 20	1688
path	5
T	14
cut	42
Partition 0	1681,1682
Partition 1	1663,1715,1714
Partition 2	1691,1665
Partition 3	1685
Partition 4	1679,1680,1678
Partition 5	1664,1677,1707
Partition 6	1696,1697
Partition 7	1675,1676,1713,1700,1701,1702
Partition 8	1699,1703,1704
Partition 9	1693,1694,1692,1689,1688,1690
Partition 10	1674,1668,1669
Partition 11	1667,1706
Partition 12	1722,1720,1723,1721
Partition 13	1666,1695,1712
Partition 14	1672,1673
Partition 15	1710,1670,1671
Partition 16	1686,1687
Partition 17	1683,1717,1716,1684
Partition 18	1708,1709,1718,1719
Partition 19	1662
Partition 20	1698
Partition 23	1705
Partition 24	1711
path	6
T	12
cut	41
Partition 0	1682,1699
Partition 1	1663,1715,1714
Partition 3	1693,1692
Partition 4	1679,1680,1678
Partition 5	1664,1677,1707,1665
Partition 6	1696,1697,1698
Partition 7	1662,1675,1676,1700,1701,1702
Partition 8	1703,1704,1705
Partition 9	1674,1689,1690
Partition 10	1683,1668,1669
Partition 11	1713,1712
Partition 12	1722,1720,1723,1721
Partition 13	1694,1666,1695
Partition 14	1672,1673,1711
Partition 15	1710,1670,1671
Partition 16	1685,1686,1687
Partition 17	1684,1708,1709
Partition 18	1717,1716,1718,1719
Partition 21	1691
Partition 26	1688
Partition 27	1706
Partition 30	1667
Partition 34	1681
path	7
T	15
cut	44
Partition 0	1681,1682
Partition 1	1663,1715,1714
Partition 2	1691,1665
Partition 3	1685
Partition 4	1693,1698,1679,1680,1692
Partition 5	1664,1677,1707,1678
Partition 6	1696,1697
Partition 7	1676,1700,1701,1702
Partition 8	1699,1703,1704
Partition 9	1694,1689,1690
Partition 10	1674,1668,1669
Partition 11	1667,1706
Partition 12	1722,1720,1723,1721
Partition 13	1666,1695,1712
Partition 14	1672,1673
Partition 15	1710,1670,1671
Partition 16	1686,1687
Partition 17	1717,1716
Partition 18	1708,1709,1718,1719
Partition 19	1662
Partition 23	1705
Partition 24	1711
Partition 25	1675
Partition 28	1713
Partition 30	1683
Partition 33	1684,1688
