path	1
T	14
cut	58
Partition 0	3609,3610,3611,3608,3612
Partition 1	3586,3526,3573,3589,3587,3588
Partition 2	3585,3584,3577,3583,3582
Partition 3	3579,3580,3581,3528,3576,3578
Partition 4	3539,3542,3545,3540,3546
Partition 5	3569
Partition 6	3562,3613,3547,3561
Partition 7	3572,3570,3564,3565,3571
Partition 8	3549,3550,3536,3551,3548,3552,3531
Partition 10	3522,3530,3537,3538,3559,3560
Partition 11	3590,3591,3592
Partition 12	3534,3535,3532,3533,3596,3575
Partition 13	3600,3601
Partition 14	3523,3541,3606,3543,3607
Partition 15	3553,3604,3605,3525
Partition 16	3521,3527,3567,3529,3524,3544
Partition 18	3520
Partition 19	3594,3595,3568
Partition 21	3597,3555,3599,3554,3556,3598
Partition 22	3558
Partition 23	3557
Partition 26	3566
Partition 27	3603,3602
Partition 31	3593
Partition 32	3574
Partition 33	3563
path	2
T	7
cut	63
Partition 0	3610,3611,3612
Partition 1	3586,3526,3573,3589,3587,3588
Partition 2	3585,3584,3577,3583,3582
Partition 3	3579,3580,3581,3528,3576,3578
Partition 4	3542,3545,3540,3546
Partition 5	3593,3594,3595,3602
Partition 6	3562,3613,3547,3561,3563
Partition 7	3566,3572,3570,3564,3565,3571
Partition 8	3549,3550,3551,3548,3552
Partition 10	3522
Partition 11	3555,3557,3554,3556
Partition 12	3534,3535,3532,3533,3596,3575
Partition 13	3597,3599,3598,3600,3601
Partition 14	3607,3608
Partition 15	3604,3525,3574
Partition 16	3541,3543,3591,3521,3527,3524,3592
Partition 17	3530,3537,3523,3538,3590,3606
Partition 18	3553
Partition 19	3567
Partition 21	3536,3531
Partition 25	3539
Partition 26	3569,3568
Partition 27	3609
Partition 28	3603
Partition 31	3529,3544,3520
Partition 32	3560
Partition 34	3605
Partition 36	3559
Partition 41	3558
path	3
T	23
cut	81
Partition 0	3537
Partition 1	3586,3526,3573,3589,3587,3588
Partition 2	3585,3584,3583,3582
Partition 3	3579,3580,3581,3528,3576,3578
Partition 4	3593,3594,3544
Partition 5	3595,3568,3601,3602
Partition 6	3543
Partition 8	3550,3551
Partition 9	3536,3521,3553,3548,3552,3531,3524
Partition 10	3538
Partition 11	3560
Partition 12	3590,3542,3591,3540,3592
Partition 13	3545,3547,3561,3546
Partition 14	3523,3541,3606,3607,3605,3608
Partition 15	3604
Partition 17	3554
Partition 19	3530,3529,3520
Partition 20	3527
Partition 22	3555
Partition 27	3556
Partition 28	3525
Partition 29	3559
Partition 30	3597
Partition 31	3598
Partition 33	3596
Partition 38	3572,3571
Partition 39	3562
Partition 40	3566
Partition 42	3567
Partition 47	3564
Partition 49	3558
Partition 51	3610,3611,3612
Partition 52	3609
Partition 56	3565
Partition 58	3539
Partition 59	3522
Partition 64	3603
Partition 66	3534,3535,3532,3533,3574,3575
Partition 68	3557
Partition 70	3570
Partition 71	3599,3600
Partition 72	3563
Partition 73	3577
Partition 75	3613
Partition 77	3549
Partition 79	3569
path	4
T	17
cut	71
Partition 0	3610,3611,3603
Partition 1	3586,3526,3573,3589,3587,3588
Partition 2	3530
Partition 3	3579,3580,3581,3528,3576,3578
Partition 4	3542,3545,3540,3546
Partition 5	3558
Partition 6	3562,3613,3547,3561
Partition 7	3566,3572,3570,3564,3565,3571
Partition 8	3555,3557,3556
Partition 10	3584
Partition 11	3537,3538
Partition 12	3534,3535,3532,3533,3596,3575
Partition 13	3597,3599,3598,3600,3601
Partition 14	3523,3541,3606,3543,3607
Partition 15	3605
Partition 16	3590,3591,3604,3525
Partition 19	3524
Partition 22	3521,3527,3553
Partition 23	3608
Partition 24	3574
Partition 26	3550,3551,3567,3548,3552,3531
Partition 27	3609
Partition 28	3554
Partition 29	3569
Partition 30	3536
Partition 31	3539
Partition 32	3593,3594,3563,3544,3520
Partition 33	3612
Partition 35	3529
Partition 39	3585
Partition 40	3595,3602
Partition 42	3592
Partition 43	3559,3560
Partition 45	3549
Partition 46	3577
Partition 48	3522
Partition 49	3582
Partition 52	3583
Partition 55	3568
path	5
T	13
cut	59
Partition 0	3609,3610,3611,3608,3612
Partition 1	3586,3573,3589,3587,3588
Partition 2	3585,3584,3577,3583,3582
Partition 3	3579,3580,3581,3528,3576,3578
Partition 4	3539,3542,3545,3540,3546
Partition 5	3569,3593,3594,3595,3568
Partition 6	3562,3613,3547,3561
Partition 7	3566,3572,3570,3564,3565,3571
Partition 8	3549,3550,3551,3548,3552
Partition 9	3536,3521,3553,3567,3531
Partition 10	3537,3538,3558,3559,3560
Partition 11	3555,3557,3554,3556
Partition 12	3534,3535,3532,3533,3596,3575
Partition 13	3599,3598,3592,3600,3601
Partition 14	3526,3603,3606,3607
Partition 15	3590,3591,3604,3525,3574
Partition 16	3530,3527,3529,3520
Partition 17	3544
Partition 18	3524
Partition 19	3602
Partition 20	3605
Partition 25	3597
Partition 27	3523,3541
Partition 28	3563
Partition 32	3543
Partition 34	3522
