path	1
T	8
cut	26
Partition 0	1663,1676,1686
Partition 1	1679,1664
Partition 2	1665,1669,1695,1696,1668
Partition 3	1675,1667
Partition 4	1681,1682
Partition 5	1697
Partition 8	1704,1703
Partition 9	1684,1683,1662,1685
Partition 10	1677
Partition 11	1692
Partition 12	1694,1700,1699
Partition 13	1687,1689,1701,1690,1702
Partition 14	1678,1688,1693,1698
Partition 15	1674,1673
Partition 16	1680
Partition 17	1666,1672,1691,1670,1671
path	2
T	9
cut	25
Partition 0	1679,1680,1663,1676,1686
Partition 1	1665,1669,1673,1668,1664
Partition 2	1695,1696
Partition 3	1667,1697
Partition 4	1681,1682,1683,1670,1671
Partition 5	1700,1699
Partition 6	1674,1675
Partition 7	1684
Partition 8	1685,1704,1703
Partition 9	1662
Partition 10	1666,1672,1687,1689
Partition 11	1677,1678,1688,1693,1698
Partition 12	1691,1692,1694
Partition 13	1701,1690,1702
path	3
T	10
cut	25
Partition 0	1679,1680,1663,1676,1686
Partition 1	1664
Partition 2	1697,1669,1695,1696,1668
Partition 3	1675,1667
Partition 4	1681,1682
Partition 5	1698,1699
Partition 6	1674,1693,1665,1673
Partition 7	1672,1670,1671
Partition 8	1704,1703
Partition 9	1684,1683,1662,1685
Partition 10	1701
Partition 11	1677,1678,1689,1688
Partition 12	1666,1691,1692,1694,1700
Partition 13	1690,1702
Partition 14	1687
path	4
T	9
cut	27
Partition 0	1674,1665,1673
Partition 1	1679,1680,1668,1664
Partition 2	1675,1667,1663,1676
Partition 3	1697,1698,1696
Partition 4	1681,1682
Partition 6	1669
Partition 7	1672,1670,1671
Partition 8	1685,1704,1703
Partition 9	1684,1683
Partition 11	1677,1678,1689,1688,1693
Partition 12	1692,1694,1700,1699
Partition 13	1701,1690,1702
Partition 14	1662
Partition 15	1695
Partition 16	1686
Partition 17	1666,1687,1691
path	5
T	7
cut	26
Partition 0	1680,1663,1676,1686
Partition 1	1691,1679,1668,1664
Partition 2	1674,1675,1697,1695,1696
Partition 3	1667
Partition 4	1672,1681,1682,1684,1683
Partition 5	1698,1699
Partition 6	1665,1673
Partition 7	1669,1670,1671
Partition 8	1685,1704,1703
Partition 9	1662
Partition 10	1666,1687,1689
Partition 11	1677,1678,1688
Partition 12	1692,1694,1700
Partition 13	1701,1690,1702
Partition 14	1693
