path	1
T	14
cut	40
Partition 0	3537,3538,3527,3535,3536,3528,3534
Partition 1	3584,3590,3520,3583,3582
Partition 2	3539,3564,3550,3551,3562,3561,3563
Partition 3	3585
Partition 4	3529,3530,3533,3524,3532
Partition 5	3544,3572,3586,3525
Partition 6	3587,3588,3589
Partition 7	3573,3576,3577,3523,3541,3578,3581
Partition 8	3521,3547,3548,3546,3549
Partition 9	3574,3575
Partition 10	3565,3569,3556,3579
Partition 11	3557,3558,3559
Partition 12	3542,3554,3552,3553,3560
Partition 13	3570,3571,3522,3531,3526
Partition 14	3566,3567,3568,3540
Partition 19	3580
Partition 20	3555
Partition 21	3545
Partition 23	3543
path	2
T	14
cut	44
Partition 0	3537,3538,3535,3536
Partition 1	3564,3584,3590,3520,3583,3582
Partition 2	3551,3562,3561
Partition 3	3528
Partition 4	3529,3530,3533,3524,3527,3532,3545
Partition 5	3544,3550,3572,3586,3525
Partition 6	3587,3588,3589,3585
Partition 7	3554,3560
Partition 8	3548,3523,3546,3549
Partition 9	3574,3575,3577,3578,3552,3553,3581
Partition 11	3557,3558,3559,3556
Partition 12	3573,3576,3541,3542
Partition 13	3570,3571,3522,3531,3526
Partition 14	3566,3567,3569,3568,3579,3580
Partition 15	3534
Partition 17	3540
Partition 18	3547
Partition 19	3521,3565
Partition 20	3543
Partition 21	3555
Partition 22	3539
Partition 24	3563
path	3
T	11
cut	45
Partition 0	3537,3538,3527,3535,3536,3585
Partition 1	3539,3564,3584,3590,3520,3583,3582
Partition 2	3544,3550,3551,3562,3561,3563
Partition 4	3533
Partition 5	3525
Partition 6	3587,3588,3589
Partition 7	3573,3576,3523,3541,3543
Partition 8	3548,3546,3549
Partition 9	3521,3574,3575
Partition 10	3565,3569,3578,3572,3581,3579,3580
Partition 11	3557,3558,3559,3556
Partition 12	3542,3554,3552,3553,3560
Partition 13	3540,3524,3570,3522,3531,3532
Partition 14	3566,3567,3568
Partition 17	3528,3534
Partition 18	3571
Partition 20	3577
Partition 22	3530
Partition 24	3555
Partition 25	3547,3526
Partition 26	3529
Partition 27	3545
Partition 28	3586
path	4
T	12
cut	40
Partition 0	3537,3538,3535,3536,3534
Partition 1	3584,3590,3520,3583,3582
Partition 2	3539,3564,3587,3588,3562,3561,3563
Partition 3	3528
Partition 4	3529,3530,3533,3524,3527,3532
Partition 5	3569,3544,3550,3572,3586,3525,3579
Partition 6	3545,3551
Partition 7	3573,3576,3541,3540,3543,3542,3522
Partition 8	3521,3547,3548,3546,3549
Partition 9	3574,3575,3577,3578
Partition 10	3581,3580
Partition 11	3565,3557,3558,3559,3556
Partition 12	3554,3552,3553,3560
Partition 13	3570,3571
Partition 14	3566,3567,3568,3555
Partition 15	3523
Partition 18	3589,3585
Partition 19	3531,3526
path	5
T	10
cut	44
Partition 0	3537,3538,3535,3536
Partition 1	3584,3590,3520,3583,3582
Partition 2	3539,3564,3562,3561,3563
Partition 4	3529,3530,3533,3532,3545,3551
Partition 5	3544,3550,3572,3586,3525
Partition 6	3588,3589,3585
Partition 7	3573,3576,3541
Partition 8	3521,3547,3548,3540,3543,3549
Partition 9	3574,3575,3577,3578
Partition 10	3581,3579,3580
Partition 11	3557,3558,3559,3556
Partition 12	3542,3554,3553,3560
Partition 13	3524,3570,3571,3522,3531,3526
Partition 14	3566,3567,3568
Partition 15	3534
Partition 16	3527
Partition 18	3555
Partition 19	3528
Partition 20	3587
Partition 21	3523,3546
Partition 22	3565,3569
Partition 24	3552
