path	1
T	11
cut	47
Partition 0	3524,3529,3577,3573,3578,3574
Partition 1	3522
Partition 2	3572,3575,3580
Partition 3	3535,3533,3534
Partition 4	3565,3585,3564,3584
Partition 5	3548,3561,3562,3563
Partition 6	3545,3546,3547,3544
Partition 7	3527,3528,3532,3531
Partition 8	3536,3540,3554,3553,3541
Partition 9	3521,3543,3542
Partition 10	3566,3567,3576
Partition 11	3568,3549,3558,3571,3520,3581,3582
Partition 12	3526,3537,3552
Partition 13	3523,3550,3551
Partition 14	3559
Partition 15	3569,3570,3555,3556
Partition 16	3557
Partition 17	3579
Partition 20	3583
Partition 21	3530
Partition 22	3538,3525,3539
Partition 23	3560
path	2
T	14
cut	50
Partition 0	3524,3529
Partition 1	3577,3522,3573,3578,3574
Partition 2	3572,3575,3580,3579
Partition 3	3533,3534
Partition 4	3565,3585,3564,3584
Partition 5	3548,3562,3563
Partition 6	3545,3546,3547,3544,3520
Partition 7	3528,3532,3531
Partition 8	3536,3540,3541
Partition 9	3521,3543,3583,3542
Partition 10	3566,3567,3568
Partition 11	3558,3559
Partition 12	3526,3537,3552,3553
Partition 13	3550,3557
Partition 14	3538,3525,3539
Partition 15	3555,3556,3576
Partition 18	3535
Partition 20	3527
Partition 22	3549
Partition 23	3523
Partition 24	3560,3561
Partition 25	3530
Partition 26	3582
Partition 27	3571,3581
Partition 30	3551,3569,3554,3570
path	3
T	10
cut	49
Partition 0	3524,3529,3535
Partition 1	3577
Partition 2	3575,3580,3578,3579
Partition 3	3522,3573,3574
Partition 4	3565,3585,3564,3584
Partition 5	3548,3561,3562,3563
Partition 6	3545,3546,3547,3544,3533
Partition 7	3527,3528,3532,3531,3520
Partition 8	3540,3542,3541
Partition 9	3543,3583
Partition 10	3566,3567,3576
Partition 11	3568,3571,3581,3582
Partition 12	3526,3537,3552
Partition 13	3550,3551,3554,3553
Partition 14	3538,3539
Partition 15	3569,3570,3555,3556
Partition 16	3557
Partition 17	3521
Partition 18	3560
Partition 19	3525
Partition 20	3523
Partition 22	3549,3558,3559
Partition 30	3536
Partition 31	3530
Partition 35	3534
Partition 36	3572
path	4
T	13
cut	51
Partition 0	3524,3529
Partition 1	3530,3577,3578,3531
Partition 2	3579,3576
Partition 3	3573,3574,3571,3570,3533,3534
Partition 4	3565,3585,3564,3584
Partition 5	3548,3561,3562,3563
Partition 6	3545,3546,3547,3544
Partition 7	3527,3528,3532
Partition 8	3558,3559
Partition 9	3521,3543,3540,3542,3541
Partition 10	3566,3567,3568
Partition 11	3572,3575,3580,3581,3582
Partition 12	3526,3537,3552
Partition 13	3550,3551,3554
Partition 14	3538,3525,3539
Partition 15	3569,3555,3556
Partition 18	3535
Partition 19	3557
Partition 20	3523
Partition 23	3549,3520
Partition 26	3583
Partition 28	3522
Partition 29	3560
Partition 31	3553
Partition 34	3536
path	5
T	17
cut	50
Partition 0	3524,3529
Partition 1	3530,3577,3522,3578
Partition 2	3583,3580,3581,3582
Partition 3	3572,3575,3533,3534
Partition 4	3584
Partition 5	3548,3561,3562,3563
Partition 6	3545,3546,3547,3544
Partition 7	3565,3585,3558,3559,3564
Partition 8	3536,3540,3541
Partition 9	3526,3537
Partition 10	3521,3543,3555,3556
Partition 12	3542
Partition 13	3551,3560,3554,3553
Partition 14	3571
Partition 15	3527,3528,3532,3531,3520
Partition 16	3552
Partition 17	3567,3568,3569,3549,3570,3579,3576
Partition 19	3535
Partition 20	3566,3523
Partition 22	3550,3557
Partition 24	3538,3525,3539
Partition 26	3574
Partition 27	3573
