path	1
T	17
cut	71
Partition 0	3529
Partition 1	3608,3604,3605,3613,3550
Partition 2	3548,3552
Partition 3	3575,3618,3617
Partition 4	3614,3615
Partition 5	3609,3610,3611
Partition 6	3537,3538,3539
Partition 7	3556,3588,3589
Partition 8	3582,3583
Partition 9	3534,3558,3559,3555,3521,3612,3546
Partition 10	3557,3522
Partition 11	3547,3574,3572,3573
Partition 12	3560,3561,3524,3562,3570,3571
Partition 13	3569,3568
Partition 14	3544,3545
Partition 15	3527,3541,3542,3565,3566,3543
Partition 16	3525,3564
Partition 17	3530,3526,3528,3532
Partition 19	3602,3578,3606,3603,3607
Partition 20	3590,3595,3596
Partition 21	3593,3594,3591,3592
Partition 22	3535,3536,3576,3531
Partition 23	3600,3601,3520
Partition 24	3586,3598,3597
Partition 25	3554,3579,3577
Partition 27	3551,3549
Partition 29	3616
Partition 31	3553,3587,3523
Partition 32	3581,3584
Partition 33	3580
Partition 34	3599
Partition 35	3585
Partition 38	3540
Partition 39	3563
Partition 40	3567
Partition 42	3533
path	2
T	14
cut	69
Partition 0	3551,3552,3549
Partition 1	3604,3605,3613,3550,3524,3587
Partition 2	3608,3609
Partition 3	3575,3618,3617
Partition 4	3614,3616,3615
Partition 5	3610,3611,3612
Partition 6	3537,3538,3539,3540
Partition 7	3556,3588,3589
Partition 8	3582,3583
Partition 9	3534,3522,3555,3521,3546
Partition 10	3557,3558,3559
Partition 11	3547,3574,3572,3573
Partition 12	3560,3561
Partition 13	3569,3567,3568
Partition 15	3542,3543
Partition 16	3529
Partition 17	3530,3526,3528,3532
Partition 18	3527,3533,3541
Partition 19	3602,3578,3606,3603,3607
Partition 20	3590,3595,3596
Partition 21	3593,3594,3591,3592
Partition 22	3535,3536,3576,3531
Partition 23	3600,3520
Partition 24	3584,3585,3586
Partition 25	3554,3579
Partition 26	3553,3581,3580
Partition 28	3565,3566,3544,3545,3523
Partition 30	3564
Partition 31	3525,3548
Partition 33	3563
Partition 34	3577
Partition 37	3601
Partition 38	3598,3599,3597
Partition 39	3571
Partition 40	3570
Partition 41	3562
path	3
T	10
cut	69
Partition 0	3529
Partition 1	3604,3605,3613,3550
Partition 2	3548,3609
Partition 3	3575,3618,3617
Partition 4	3614,3616,3615
Partition 5	3610,3611,3612
Partition 6	3537,3538,3539
Partition 7	3556,3588,3589
Partition 9	3534,3522,3555,3521
Partition 10	3557,3558,3559
Partition 11	3547,3574,3572,3573
Partition 12	3552,3560,3561,3562,3570,3571
Partition 13	3569,3567,3568
Partition 14	3540,3545
Partition 15	3542,3543,3544
Partition 16	3525,3564
Partition 17	3530,3526,3528,3532
Partition 18	3527,3533,3541
Partition 19	3602,3578,3606,3603,3607
Partition 20	3590,3595,3596,3597
Partition 21	3593,3594,3591,3592
Partition 22	3535,3536,3576,3531
Partition 23	3600,3601,3520
Partition 24	3582,3579,3584,3577,3583,3585,3586
Partition 25	3553,3554
Partition 26	3581,3580
Partition 27	3608
Partition 28	3565,3566,3523
Partition 29	3546
Partition 31	3563
Partition 32	3587
Partition 33	3598,3599
Partition 35	3524
Partition 36	3549
Partition 37	3551
path	4
T	9
cut	70
Partition 0	3551,3552
Partition 1	3604,3605,3613,3549,3550
Partition 2	3548,3608,3609
Partition 3	3575,3618,3617
Partition 4	3614,3616,3615
Partition 5	3610,3611,3612
Partition 6	3537,3538,3539
Partition 7	3595,3596,3594
Partition 8	3582,3583
Partition 9	3557,3522,3555,3556,3521
Partition 10	3558,3559
Partition 11	3547,3574,3572,3573
Partition 12	3560,3561,3562,3570,3571
Partition 13	3569,3567,3568
Partition 14	3544,3545
Partition 15	3542,3565,3566,3543
Partition 16	3525,3564
Partition 17	3530,3526,3528,3532
Partition 18	3527
Partition 19	3602,3578,3606,3603,3607
Partition 20	3590
Partition 21	3593,3591,3592
Partition 22	3535,3536,3576,3531
Partition 23	3600,3601,3520
Partition 24	3586,3598,3599,3597
Partition 25	3554,3579,3584,3577,3585
Partition 26	3553,3581,3580
Partition 27	3524,3587,3523
Partition 28	3540
Partition 30	3563
Partition 33	3529
Partition 35	3541
Partition 36	3588,3589
Partition 38	3546
Partition 39	3533,3534
path	5
T	11
cut	69
Partition 0	3529,3551,3552,3549
Partition 1	3604,3605,3613,3550
Partition 2	3609
Partition 3	3575,3618,3617
Partition 4	3614,3616,3615
Partition 5	3610,3611,3612
Partition 6	3537,3538,3539
Partition 7	3555,3556,3521,3588,3589
Partition 8	3524
Partition 9	3534,3546
Partition 10	3557,3558,3559
Partition 11	3547,3574,3572,3573
Partition 12	3560,3561,3562,3570,3571
Partition 13	3569,3567,3568
Partition 14	3540,3545
Partition 15	3542,3565,3566,3543,3544
Partition 16	3525,3548,3564
Partition 17	3530,3526,3528,3532,3523
Partition 18	3527,3533,3541
Partition 19	3602,3578,3606,3603,3607
Partition 20	3590,3595,3596
Partition 21	3593,3594,3591,3592
Partition 22	3535,3536,3576,3531
Partition 23	3600,3601,3599,3520
Partition 24	3585,3586,3598,3597
Partition 25	3554,3579,3577
Partition 26	3553,3581,3580
Partition 27	3608
Partition 30	3584
Partition 31	3522
Partition 32	3563
Partition 35	3583
Partition 36	3587
Partition 37	3582
path	6
T	12
cut	71
Partition 0	3529
Partition 1	3608,3604,3605,3613,3550
Partition 2	3548,3552
Partition 3	3575,3618,3617
Partition 4	3614,3615
Partition 5	3609,3610,3611
Partition 6	3537,3538,3539
Partition 7	3556,3588,3589
Partition 8	3582,3583
Partition 9	3534,3558,3559,3555,3521,3612,3546
Partition 10	3557,3522
Partition 11	3547,3574,3572,3573
Partition 12	3561,3562
Partition 13	3569,3568
Partition 14	3544,3545
Partition 15	3527,3541,3542,3565,3566,3543
Partition 16	3525,3564
Partition 17	3530,3526,3528,3532
Partition 19	3602,3578,3606,3603,3607
Partition 20	3590,3595,3596
Partition 21	3593,3594,3591,3592
Partition 22	3535,3536,3576,3531
Partition 23	3600,3601,3520
Partition 24	3586,3598,3597
Partition 25	3554,3579,3577
Partition 27	3551,3549
Partition 29	3616
Partition 31	3553,3524,3587,3523
Partition 32	3581,3584
Partition 33	3580
Partition 34	3599
Partition 35	3585
Partition 38	3540
Partition 39	3563,3570,3571
Partition 40	3567
Partition 42	3533
Partition 43	3560
path	7
T	13
cut	73
Partition 0	3551,3552,3549
Partition 1	3604,3605,3613,3550
Partition 2	3608,3609
Partition 3	3575,3618,3617
Partition 4	3614,3616,3615
Partition 5	3610,3611,3612
Partition 6	3537,3538,3539,3540
Partition 7	3556,3588,3589
Partition 8	3582,3583
Partition 9	3533,3534,3555,3521,3546
Partition 10	3557,3558,3559
Partition 11	3547,3574,3572,3573
Partition 12	3560,3561
Partition 13	3569,3567,3568
Partition 15	3542,3543
Partition 16	3529
Partition 17	3530,3526,3528,3532
Partition 18	3541
Partition 19	3602,3578,3606,3603,3607
Partition 20	3590,3595,3596
Partition 21	3593,3594,3591,3592
Partition 22	3535,3536,3576,3531
Partition 23	3600,3520
Partition 24	3584,3585,3586
Partition 25	3554,3579
Partition 26	3553,3581,3580
Partition 28	3565,3566,3544,3545,3523
Partition 30	3564
Partition 31	3525,3548
Partition 33	3563
Partition 34	3577
Partition 37	3601
Partition 38	3598,3599,3597
Partition 39	3571
Partition 40	3570
Partition 41	3562
Partition 42	3587
Partition 43	3524
Partition 44	3527
Partition 46	3522
path	8
T	11
cut	70
Partition 0	3529
Partition 1	3604,3605,3613,3550
Partition 2	3548,3609
Partition 3	3575,3618,3617
Partition 4	3614,3616,3615
Partition 5	3610,3611,3612
Partition 6	3537,3538,3539
Partition 7	3556,3588,3589
Partition 10	3534,3557,3558,3559,3555,3521
Partition 11	3547,3574,3572,3573
Partition 12	3552,3560,3561,3562,3570,3571
Partition 13	3569,3567,3568
Partition 14	3540,3545
Partition 15	3541,3542,3543,3544,3587,3523
Partition 16	3525,3564
Partition 17	3530,3526,3528
Partition 18	3554
Partition 19	3602,3578,3606,3603,3607
Partition 20	3590,3595,3596,3597
Partition 21	3593,3594,3591,3592
Partition 22	3535,3536,3576,3531
Partition 23	3600,3601,3520
Partition 24	3582,3579,3584,3577,3583,3585,3586
Partition 25	3553
Partition 26	3581,3580
Partition 27	3608
Partition 28	3565,3566
Partition 29	3546
Partition 31	3563
Partition 33	3598,3599
Partition 35	3524
Partition 36	3549
Partition 37	3551
Partition 40	3522
Partition 42	3527
Partition 43	3533,3532
path	9
T	15
cut	71
Partition 0	3551,3552
Partition 1	3604,3605,3613,3549,3550,3524
Partition 2	3548,3608,3609
Partition 3	3575,3618,3617
Partition 4	3614,3616,3615
Partition 5	3610,3611,3612
Partition 6	3537,3538,3539
Partition 7	3595,3596,3594
Partition 8	3582,3583
Partition 9	3557,3558,3522,3555
Partition 10	3560,3559
Partition 11	3547,3574,3573
Partition 12	3561,3562
Partition 13	3569,3568,3570,3571
Partition 14	3544,3545
Partition 15	3542,3565,3566,3543
Partition 16	3525,3564
Partition 17	3530,3526,3528,3567
Partition 18	3527
Partition 19	3602,3578,3606,3603,3607
Partition 20	3590
Partition 21	3593,3591,3592
Partition 22	3535,3536,3576,3531
Partition 23	3600,3601,3520
Partition 24	3585,3586,3598,3597
Partition 25	3553,3554,3579,3577,3523
Partition 26	3581,3584,3580
Partition 27	3587
Partition 28	3540
Partition 33	3529
Partition 35	3541
Partition 36	3556,3588,3589
Partition 38	3546
Partition 39	3534,3521
Partition 41	3572
Partition 42	3563
Partition 43	3599
Partition 45	3533,3532
path	10
T	17
cut	74
Partition 0	3551,3552,3549
Partition 1	3605,3613,3550
Partition 2	3609
Partition 3	3575,3618,3617
Partition 4	3614,3616,3615
Partition 5	3610,3611,3612
Partition 6	3537,3538,3539
Partition 7	3556,3588,3589
Partition 8	3524
Partition 9	3534,3555,3521,3546
Partition 10	3557,3558,3559
Partition 11	3547,3574,3572,3573
Partition 12	3560,3561,3562,3570,3571
Partition 13	3569,3567,3568
Partition 14	3544,3545
Partition 15	3542,3565,3566,3543
Partition 16	3525,3548,3564
Partition 17	3533,3530,3532,3523
Partition 18	3601
Partition 19	3527,3541,3602,3578,3606,3603,3607
Partition 20	3590,3595,3596
Partition 21	3593,3594,3591,3592
Partition 22	3535,3536,3576,3531
Partition 23	3600,3599,3520
Partition 24	3585,3586,3598,3597
Partition 25	3554,3579,3577
Partition 26	3553,3581,3580
Partition 27	3608
Partition 30	3584
Partition 31	3522
Partition 32	3563
Partition 35	3583
Partition 36	3587
Partition 37	3582
Partition 39	3529
Partition 41	3604
Partition 42	3528
Partition 43	3526
Partition 44	3540
