path	1
T	10
cut	38
Partition 0	1693,1675,1694
Partition 1	1699,1667,1691
Partition 2	1698,1710,1711,1666
Partition 3	1689,1690,1692,1709
Partition 4	1712,1713,1714
Partition 5	1688,1715
Partition 6	1717,1716,1718
Partition 7	1673,1702
Partition 8	1668,1669
Partition 9	1678,1687
Partition 10	1681,1695
Partition 11	1664,1708,1707
Partition 12	1676,1677
Partition 13	1662,1696
Partition 14	1680,1679
Partition 15	1684,1685,1686
Partition 16	1665,1682,1683
Partition 17	1700,1701,1703
Partition 18	1705,1704,1706
Partition 19	1671,1697
Partition 20	1663,1670,1672,1674
path	2
T	9
cut	39
Partition 0	1692,1693
Partition 1	1699,1667,1691
Partition 2	1710,1711
Partition 3	1689,1690,1709
Partition 4	1712,1713,1714
Partition 5	1688,1715
Partition 6	1717,1716,1718
Partition 7	1673,1702
Partition 8	1670,1674,1668,1669
Partition 9	1678,1687
Partition 10	1675,1694
Partition 11	1664,1708,1695,1707
Partition 12	1676,1677
Partition 14	1662,1680,1696,1698,1681,1679,1666
Partition 15	1684,1685,1686
Partition 16	1682,1683
Partition 17	1700,1701,1703
Partition 18	1705,1704,1706
Partition 19	1671,1697
Partition 20	1665
Partition 21	1663
Partition 22	1672
path	3
T	7
cut	40
Partition 1	1663,1672,1699,1667,1668,1691
Partition 2	1679,1666
Partition 3	1689,1690,1692,1709,1693,1712,1713
Partition 4	1710,1711
Partition 5	1688,1715,1714
Partition 6	1717,1716,1718
Partition 7	1670
Partition 8	1677
Partition 9	1674,1678
Partition 10	1680,1681
Partition 11	1664,1708,1707
Partition 12	1694,1695
Partition 13	1676,1675
Partition 14	1662
Partition 15	1684,1685,1686,1687
Partition 16	1700,1701,1698,1665,1682,1683
Partition 17	1673,1702
Partition 18	1703,1705,1704,1706
Partition 19	1671,1696,1697
Partition 20	1669
path	4
T	10
cut	39
Partition 0	1693,1675,1694
Partition 1	1692
Partition 2	1698,1712,1691,1710,1711,1666
Partition 4	1672,1673
Partition 5	1688,1715,1687
Partition 6	1717,1716,1718
Partition 7	1663,1670
Partition 9	1674,1678
Partition 10	1681,1695
Partition 11	1664,1708,1707
Partition 12	1676,1677
Partition 13	1662,1696
Partition 14	1680,1679
Partition 15	1684,1685,1686
Partition 16	1702,1665,1682,1713,1714
Partition 17	1700,1701,1703
Partition 18	1705,1704,1706
Partition 19	1671,1697
Partition 20	1683
Partition 21	1689,1690,1699,1709,1667,1668,1669
path	5
T	12
cut	38
Partition 0	1692,1693
Partition 1	1691,1710,1711
Partition 2	1666
Partition 4	1712,1713,1714
Partition 5	1688,1715,1687
Partition 6	1717,1716,1718
Partition 7	1663,1670,1672,1674
Partition 8	1699,1667
Partition 10	1681,1695
Partition 11	1664,1708,1707
Partition 12	1675,1694
Partition 13	1662,1676,1696,1698
Partition 14	1680,1679
Partition 15	1684,1685,1686
Partition 16	1665,1682,1683
Partition 17	1700,1701,1703
Partition 18	1705,1704,1706
Partition 19	1671,1697
Partition 20	1689,1690,1709,1677,1668,1669
Partition 24	1678
Partition 26	1673,1702
