path	1
T	13
cut	64
Partition 0	3528,3578
Partition 1	3521,3553
Partition 2	3597,3555,3554
Partition 4	3590,3591,3592
Partition 5	3604,3605
Partition 6	3609,3606,3607,3608
Partition 7	3538,3558,3559
Partition 8	3535,3537,3536,3548,3531
Partition 9	3551,3552,3557,3556
Partition 10	3522,3530,3585,3586
Partition 11	3584
Partition 12	3579,3580,3581
Partition 13	3576,3577,3583,3582
Partition 14	3526,3603,3602
Partition 15	3610,3611,3613,3612
Partition 16	3573,3589,3588
Partition 17	3545,3546
Partition 18	3562,3560,3547,3561
Partition 19	3593,3594,3595
Partition 20	3539,3542,3569,3540
Partition 21	3566,3572,3533
Partition 22	3563,3564
Partition 23	3523,3541,3543,3570,3565,3571
Partition 24	3534,3525,3574,3520
Partition 25	3549,3550
Partition 26	3599,3598,3600,3601
Partition 27	3532,3596,3575
Partition 28	3587
Partition 30	3544
Partition 31	3527,3529,3524
Partition 33	3568
Partition 34	3567
path	2
T	13
cut	66
Partition 0	3578
Partition 1	3528
Partition 2	3597,3555,3554
Partition 3	3523,3541,3521,3527,3524,3544
Partition 4	3590,3591,3592
Partition 5	3604,3605
Partition 6	3609,3606,3607,3608
Partition 7	3538,3558,3559
Partition 8	3537,3536,3567,3548,3531
Partition 9	3551,3552,3557,3556
Partition 10	3522,3530,3585
Partition 11	3586,3587
Partition 12	3579,3580,3581
Partition 13	3576,3577,3583,3582
Partition 14	3526,3603,3602
Partition 15	3610,3611,3613,3612
Partition 16	3573,3589,3588
Partition 17	3546
Partition 18	3562,3560,3547,3561
Partition 19	3593,3594,3595
Partition 20	3539,3542,3569,3543,3568,3565,3540
Partition 21	3566,3572,3533
Partition 22	3563,3564,3520
Partition 23	3570,3571
Partition 24	3534
Partition 25	3549,3550
Partition 26	3599,3598,3600,3601
Partition 27	3532,3596,3575
Partition 29	3535
Partition 30	3584
Partition 32	3553,3525,3574
Partition 35	3529
Partition 38	3545
path	3
T	13
cut	66
Partition 0	3528,3578
Partition 1	3553,3525
Partition 2	3527,3604,3605,3597,3555,3554
Partition 3	3523,3541,3545,3524,3544
Partition 4	3590,3591,3592
Partition 6	3609,3606,3607,3608
Partition 7	3538,3558,3559
Partition 8	3537,3536,3548,3531
Partition 9	3551,3552,3557,3556
Partition 10	3522,3530,3585
Partition 11	3586,3587
Partition 12	3579,3580,3581
Partition 13	3576,3577,3583,3582
Partition 14	3526,3603,3602
Partition 15	3610,3611,3613,3612
Partition 16	3573,3589,3588
Partition 17	3546
Partition 18	3562,3560,3547,3561
Partition 19	3593,3594,3595
Partition 20	3542,3569,3567,3568,3540
Partition 21	3566,3572,3533
Partition 22	3543,3563,3564,3565
Partition 23	3570,3571
Partition 24	3534,3574,3520
Partition 25	3549,3550
Partition 26	3599,3598,3600,3601
Partition 27	3535,3532
Partition 28	3539
Partition 29	3584
Partition 30	3575
Partition 31	3596
Partition 32	3521
Partition 35	3529
path	4
T	11
cut	67
Partition 0	3528
Partition 1	3521,3553
Partition 2	3597,3555,3554
Partition 3	3524,3544
Partition 4	3591,3592
Partition 6	3609,3523,3541,3590,3606,3607,3608
Partition 7	3538,3558,3559
Partition 8	3537,3536,3567,3548,3531
Partition 9	3551,3552,3557
Partition 10	3522,3530
Partition 11	3586,3587
Partition 12	3579,3580,3581
Partition 13	3584,3576,3577,3583,3582
Partition 14	3526,3603,3602
Partition 15	3610,3611,3613,3612
Partition 16	3573,3589,3588
Partition 17	3546
Partition 18	3562,3560,3547,3561
Partition 19	3593,3594,3595
Partition 20	3539,3542,3569,3568,3540
Partition 21	3566,3572,3533
Partition 22	3563,3564,3565
Partition 23	3570,3571
Partition 24	3534,3525,3574,3520
Partition 25	3549,3550
Partition 26	3599,3598,3600,3601
Partition 27	3532,3596
Partition 28	3543
Partition 31	3585
Partition 32	3545
Partition 33	3556
Partition 34	3575
Partition 35	3535
Partition 39	3578
Partition 40	3527,3604,3605,3529
path	5
T	11
cut	62
Partition 0	3528,3578
Partition 1	3521,3567
Partition 2	3597,3555,3554
Partition 3	3541
Partition 4	3523,3590,3591,3525,3592
Partition 5	3527,3604,3605
Partition 6	3609,3606,3607,3608
Partition 7	3538,3558,3559
Partition 8	3535,3536,3548,3531,3524
Partition 9	3551,3552,3557,3556
Partition 10	3522,3530,3585,3537,3584,3529
Partition 11	3586,3587
Partition 12	3579,3580,3581
Partition 13	3576,3577,3583,3582
Partition 14	3526,3603,3602
Partition 15	3610,3611,3613,3612
Partition 16	3573,3589,3588
Partition 17	3545,3546
Partition 18	3562,3560,3547,3561
Partition 19	3593,3594,3595
Partition 20	3539,3542,3569,3568,3540
Partition 21	3566,3572,3533
Partition 22	3563,3564
Partition 23	3543,3570,3565,3571
Partition 24	3534,3574,3520
Partition 25	3549,3550
Partition 26	3599,3598,3600,3601
Partition 27	3532,3596,3575
Partition 31	3544
Partition 33	3553
path	6
T	12
cut	69
Partition 0	3528,3578
Partition 1	3553
Partition 2	3597,3555,3554
Partition 3	3523,3541,3545,3524,3544
Partition 4	3590,3591,3592
Partition 6	3609,3606,3607,3608
Partition 7	3538,3558,3559
Partition 8	3537,3536,3548,3531
Partition 9	3551,3552,3557,3556
Partition 10	3522,3530,3585
Partition 11	3586,3587
Partition 12	3579,3580,3581
Partition 13	3576,3577,3583,3582
Partition 14	3526,3603,3602
Partition 15	3610,3611,3613,3612
Partition 16	3573,3589,3588
Partition 17	3546
Partition 18	3562,3560,3547,3561
Partition 19	3593,3594,3595
Partition 20	3542,3540
Partition 21	3566,3572,3533
Partition 22	3543,3563,3564,3565
Partition 23	3570,3571
Partition 24	3534,3525,3574,3520
Partition 25	3549,3550
Partition 26	3599,3598,3600,3601
Partition 27	3535,3532
Partition 28	3539
Partition 29	3584
Partition 30	3575
Partition 31	3596
Partition 32	3521,3527
Partition 35	3529
Partition 38	3605
Partition 39	3604
Partition 40	3569,3568
Partition 41	3567
