path	1
T	14
cut	66
Partition 0	3530,3531,3542
Partition 1	3534,3535
Partition 2	3536,3523,3529,3538,3575,3539,3540
Partition 4	3533,3590,3549
Partition 5	3545,3550
Partition 6	3585,3586,3587
Partition 7	3589,3596,3588
Partition 8	3591,3594,3595
Partition 9	3522,3544,3568
Partition 10	3569,3552,3551
Partition 11	3592,3593
Partition 12	3543,3571,3572,3570
Partition 13	3573,3555
Partition 14	3556,3567,3566
Partition 15	3528,3537,3580
Partition 16	3562,3563,3564
Partition 18	3559
Partition 19	3527,3532,3521,3557,3525
Partition 20	3526
Partition 21	3574,3584
Partition 22	3579,3581,3582,3577,3583,3524,3541
Partition 23	3610,3609,3611
Partition 24	3599,3608,3597,3598
Partition 25	3605,3607,3606
Partition 26	3601,3602,3603,3604
Partition 27	3576
Partition 29	3546,3547,3558,3565
Partition 30	3520
Partition 32	3548
Partition 34	3600
Partition 35	3561
Partition 36	3560
Partition 37	3578
Partition 39	3553,3554
path	2
T	3
cut	61
Partition 0	3530,3531,3542
Partition 1	3534,3535
Partition 2	3576,3575
Partition 4	3533,3590,3548,3549
Partition 5	3550
Partition 6	3585,3586,3587
Partition 7	3589,3596,3588
Partition 8	3592,3593,3594,3595
Partition 9	3522,3544,3545
Partition 10	3569,3552,3551
Partition 11	3520
Partition 12	3543,3571,3572,3570
Partition 14	3568,3556,3567,3566
Partition 15	3537,3538,3580
Partition 16	3526,3562,3578,3563,3561
Partition 17	3560,3564
Partition 19	3532,3600,3521,3557
Partition 20	3555,3553,3554
Partition 21	3573,3574,3584
Partition 22	3579,3581,3582,3577,3583,3524,3541
Partition 23	3610,3609,3611
Partition 24	3599,3608,3597,3598
Partition 25	3605,3607,3606
Partition 26	3601,3602,3603,3604
Partition 27	3536,3540
Partition 28	3546,3523,3529,3559
Partition 29	3539
Partition 30	3527,3528,3525
Partition 31	3547,3558,3591,3565
path	3
T	14
cut	63
Partition 0	3530,3531,3542
Partition 1	3534
Partition 2	3535,3536,3529,3575,3539,3540
Partition 3	3524,3541
Partition 4	3533,3590,3549
Partition 5	3545,3550
Partition 6	3585,3586,3587
Partition 7	3589,3596,3588
Partition 8	3546,3547,3591,3594,3595
Partition 9	3522,3544,3568
Partition 10	3569,3552,3551
Partition 11	3592,3593,3520
Partition 12	3543,3571,3572,3570
Partition 13	3526
Partition 14	3538,3556,3567,3566
Partition 15	3528,3537,3580
Partition 16	3562,3563,3561
Partition 17	3558,3564,3565
Partition 18	3578,3523,3559,3560
Partition 19	3532,3600,3521,3557,3525
Partition 20	3555,3553,3554
Partition 21	3573,3574,3584
Partition 22	3579,3581,3582,3583
Partition 23	3610,3609,3611
Partition 24	3599,3608,3597,3598
Partition 25	3605,3607,3606
Partition 26	3601,3602,3603,3604
Partition 29	3577
Partition 31	3576
Partition 32	3548
Partition 33	3527
path	4
T	14
cut	65
Partition 0	3530
Partition 1	3534,3535
Partition 2	3536,3576,3523,3529,3575,3540,3541
Partition 3	3531,3542
Partition 4	3533,3590,3549
Partition 5	3548,3524
Partition 6	3585,3586,3587
Partition 7	3589,3596,3588
Partition 8	3591,3594,3595
Partition 9	3522,3544,3568
Partition 10	3552,3550,3551
Partition 11	3592,3593
Partition 12	3543,3571,3569,3572,3520,3570
Partition 13	3527,3528
Partition 14	3556,3567,3566,3565
Partition 15	3537,3538,3580
Partition 16	3563,3560,3564
Partition 17	3558
Partition 18	3559
Partition 19	3532,3600,3521,3557,3525
Partition 20	3555,3553,3554
Partition 21	3573,3574,3584
Partition 22	3578,3579,3581,3582
Partition 23	3610,3609,3611
Partition 24	3599,3608,3597,3598
Partition 25	3562,3561
Partition 26	3601,3602,3603,3604,3605
Partition 29	3539
Partition 30	3526
Partition 31	3547
Partition 32	3546
Partition 33	3545
Partition 35	3607,3606
Partition 36	3577,3583
path	5
T	10
cut	64
Partition 0	3530,3531
Partition 1	3534,3535
Partition 2	3545
Partition 3	3577,3524
Partition 4	3533,3590,3548,3549
Partition 6	3585,3586,3587
Partition 7	3589,3596,3588
Partition 8	3591,3594,3595
Partition 9	3522,3544,3568
Partition 10	3569,3552,3551
Partition 11	3592,3593
Partition 12	3543,3571,3572,3542,3520,3570
Partition 13	3527,3528
Partition 14	3556,3567,3566
Partition 15	3537,3538
Partition 16	3562,3563,3561
Partition 17	3564,3565
Partition 18	3578,3523,3529,3559,3575,3560
Partition 19	3532,3600,3521,3557,3525
Partition 20	3526,3555,3553,3554
Partition 21	3573,3574,3584
Partition 22	3579,3581,3582,3583
Partition 23	3610,3609,3611
Partition 24	3599,3608,3597,3598
Partition 25	3605,3607,3606
Partition 26	3601,3602,3603,3604
Partition 28	3550
Partition 31	3576
Partition 34	3580
Partition 35	3539
Partition 38	3536,3540
Partition 39	3541
Partition 41	3546,3547,3558
path	6
T	13
cut	67
Partition 0	3530,3531,3542
Partition 1	3534,3535
Partition 2	3536,3523,3529,3538,3575,3539,3540
Partition 4	3533,3590,3549
Partition 5	3545,3550
Partition 6	3585,3586,3587
Partition 7	3589,3596,3588
Partition 8	3591,3594,3595
Partition 9	3522,3544,3568
Partition 10	3569,3552,3551
Partition 11	3592,3593
Partition 12	3543,3571,3572,3570
Partition 13	3573,3555
Partition 14	3556,3567,3566,3565
Partition 15	3528,3537,3580
Partition 16	3562,3563,3564
Partition 18	3559
Partition 19	3527,3532,3521,3557,3525
Partition 20	3526
Partition 21	3574,3584
Partition 22	3579,3581,3582,3577,3583,3524,3541
Partition 23	3610,3609,3611
Partition 24	3599,3608,3597,3598
Partition 25	3605,3607,3606
Partition 26	3601,3602,3603,3604
Partition 27	3576
Partition 29	3547,3558
Partition 30	3520
Partition 32	3548
Partition 34	3600
Partition 35	3561
Partition 36	3560
Partition 37	3578
Partition 39	3553,3554
Partition 42	3546
path	7
T	13
cut	63
Partition 0	3530,3531,3542
Partition 1	3534,3535
Partition 2	3576,3575
Partition 4	3533,3590,3548,3549
Partition 5	3550
Partition 6	3585,3586,3587
Partition 7	3589,3596,3588
Partition 8	3592,3593,3594,3595
Partition 9	3522,3544,3545
Partition 10	3569,3552,3551
Partition 11	3520
Partition 12	3543,3571,3572,3570
Partition 14	3556,3567,3566,3565
Partition 15	3537,3538,3580
Partition 16	3526,3562,3578,3563,3561,3564
Partition 17	3560
Partition 19	3532,3600,3521,3557,3525
Partition 20	3555,3553,3554
Partition 21	3573,3574,3584
Partition 22	3579,3581,3582,3577,3583,3524,3541
Partition 23	3610,3609,3611
Partition 24	3599,3608,3597,3598
Partition 25	3605,3607,3606
Partition 26	3601,3602,3603,3604
Partition 27	3536,3540
Partition 28	3546,3523,3529,3559
Partition 29	3539
Partition 30	3527,3528
Partition 31	3591
Partition 34	3547
Partition 35	3558
Partition 36	3568
path	8
T	11
cut	65
Partition 0	3530,3531
Partition 1	3534,3535
Partition 2	3545
Partition 3	3577,3524
Partition 4	3533,3590,3548,3549
Partition 6	3585,3586,3587
Partition 7	3589,3596,3588
Partition 8	3591,3594,3595
Partition 9	3522,3544,3568
Partition 10	3569,3552,3551
Partition 11	3592,3593
Partition 12	3543,3571,3572,3542,3520,3570
Partition 13	3527,3528
Partition 14	3556,3567,3566
Partition 15	3537,3538
Partition 16	3562,3563,3561
Partition 17	3564,3565
Partition 18	3578,3523,3529,3559,3575,3560
Partition 19	3532,3600,3521,3557,3525
Partition 20	3526,3555,3553,3554
Partition 21	3573,3574,3584
Partition 22	3579,3581,3582,3583
Partition 23	3610,3609,3611
Partition 24	3599,3608,3597,3598
Partition 25	3605,3607,3606
Partition 26	3601,3602,3603,3604
Partition 28	3550
Partition 31	3576
Partition 34	3580
Partition 35	3539
Partition 38	3536,3540
Partition 39	3541
Partition 41	3547,3558
Partition 42	3546
path	9
T	11
cut	66
Partition 0	3530,3531
Partition 1	3534,3535
Partition 2	3545
Partition 3	3577,3524
Partition 4	3533,3590,3548,3549
Partition 6	3585,3586,3587
Partition 7	3589,3588
Partition 8	3591,3594,3595
Partition 9	3522,3544,3568
Partition 10	3569,3552,3551
Partition 11	3592,3593
Partition 12	3543,3571,3572,3542,3520,3570
Partition 13	3527,3528
Partition 14	3556,3567,3566
Partition 15	3537,3538
Partition 16	3562,3563,3561
Partition 17	3564,3565
Partition 18	3578,3523,3529,3559,3575,3560
Partition 19	3532,3600,3521,3557,3525
Partition 20	3526,3555,3553,3554
Partition 21	3573,3574,3584
Partition 22	3579,3581,3582,3583
Partition 23	3610,3609,3611
Partition 24	3599,3608,3597,3598
Partition 25	3605,3607,3606
Partition 26	3601,3602,3603,3604
Partition 28	3550
Partition 31	3576
Partition 34	3580
Partition 35	3539
Partition 38	3536,3540
Partition 39	3541
Partition 41	3547,3558
Partition 44	3546
Partition 45	3596
