path	1
T	16
cut	64
Partition 0	3610,3611,3609
Partition 1	3551,3550
Partition 2	3532,3547,3549,3548
Partition 3	3527,3520
Partition 4	3564,3563
Partition 5	3557,3558,3585,3561,3524,3562
Partition 6	3571,3608,3607
Partition 7	3552,3553,3554,3555
Partition 8	3556,3570,3568,3569
Partition 10	3606,3604,3605
Partition 11	3565,3566,3567
Partition 12	3597,3594,3595,3596,3598
Partition 13	3521,3538,3599,3600,3603
Partition 14	3580,3601,3602
Partition 15	3582,3581,3578
Partition 16	3586
Partition 17	3577,3587,3588
Partition 18	3541
Partition 19	3560,3542,3543,3523,3590
Partition 20	3592,3593,3591
Partition 21	3526,3534,3579,3533
Partition 22	3531,3529,3530,3583,3584
Partition 23	3574,3575,3576
Partition 24	3572,3573,3535,3536
Partition 25	3537,3546,3545
Partition 26	3539,3540,3544
Partition 27	3525
Partition 29	3559,3522,3589
Partition 30	3528
path	2
T	9
cut	65
Partition 0	3610,3611,3609
Partition 1	3551,3550
Partition 2	3532,3547,3549,3548
Partition 3	3528,3529
Partition 4	3558,3561,3559,3564,3563,3562
Partition 5	3589
Partition 6	3571,3608,3607
Partition 7	3553,3554,3555
Partition 8	3556,3570,3568,3569
Partition 9	3522
Partition 10	3606,3604,3605
Partition 11	3565,3566,3567
Partition 12	3597,3595,3596,3598
Partition 13	3599,3600,3603
Partition 14	3580,3601,3578,3602
Partition 15	3579
Partition 16	3557,3585,3584
Partition 17	3586,3587,3588
Partition 18	3521,3541,3525
Partition 19	3560,3542,3577,3552,3543,3523
Partition 20	3592,3593,3591
Partition 21	3526,3534,3583,3533
Partition 22	3530
Partition 23	3574,3575,3576
Partition 24	3572,3573,3535,3536
Partition 25	3537,3546,3545
Partition 26	3538,3539,3540,3544
Partition 27	3590
Partition 28	3582,3581
Partition 29	3524
Partition 32	3520,3594
Partition 34	3527,3531
path	3
T	13
cut	62
Partition 0	3610,3611,3609
Partition 1	3551,3550
Partition 2	3532,3547,3549,3524,3548
Partition 3	3527,3531,3520,3528,3564,3529,3530
Partition 4	3558,3559
Partition 5	3561,3563,3562
Partition 6	3571,3608,3607
Partition 7	3552,3553,3554,3555
Partition 8	3556,3570,3568,3569
Partition 9	3522
Partition 10	3606,3604,3605
Partition 11	3565,3566,3567
Partition 12	3597,3594,3595,3596,3598
Partition 13	3599,3600,3603
Partition 14	3580,3601,3602
Partition 15	3582,3581
Partition 16	3586
Partition 17	3587,3589,3588
Partition 18	3521,3541,3525
Partition 19	3560,3542,3577,3543,3523
Partition 20	3592,3593,3591
Partition 21	3526,3534,3579,3533
Partition 22	3585,3583,3584
Partition 23	3574,3575,3576
Partition 24	3572,3573,3535,3536
Partition 25	3537,3546,3545
Partition 26	3538,3539,3540,3544
Partition 27	3578
Partition 29	3557
Partition 30	3590
path	4
T	13
cut	67
Partition 0	3610,3611,3609
Partition 1	3551,3550
Partition 2	3532,3547,3549,3548
Partition 3	3528,3529,3530
Partition 4	3561,3563,3562
Partition 6	3571,3608,3607
Partition 7	3553,3554,3555
Partition 8	3556,3570,3566,3568,3567,3569
Partition 10	3606,3604,3605
Partition 11	3597,3598
Partition 12	3527,3520,3594,3595,3596
Partition 13	3599,3600,3603
Partition 14	3580,3601,3602
Partition 15	3582,3581,3578
Partition 16	3585,3586,3584
Partition 17	3577,3588
Partition 18	3579
Partition 19	3560,3542,3543,3523,3590
Partition 20	3592,3593,3591
Partition 21	3526,3534,3533
Partition 22	3531
Partition 23	3574,3575,3576
Partition 24	3572,3573,3535,3536
Partition 25	3537,3546,3545
Partition 26	3540,3544
Partition 27	3558,3559,3522,3552,3589
Partition 28	3564
Partition 29	3524
Partition 32	3538
Partition 33	3521,3541,3565
Partition 34	3539
Partition 37	3587
Partition 39	3557,3525
Partition 41	3583
path	5
T	8
cut	63
Partition 0	3610,3611,3609
Partition 1	3551,3555,3550
Partition 2	3532,3547,3549,3548
Partition 3	3527,3520,3528
Partition 4	3558,3559,3564,3522,3563
Partition 5	3561,3562
Partition 6	3571,3608,3607
Partition 8	3556,3570,3568,3569
Partition 9	3552,3553,3554
Partition 10	3606,3604,3605
Partition 11	3565,3566,3567
Partition 12	3597,3594,3595,3596,3598
Partition 13	3599,3600,3603
Partition 14	3580,3601,3602
Partition 15	3582,3581,3578
Partition 16	3585,3586
Partition 17	3577,3587,3588
Partition 18	3521,3541,3557,3525
Partition 19	3560,3542,3543,3523,3590
Partition 20	3592,3593,3591
Partition 21	3526,3534,3533
Partition 22	3531,3529,3530,3583,3584
Partition 23	3574,3575,3576
Partition 24	3572,3573,3535,3536
Partition 25	3537,3546,3545
Partition 26	3538,3539,3540,3544
Partition 28	3524
Partition 30	3579
Partition 33	3589
path	6
T	11
cut	67
Partition 0	3610,3611,3609
Partition 1	3551,3550
Partition 2	3532,3547,3549,3548
Partition 3	3527,3520
Partition 4	3564,3563
Partition 5	3557,3558,3585,3561,3524,3562
Partition 6	3571,3608,3607
Partition 7	3552,3553,3554,3555
Partition 8	3556,3570,3568,3569
Partition 10	3606,3604,3605
Partition 11	3521,3565,3566,3567
Partition 12	3597,3594,3595,3596,3598
Partition 13	3599,3600,3603
Partition 14	3580,3601,3602
Partition 15	3582,3581,3578
Partition 16	3586
Partition 17	3577,3587,3588
Partition 18	3541
Partition 19	3542,3543,3523,3590
Partition 20	3592,3593,3591
Partition 21	3526,3534,3579,3533
Partition 22	3531,3529,3530,3583,3584
Partition 23	3574,3575,3576
Partition 24	3572,3573,3535,3536
Partition 25	3537,3546,3545
Partition 26	3538,3539,3540,3544
Partition 27	3525
Partition 29	3589
Partition 30	3528
Partition 32	3559
Partition 35	3522
Partition 38	3560
path	7
T	11
cut	69
Partition 0	3610,3611,3609
Partition 1	3551,3550
Partition 2	3532,3547,3549,3548
Partition 3	3528,3529,3530
Partition 4	3558,3559
Partition 5	3561,3563,3562
Partition 6	3571,3608,3607
Partition 7	3552,3553,3554,3555
Partition 8	3556,3570,3568,3569
Partition 9	3522
Partition 10	3606,3604,3605
Partition 11	3565,3566,3567
Partition 12	3597,3594,3595,3596,3598
Partition 13	3521,3599,3600,3603
Partition 14	3580,3601,3602
Partition 15	3582,3581
Partition 16	3586
Partition 17	3587,3589,3588
Partition 18	3525
Partition 19	3560,3542,3577,3543,3523
Partition 20	3592,3593,3591
Partition 21	3526,3534,3579,3533
Partition 22	3585,3583,3584
Partition 23	3574,3575,3576
Partition 24	3572,3573,3535,3536
Partition 25	3537,3546,3545
Partition 26	3538,3539,3540,3544
Partition 27	3578
Partition 29	3557
Partition 30	3590
Partition 31	3564
Partition 32	3524
Partition 35	3541
Partition 36	3520
Partition 37	3531
Partition 38	3527
path	8
T	14
cut	69
Partition 0	3610,3611,3609
Partition 1	3551,3550
Partition 2	3532,3547,3549,3548
Partition 3	3528,3529,3530
Partition 4	3561,3563,3562
Partition 6	3571,3608,3607
Partition 7	3553,3554,3555
Partition 8	3556,3570,3566,3568,3567,3569
Partition 10	3606,3604,3605
Partition 11	3597,3598
Partition 12	3527,3520,3594,3595,3596
Partition 13	3599,3600,3603
Partition 14	3580,3601
Partition 15	3586,3582,3581,3578
Partition 16	3557,3585,3584
Partition 17	3577,3588
Partition 19	3560,3542,3543,3523,3590
Partition 20	3592,3593,3591
Partition 21	3526,3534,3533
Partition 22	3531
Partition 23	3574,3575,3576
Partition 24	3572,3573,3535,3536
Partition 25	3537,3546,3545
Partition 26	3540,3544
Partition 27	3558,3559,3522,3552,3589
Partition 28	3564
Partition 29	3524
Partition 32	3538
Partition 33	3541
Partition 34	3539
Partition 37	3587
Partition 39	3579
Partition 41	3583
Partition 42	3521,3565
Partition 47	3602
Partition 48	3525
path	9
T	11
cut	67
Partition 0	3610,3611,3609
Partition 1	3551,3555,3550
Partition 2	3532,3547,3549,3548
Partition 3	3527,3520,3528
Partition 4	3558,3559
Partition 5	3561,3562
Partition 6	3571,3608,3607
Partition 8	3556,3570,3568,3569
Partition 9	3552,3553,3554
Partition 10	3606,3604,3605
Partition 11	3565,3566,3567
Partition 12	3597,3594,3595,3596,3598
Partition 13	3599,3600,3603
Partition 14	3580,3601,3602
Partition 15	3582,3581,3578
Partition 16	3585,3586
Partition 17	3577,3587,3588
Partition 18	3521,3541,3557,3525
Partition 19	3560,3542,3543,3523,3590
Partition 20	3592,3593,3591
Partition 21	3534,3533
Partition 22	3526,3530,3583,3584
Partition 23	3574,3575,3576
Partition 24	3572,3573,3535,3536
Partition 25	3537,3546,3545
Partition 26	3538,3539,3540,3544
Partition 28	3524
Partition 30	3579
Partition 33	3589
Partition 34	3563
Partition 36	3564
Partition 37	3522
Partition 39	3529
Partition 41	3531
