cut	51
Partition 0	3561,3560,3562
Partition 1	3523,3544,3545
Partition 2	3572,3573,3546
Partition 3	3551,3547,3552,3556
Partition 4	3522,3555,3553,3554
Partition 5	3577,3579,3580
Partition 6	3521,3598,3597,3596
Partition 7	3574,3575,3582,3581
Partition 8	3576,3586,3587
Partition 9	3525,3524,3534,3535
Partition 10	3550,3578,3549,3548
Partition 11	3536,3520,3557
Partition 12	3602,3601,3600
Partition 13	3559,3599,3558,3543
Partition 14	3565,3566,3571
Partition 15	3590,3591,3592,3593
Partition 16	3526,3568,3569,3570
Partition 17	3529,3563,3564
Partition 18	3539,3540,3530
Partition 19	3533,3541,3531,3542,3532
Partition 20	3527,3528,3588
Partition 21	3538,3537,3567,3583
Partition 22	3585,3584,3589,3594,3595
