cut	46
Partition 0	3547,3548,3558
Partition 1	3560,3556,3557,3561
Partition 2	3549,3550,3545,3546
Partition 3	3553,3554,3555,3552
Partition 4	3562,3564,3563
Partition 5	3592,3559,3526
Partition 6	3568,3569,3570
Partition 7	3571,3585,3584
Partition 8	3598,3597,3544
Partition 9	3565,3595,3596
Partition 10	3593,3586,3594,3520
Partition 11	3525,3579,3580
Partition 12	3529,3530,3531
Partition 13	3566,3567,3543,3542
Partition 14	3578,3581,3582
Partition 15	3574,3575,3583
Partition 16	3527,3528,3523,3572
Partition 17	3536,3537,3538
Partition 18	3534,3535,3541
Partition 19	3521,3532,3539,3540
Partition 20	3576,3577,3522,3533
Partition 21	3573,3591,3590
Partition 22	3587,3524,3589,3551,3588
