path	1
T	8
cut	55
Partition 0	3560,3572,3571
Partition 1	3532,3533,3530
Partition 2	3556,3573,3557
Partition 3	3542,3545,3524
Partition 4	3569,3570,3575,3574
Partition 5	3576,3520,3599,3598
Partition 6	3544,3547,3558,3546
Partition 7	3596,3553,3597
Partition 8	3534,3535,3549,3552,3550,3551
Partition 9	3584,3585,3595,3594
Partition 10	3579,3577,3578,3587
Partition 11	3580,3583,3586,3531,3581,3582
Partition 12	3525,3554,3590,3591
Partition 13	3565,3566,3589,3592,3588,3593
Partition 14	3567,3568
Partition 15	3563,3564
Partition 16	3523,3539
Partition 17	3561,3562,3522,3527,3526
Partition 18	3536,3537,3538,3541,3548
Partition 22	3543
Partition 23	3529
Partition 26	3555
Partition 27	3540
Partition 29	3559
Partition 30	3528
Partition 33	3521
path	2
T	16
cut	54
Partition 0	3559,3560,3571
Partition 1	3532,3533,3529,3530
Partition 3	3547,3545,3546,3524,3557
Partition 4	3569,3570,3575,3574
Partition 5	3576,3520,3599,3598
Partition 6	3544,3558
Partition 7	3596,3553,3597
Partition 8	3534,3535,3552,3551
Partition 9	3584,3585,3595,3594
Partition 10	3579,3577,3578,3587,3521
Partition 11	3580,3583,3581,3582
Partition 12	3525,3590,3591
Partition 13	3589,3588,3593
Partition 14	3565,3566,3567,3568
Partition 15	3563,3592,3564
Partition 16	3523,3539
Partition 17	3561,3562,3556,3522,3555
Partition 18	3536,3537,3538,3540,3541,3548,3549
Partition 20	3573
Partition 23	3542,3572
Partition 24	3554
Partition 25	3528
Partition 27	3586,3531
Partition 28	3550
Partition 31	3527,3526
Partition 32	3543
path	3
T	11
cut	55
Partition 0	3559,3560,3571
Partition 1	3532,3533,3529,3530,3526
Partition 2	3590,3591,3542,3572
Partition 3	3545,3524
Partition 4	3573,3569,3570,3575,3574
Partition 5	3576,3520,3599,3598
Partition 6	3543,3544,3547,3546
Partition 7	3596,3553,3597,3552
Partition 8	3534,3535
Partition 9	3584,3585,3595,3594
Partition 10	3579,3577,3578,3587
Partition 11	3580,3583,3581,3582
Partition 12	3556,3557
Partition 13	3589,3592,3588,3593
Partition 14	3566,3567,3568
Partition 16	3521
Partition 17	3561,3562,3563,3522,3540,3539,3564
Partition 18	3536,3537,3538,3541,3548,3549
Partition 20	3531
Partition 21	3525,3554,3523
Partition 22	3558
Partition 23	3586
Partition 24	3550,3551
Partition 26	3527,3528
Partition 27	3565
Partition 28	3555
path	4
T	10
cut	54
Partition 0	3559,3560,3571
Partition 1	3543,3527,3532,3533,3529,3530,3526
Partition 2	3556,3555,3557
Partition 3	3542,3545
Partition 4	3573,3569,3570,3575,3574
Partition 5	3576,3520,3599,3598
Partition 6	3544,3547,3558,3546
Partition 7	3596,3553,3597,3552
Partition 8	3549,3550,3551
Partition 9	3584,3585,3595,3594
Partition 10	3577,3578,3587
Partition 11	3580,3583,3581,3582
Partition 12	3525,3554,3590,3591
Partition 13	3586,3589,3588,3593
Partition 14	3565,3566,3567,3568
Partition 15	3564
Partition 16	3528,3523,3539,3535,3521
Partition 17	3561,3562,3563,3522
Partition 18	3536,3537,3538,3541,3548
Partition 19	3572
Partition 21	3531
Partition 22	3534
Partition 25	3579
Partition 26	3592
Partition 30	3524
Partition 31	3540
path	5
T	8
cut	57
Partition 0	3560,3572,3571
Partition 1	3555,3532,3533,3529,3530
Partition 2	3557
Partition 3	3542,3545,3524
Partition 4	3569,3570,3575,3574
Partition 5	3576,3520,3599,3598
Partition 6	3543,3544,3547,3558,3546
Partition 7	3596,3553,3597
Partition 8	3534,3535,3552,3550,3551
Partition 9	3584,3585,3595,3594
Partition 10	3539,3577,3578,3587,3521
Partition 11	3580,3583,3581,3582
Partition 12	3525,3554,3590,3591
Partition 13	3589,3588,3593
Partition 14	3567
Partition 15	3565,3566
Partition 16	3523
Partition 17	3561,3562,3522
Partition 18	3536,3537,3538,3541,3548
Partition 21	3579
Partition 23	3549
Partition 24	3531
Partition 25	3563,3568,3592,3564
Partition 27	3586
Partition 28	3559
Partition 29	3556
Partition 30	3573
Partition 31	3527,3528,3526
Partition 33	3540
