path	1
T	24
cut	89
Partition 0	2066,2142,2076
Partition 1	2130,2138,2139,2140,2141
Partition 2	2129,2068
Partition 3	2131
Partition 6	2132,2133,2135,2134,2136
Partition 8	2063,2088,2099,2089,2100
Partition 9	2082,2083,2062
Partition 10	2146,2147,2145,2148
Partition 12	2143,2144,2149,2150,2151
Partition 14	2077,2102,2103,2101,2067
Partition 15	2094,2095
Partition 16	2097,2098,2104,2105,2106
Partition 19	2093,2109,2107,2108
Partition 20	2078,2090,2091,2092
Partition 23	2112,2113,2110
Partition 24	2079,2080,2081,2085
Partition 25	2199,2200,2184
Partition 27	2096,2075,2084,2086,2087
Partition 28	2167,2169,2176,2154,2171
Partition 29	2168,2137,2153,2152
Partition 32	2170,2172
Partition 33	2174,2173,2177
Partition 34	2069,2111,2127,2128,2175
Partition 36	2158,2157,2160
Partition 37	2072,2156,2155,2159,2074
Partition 38	2164,2166
Partition 39	2070,2161,2163,2162,2165
Partition 41	2114,2071,2115
Partition 44	2064,2125,2126,2182
Partition 45	2116,2117
Partition 46	2121,2122,2123
Partition 47	2118,2073,2119
Partition 48	2120,2180,2179,2181,2178
Partition 49	2124,2183
Partition 51	2065,2185,2186,2195
Partition 52	2187,2189,2188
Partition 53	2192,2191,2193,2190
Partition 55	2196,2194,2197,2198
path	2
T	18
cut	88
Partition 0	2129,2130,2138,2068
Partition 1	2139,2140,2141,2149
Partition 3	2066,2131,2132
Partition 4	2142,2143,2133,2076,2134
Partition 5	2135,2136,2137
Partition 9	2082,2083,2062
Partition 10	2146,2147,2145,2148
Partition 11	2063,2088,2099,2089,2100
Partition 12	2144,2153,2150,2151,2152
Partition 15	2094,2095
Partition 16	2096,2097,2098,2105,2106
Partition 17	2102,2103,2101,2104
Partition 19	2093,2109,2107,2108
Partition 20	2078,2090,2091,2092,2075
Partition 21	2069,2111,2127,2174,2177
Partition 23	2112,2113,2110
Partition 25	2065,2079,2077,2080,2067
Partition 27	2081,2085,2084,2086,2087
Partition 30	2166,2167,2168,2154,2171
Partition 31	2180,2176,2175,2178
Partition 32	2170,2169,2172
Partition 33	2128,2173
Partition 35	2072,2156,2155,2159,2074
Partition 36	2164,2158,2157,2160
Partition 38	2070,2161,2163,2162,2165
Partition 41	2114,2071,2115
Partition 44	2064,2125,2126,2182
Partition 45	2116,2117
Partition 46	2121,2122,2123
Partition 47	2118,2073,2119
Partition 48	2120,2179,2181
Partition 49	2124
Partition 50	2185,2199,2200,2183,2184
Partition 51	2186,2195
Partition 52	2187,2189,2188
Partition 54	2192,2191,2193,2190
Partition 55	2196,2194,2197,2198
path	3
T	16
cut	89
Partition 0	2129,2130,2138,2068
Partition 1	2139,2140
Partition 2	2146,2147,2145,2148
Partition 3	2066,2131,2132
Partition 4	2142,2143,2133,2076,2134
Partition 5	2135,2136,2137,2153,2152
Partition 7	2063,2099,2100
Partition 9	2082,2083,2062
Partition 11	2093,2088,2089,2107
Partition 12	2144,2141,2149,2150,2151
Partition 14	2102,2103,2101,2104
Partition 15	2094,2095
Partition 16	2096,2097,2098,2105,2106
Partition 20	2078,2090,2091,2092,2075
Partition 21	2069,2111
Partition 22	2109,2108
Partition 23	2112,2113,2110
Partition 24	2081,2085,2084,2086,2087
Partition 30	2167,2168,2171
Partition 31	2180,2128,2176,2175,2178
Partition 32	2170,2169,2154,2172
Partition 33	2174,2173,2177
Partition 34	2127
Partition 35	2072,2156,2158,2157,2074
Partition 38	2070
Partition 39	2161,2165,2164,2166,2160
Partition 40	2163,2162,2155,2159
Partition 41	2114,2071,2115
Partition 43	2124
Partition 44	2064,2125,2126,2182,2181
Partition 45	2116,2117
Partition 46	2121,2122,2123
Partition 47	2118,2073,2119,2120,2179
Partition 50	2185,2199,2200,2183,2184
Partition 51	2065,2079,2077,2080,2067
Partition 52	2187,2189,2190,2188
Partition 53	2186,2192,2191,2193,2195
Partition 55	2196,2194,2197,2198
path	4
T	16
cut	88
Partition 1	2130,2138,2143,2139,2140
Partition 2	2131,2129,2132,2068
Partition 4	2066,2142,2076
Partition 5	2133,2135,2134,2136,2137
Partition 9	2082,2083,2062
Partition 11	2063,2088,2099,2089,2100
Partition 12	2141,2149,2150,2151,2152
Partition 13	2146,2147,2145,2148
Partition 15	2144,2094,2095
Partition 16	2098,2103,2104,2105,2106
Partition 17	2102,2101
Partition 18	2096,2077,2078,2097,2067
Partition 19	2090,2091,2092,2093,2107
Partition 21	2069,2111
Partition 22	2109,2108
Partition 23	2112,2113,2110
Partition 24	2065,2079,2080,2085
Partition 27	2081,2075,2084,2086,2087
Partition 30	2167,2168,2153,2154,2171
Partition 31	2128,2176,2173,2175,2178
Partition 32	2170,2169,2172
Partition 33	2127
Partition 34	2174,2177
Partition 36	2163,2164,2166,2158,2160
Partition 37	2072
Partition 38	2070
Partition 39	2161,2162,2165
Partition 40	2156,2155,2159,2157,2074
Partition 41	2114,2071,2115
Partition 44	2064,2125,2126
Partition 45	2116,2117
Partition 46	2121,2124,2188,2122,2123
Partition 47	2118,2073,2119,2120
Partition 48	2187,2182,2180,2179,2181
Partition 50	2185,2199,2200,2183,2184
Partition 51	2186,2195
Partition 54	2192,2191,2193,2189,2190
Partition 55	2196,2194,2197,2198
path	5
T	13
cut	87
Partition 1	2130,2138,2139,2140
Partition 2	2131,2129,2132,2068
Partition 4	2066,2142,2076
Partition 5	2133,2135,2134,2136,2137
Partition 8	2063,2088,2099,2089,2100
Partition 9	2082,2083,2062
Partition 11	2145,2148,2141,2149
Partition 12	2143,2144,2150,2151,2152
Partition 13	2146,2147
Partition 15	2094,2095
Partition 16	2096,2097,2098,2104,2105
Partition 17	2077,2102,2103,2101,2067
Partition 19	2093,2109,2107,2108,2106
Partition 20	2078,2090,2091,2092,2075
Partition 21	2069,2111
Partition 23	2112,2113,2110
Partition 24	2065,2079,2185,2080
Partition 26	2081,2085,2084,2086,2087
Partition 30	2167,2168,2153,2154,2171
Partition 31	2176,2175,2178
Partition 32	2170,2169,2172
Partition 34	2127,2128,2174,2173,2177
Partition 36	2158,2157,2160
Partition 37	2072
Partition 38	2070,2163,2164,2166
Partition 39	2161,2162,2165
Partition 40	2156,2155,2159,2074
Partition 41	2114,2071,2115
Partition 42	2064,2125,2126
Partition 45	2116,2117
Partition 46	2121,2122
Partition 47	2118,2073,2119
Partition 48	2187,2120,2180,2179,2181
Partition 49	2124,2183,2182,2188,2123
Partition 50	2199,2200,2184
Partition 53	2192,2191,2193,2189,2190
Partition 54	2186,2195
Partition 55	2196,2194,2197,2198
path	6
T	15
cut	88
Partition 0	2129,2068
Partition 1	2130,2138,2139,2140,2141
Partition 3	2131
Partition 4	2066,2142,2076
Partition 6	2132,2133,2135,2134,2136
Partition 8	2063,2088,2099,2089,2100
Partition 9	2082,2083,2062
Partition 10	2146,2147,2145,2148
Partition 12	2143,2144,2149,2150,2151
Partition 15	2098,2094,2095,2105,2106
Partition 17	2102,2103,2101,2104
Partition 18	2077,2097,2067
Partition 20	2078,2090,2091,2092
Partition 21	2069,2111
Partition 22	2087,2093,2109,2107,2108
Partition 23	2112,2113,2110
Partition 24	2079
Partition 26	2065,2096,2075
Partition 27	2080,2081,2085,2084,2086
Partition 29	2137,2153,2154,2152
Partition 30	2167,2168,2171
Partition 31	2180,2176,2181,2175,2178
Partition 32	2170,2169,2172
Partition 34	2127,2128,2174,2173,2177
Partition 35	2160
Partition 37	2072,2156,2158,2157,2074
Partition 38	2163,2164,2166
Partition 39	2070,2161,2162,2165
Partition 40	2155,2159
Partition 41	2114,2071,2115
Partition 42	2124,2126,2182,2188,2123
Partition 44	2064,2125
Partition 45	2116,2117
Partition 46	2121,2122
Partition 47	2118,2073,2119
Partition 48	2120,2179
Partition 50	2185,2199,2200,2183,2184
Partition 52	2192,2187,2189,2190
Partition 54	2196,2191,2193,2194
Partition 55	2186,2195,2197,2198
path	7
T	21
cut	89
Partition 0	2129,2076,2068
Partition 1	2138,2140,2141,2149
Partition 2	2130,2139
Partition 4	2066,2131,2142,2132,2143
Partition 5	2133,2135,2134,2136,2137
Partition 7	2099,2100
Partition 8	2093,2063,2088,2089,2107
Partition 9	2082,2083,2062
Partition 12	2094,2095
Partition 13	2146,2147,2145,2148
Partition 16	2097,2098,2104,2105,2106
Partition 17	2077,2102,2103,2101,2067
Partition 20	2078,2090,2091,2092
Partition 23	2112,2113,2110
Partition 24	2065,2079,2080,2081,2085
Partition 26	2096,2185,2186,2195,2075
Partition 27	2084,2086,2087,2109,2108
Partition 29	2144,2153,2150,2151,2152
Partition 30	2166,2167,2168,2154,2171
Partition 31	2180,2176,2175,2178
Partition 32	2170,2169,2172
Partition 33	2182,2179,2181,2173,2177
Partition 34	2069,2111,2127,2128,2174
Partition 37	2164,2158,2157,2160
Partition 39	2070,2161,2163,2162,2165
Partition 40	2072,2156,2155,2159,2074
Partition 41	2114,2071,2115
Partition 44	2064,2125,2126
Partition 45	2116,2117,2118,2073,2119
Partition 48	2120
Partition 49	2124,2183
Partition 50	2199,2200,2184
Partition 52	2121,2187,2188,2122,2123
Partition 54	2192,2191,2193,2189,2190
Partition 55	2196,2194,2197,2198
path	8
T	25
cut	91
Partition 0	2129,2138,2068
Partition 4	2066,2131,2142,2132,2143
Partition 5	2135,2136,2137,2153,2152
Partition 6	2133,2134
Partition 7	2063,2099,2100
Partition 9	2088,2082,2083,2062
Partition 10	2130,2146,2147,2145,2148
Partition 11	2139,2140,2076,2141,2149
Partition 12	2144,2094,2095,2150,2151
Partition 16	2097,2098,2105,2107,2106
Partition 17	2102,2103,2101,2104
Partition 19	2089
Partition 20	2078,2090,2091,2092,2093
Partition 21	2069,2111,2127,2109,2108
Partition 23	2112,2113,2110
Partition 24	2077,2080,2081,2085,2067
Partition 27	2075,2084,2086,2087
Partition 30	2167,2168,2154,2171
Partition 31	2176,2175,2178
Partition 32	2170,2169,2174,2172
Partition 34	2128,2173
Partition 36	2072,2156,2158,2157,2160
Partition 37	2074
Partition 38	2163,2164,2166
Partition 39	2070,2161,2162,2165
Partition 40	2155,2159
Partition 41	2114,2071,2115
Partition 42	2120,2180,2179,2181,2177
Partition 44	2064,2125,2126
Partition 45	2116,2117
Partition 46	2121,2122,2123
Partition 47	2118,2073,2119
Partition 49	2124,2183,2182
Partition 50	2199,2200,2184
Partition 51	2065,2079,2096,2185,2186
Partition 52	2192,2187,2189,2188
Partition 53	2191,2193,2190
Partition 55	2196,2194,2195,2197,2198
path	9
T	16
cut	90
Partition 0	2129,2130,2068
Partition 4	2066,2131,2142,2132,2143
Partition 5	2133,2135,2134,2136,2137
Partition 8	2063,2088,2099,2089,2100
Partition 9	2082,2083,2062
Partition 10	2147,2145,2148,2141,2149
Partition 12	2138,2139,2140,2076
Partition 13	2146
Partition 14	2102,2103,2101,2104
Partition 15	2144,2094,2095,2150,2151
Partition 16	2096,2097,2098,2105,2106
Partition 20	2078,2090,2091,2092,2075
Partition 22	2093,2109,2107,2108
Partition 23	2112,2113,2110
Partition 24	2065,2079,2077,2080,2067
Partition 27	2081,2085,2084,2086,2087
Partition 29	2153,2152
Partition 30	2167,2168,2154,2171
Partition 31	2180,2176,2175,2178
Partition 32	2170,2169,2172
Partition 33	2069,2111,2127,2128
Partition 34	2174,2173,2177
Partition 35	2158,2157,2160,2074
Partition 37	2072
Partition 38	2163,2164,2166
Partition 39	2070,2161,2162,2165
Partition 40	2156,2155,2159
Partition 41	2114,2071,2115
Partition 42	2187,2182,2120,2179,2181
Partition 43	2189,2188
Partition 44	2064,2125,2126
Partition 45	2116,2117
Partition 46	2121,2122,2123
Partition 47	2118,2073,2119
Partition 49	2124,2183
Partition 51	2185,2199,2200,2186,2184
Partition 53	2192,2191,2193,2190
Partition 55	2196,2194,2195,2197,2198
path	10
T	16
cut	89
Partition 0	2129,2130,2138,2139,2068
Partition 1	2133,2076,2134
Partition 3	2131,2132
Partition 4	2066,2142,2143
Partition 5	2135,2136,2137,2153,2152
Partition 7	2063,2099,2100
Partition 10	2140,2145,2148,2141,2149
Partition 11	2088,2089,2062
Partition 12	2144,2094,2095,2150,2151
Partition 13	2146,2147
Partition 16	2097,2098,2104,2105,2106
Partition 18	2077,2102,2103,2101,2067
Partition 19	2069,2111
Partition 20	2078,2090,2091,2092,2075
Partition 21	2093,2109,2107,2108
Partition 23	2112,2113,2110
Partition 24	2079,2080,2081,2085
Partition 25	2065,2096
Partition 27	2084,2086,2087,2082,2083
Partition 30	2167,2168,2171
Partition 31	2180,2176,2175,2178
Partition 32	2170,2169,2154,2172
Partition 33	2127,2128,2174,2173,2177
Partition 35	2156,2158,2157,2160,2074
Partition 37	2072
Partition 38	2163,2164,2166
Partition 39	2070,2161,2162,2165
Partition 40	2155,2159
Partition 41	2114,2071,2115
Partition 44	2064,2125,2126,2188
Partition 45	2116,2117
Partition 46	2121,2122,2123
Partition 47	2118,2073,2119
Partition 48	2182,2120,2179,2181
Partition 49	2124
Partition 51	2185,2199,2200,2183,2184
Partition 52	2192,2187,2189,2190
Partition 54	2186,2191,2193,2195
Partition 55	2196,2194,2197,2198
