cut	45
Partition 0	7537,7561,7560
Partition 1	7563,7562
Partition 2	7498,7499,7502
Partition 3	7519,7518,7517
Partition 4	7492,7500,7501
Partition 5	7531,7532,7533
Partition 6	7522,7523,7524,7521
Partition 7	7536,7534,7535
Partition 8	7528,7520,7495
Partition 9	7529,7526,7527,7530
Partition 10	7504,7493,7503,7525
Partition 11	7506,7490,7553
Partition 12	7552,7539,7538
Partition 13	7497,7505,7541
Partition 14	7542,7543,7544
Partition 15	7550,7551,7554
Partition 16	7555,7545,7540,7556
Partition 17	7516,7515
Partition 18	7512,7513,7514
Partition 19	7509,7494,7496,7510
Partition 20	7508,7507,7549
Partition 21	7557,7558,7559
Partition 22	7548,7547,7491,7511,7546
