path	1
T	13
cut	52
Partition 0	3540,3541,3548
Partition 1	3549,3552,3550,3551
Partition 2	3556,3522,3555,3532,3530,3557
Partition 3	3536,3537,3538,3527
Partition 4	3528,3533,3534,3535
Partition 5	3596,3553,3597
Partition 6	3576,3520,3599,3598
Partition 7	3570,3575,3574
Partition 8	3561,3562,3563
Partition 9	3566,3567,3568,3564,3569
Partition 10	3525,3565,3589,3587,3588,3521
Partition 11	3554,3523,3539
Partition 12	3580,3583,3586,3584
Partition 13	3590,3591,3592,3593
Partition 14	3585,3595,3594
Partition 15	3579,3577,3578
Partition 16	3544,3547
Partition 17	3543,3529,3526,3581,3582
Partition 18	3531,3559,3560,3571
Partition 19	3524
Partition 20	3542,3545,3546
Partition 21	3572
Partition 22	3573
Partition 23	3558
path	2
T	9
cut	55
Partition 0	3540,3541,3548
Partition 1	3549,3552,3550,3551
Partition 2	3555,3530
Partition 3	3536,3537,3538,3527
Partition 4	3528,3533,3534,3535
Partition 5	3596,3553,3597
Partition 6	3576,3520,3599,3598
Partition 7	3570,3575,3574
Partition 8	3561,3562,3522
Partition 9	3566,3567,3568,3564
Partition 10	3525,3565,3587,3588,3521
Partition 11	3554,3523,3539
Partition 12	3580,3586
Partition 13	3591,3592,3593
Partition 14	3585,3595,3594
Partition 15	3579,3577,3578,3524
Partition 16	3543,3544,3558,3526
Partition 17	3583,3584,3581,3582
Partition 18	3531,3532,3559,3560,3571
Partition 19	3556,3557
Partition 20	3542,3572,3573
Partition 21	3590
Partition 22	3589
Partition 23	3547,3545,3546
Partition 26	3529
Partition 28	3569
Partition 30	3563
path	3
T	13
cut	56
Partition 0	3540,3541,3548
Partition 1	3549,3552,3550,3551
Partition 2	3555,3530
Partition 3	3536,3537,3538,3527,3526
Partition 4	3532,3533,3534,3535
Partition 5	3596,3553,3597
Partition 6	3575,3576,3520,3599,3598
Partition 7	3545,3546
Partition 8	3561,3562,3563,3592
Partition 9	3566,3567,3568,3564,3569,3570
Partition 10	3579,3577,3578
Partition 11	3554,3523,3539
Partition 12	3583,3584,3581,3582
Partition 13	3525,3565,3580,3590,3586,3591
Partition 14	3585,3595,3594
Partition 15	3524
Partition 16	3543,3544,3558
Partition 17	3529
Partition 18	3559,3560,3587,3588,3521
Partition 19	3556,3557
Partition 20	3542,3572,3573,3574
Partition 22	3547
Partition 23	3589
Partition 24	3593
Partition 25	3522
Partition 27	3528
Partition 28	3571
Partition 30	3531
path	4
T	13
cut	55
Partition 0	3540,3541,3548
Partition 1	3549,3552,3550,3551
Partition 2	3556,3522,3555,3532,3530
Partition 3	3536,3537,3538,3527
Partition 4	3528,3533,3534,3535
Partition 5	3596,3553,3597
Partition 6	3576,3520,3599,3598
Partition 7	3545,3546,3570,3575,3574
Partition 8	3561,3562
Partition 9	3566,3567,3568,3564,3569
Partition 10	3565,3587,3588,3521
Partition 11	3554,3523,3539
Partition 12	3580,3583
Partition 13	3590,3591,3563,3592
Partition 14	3585,3595,3593,3594
Partition 15	3579,3577,3578
Partition 16	3543,3544,3558
Partition 17	3529,3526,3581,3582
Partition 18	3586,3531,3559,3560,3571
Partition 19	3524
Partition 20	3542,3572,3573
Partition 21	3589
Partition 23	3547
Partition 24	3584
Partition 25	3557
Partition 26	3525
path	5
T	14
cut	56
Partition 0	3540,3541,3548
Partition 1	3549,3552,3550,3551
Partition 3	3536,3537,3538
Partition 4	3528,3533,3534,3535,3521
Partition 5	3596,3553,3597
Partition 6	3576,3520,3599,3598
Partition 7	3570,3575,3574
Partition 8	3563
Partition 9	3565,3566,3567,3568,3564,3569,3526
Partition 10	3587,3588
Partition 11	3554,3523,3539
Partition 12	3583
Partition 13	3590,3591,3592,3593
Partition 14	3584,3585,3595,3594
Partition 15	3577,3578,3524,3557
Partition 16	3543,3544,3558
Partition 17	3581,3582
Partition 18	3580,3586,3531,3559,3560,3571
Partition 20	3542,3545,3572,3546
Partition 21	3561,3522,3527,3555,3532,3530
Partition 22	3562
Partition 23	3589
Partition 25	3525
Partition 28	3547
Partition 30	3573
Partition 31	3556
Partition 33	3529
Partition 34	3579
path	6
T	11
cut	58
Partition 0	3540,3541,3548
Partition 1	3549,3552,3550,3551
Partition 2	3556,3522,3555,3532,3530,3557
Partition 3	3536,3537,3538,3527
Partition 4	3528,3533,3534,3535
Partition 5	3596,3553,3597
Partition 6	3576,3520,3599,3598
Partition 7	3570,3575,3574
Partition 8	3561,3562,3563
Partition 9	3566,3567,3568,3564,3569
Partition 10	3565,3589,3587,3588,3521
Partition 11	3554,3523,3539
Partition 12	3580,3586
Partition 13	3590,3591,3592,3593
Partition 14	3583,3584,3585
Partition 15	3579,3578
Partition 16	3544,3547
Partition 17	3543,3529,3526,3581,3582
Partition 18	3560,3571
Partition 19	3524
Partition 20	3542,3545,3546
Partition 21	3572
Partition 22	3573
Partition 23	3558
Partition 24	3525
Partition 26	3531
Partition 29	3559
Partition 30	3577
Partition 31	3594
Partition 32	3595
path	7
T	12
cut	56
Partition 0	3540,3541,3548
Partition 1	3549,3552,3550,3551
Partition 2	3555,3530
Partition 3	3536,3537,3538,3527
Partition 4	3528,3533,3534,3535
Partition 5	3596,3553,3597
Partition 6	3576,3520,3599,3598
Partition 7	3570,3575,3574
Partition 8	3561,3562,3522
Partition 9	3566,3567,3568,3564,3526
Partition 10	3525,3565,3587,3588,3521
Partition 11	3554,3523,3539
Partition 12	3580,3586
Partition 13	3591,3592,3593
Partition 14	3585,3595,3594
Partition 15	3579,3577,3578
Partition 16	3543,3544,3558
Partition 17	3583,3584,3581,3582
Partition 18	3531,3532,3559,3560,3571
Partition 19	3524
Partition 20	3542,3572,3573
Partition 21	3590
Partition 22	3589
Partition 23	3547,3545,3546
Partition 26	3529
Partition 28	3569
Partition 30	3563
Partition 33	3556,3557
path	8
T	16
cut	56
Partition 0	3540,3541,3548
Partition 1	3549,3552,3550,3551
Partition 2	3556,3522,3555,3532,3530
Partition 3	3536,3537,3538,3527
Partition 4	3528,3533,3534,3535
Partition 5	3596,3553,3597
Partition 6	3576,3520,3599,3598
Partition 7	3570,3575,3574
Partition 8	3561,3562
Partition 9	3566,3567,3568,3564,3569,3526
Partition 10	3565,3587,3588,3521
Partition 11	3554,3523,3539
Partition 12	3580,3583
Partition 13	3590,3591,3563,3592
Partition 14	3585,3595,3593,3594
Partition 15	3579,3577,3578
Partition 16	3543,3544,3558
Partition 17	3581,3582
Partition 18	3586,3531,3559,3560,3571
Partition 19	3524
Partition 20	3542,3572,3573
Partition 21	3589
Partition 23	3547
Partition 24	3584
Partition 25	3557
Partition 26	3525
Partition 30	3545,3546
Partition 31	3529
path	9
T	9
cut	58
Partition 0	3540,3541,3548
Partition 1	3549,3552,3550,3551
Partition 3	3536,3537,3538
Partition 4	3528,3533,3534,3535
Partition 5	3596,3553,3597
Partition 6	3576,3520,3599,3598
Partition 7	3570,3575,3574
Partition 8	3563
Partition 9	3566,3567,3568,3564,3569
Partition 10	3587,3588
Partition 11	3554,3523,3539,3521
Partition 12	3583
Partition 13	3590,3591,3592,3593
Partition 14	3584,3585,3595,3594
Partition 15	3579,3577,3578
Partition 16	3544,3558
Partition 17	3581,3582
Partition 18	3580,3586,3531,3559,3560
Partition 20	3542,3545,3572,3546
Partition 21	3561,3522,3527,3555,3532,3529,3530
Partition 22	3562
Partition 23	3589
Partition 25	3525
Partition 28	3547
Partition 30	3573,3557
Partition 31	3556
Partition 33	3565
Partition 34	3571
Partition 37	3524
Partition 39	3543,3526
