path	1
T	11
cut	37
Partition 0	3563,3564,3523,3568,3567
Partition 1	3553,3554
Partition 2	3521,3529,3552,3530,3550
Partition 3	3561
Partition 4	3574,3575
Partition 5	3558,3559,3557
Partition 6	3556,3560
Partition 7	3536,3537,3535
Partition 8	3538,3525,3539,3531
Partition 9	3527,3528,3534,3522
Partition 10	3543,3545,3544
Partition 11	3541,3542,3562,3570,3520
Partition 13	3526,3532,3533
Partition 14	3565,3566
Partition 15	3578,3579,3580
Partition 16	3549,3548
Partition 17	3571,3572
Partition 18	3576,3573
Partition 19	3524,3569,3577
Partition 20	3555
Partition 21	3551
Partition 22	3546,3540
Partition 23	3547
path	2
T	10
cut	37
Partition 0	3540
Partition 1	3553,3554
Partition 2	3552,3550
Partition 3	3551
Partition 4	3574,3575
Partition 5	3558,3559,3560
Partition 6	3555,3556
Partition 7	3536,3537,3535
Partition 8	3538,3525,3539,3531,3557
Partition 9	3527,3528,3534,3522
Partition 10	3545,3546,3544
Partition 11	3570,3520
Partition 12	3541
Partition 13	3526,3532,3533
Partition 14	3542,3562,3543,3565,3566
Partition 15	3577,3578,3579,3580
Partition 16	3549,3547,3548
Partition 17	3563,3564,3523,3568,3567
Partition 18	3576
Partition 21	3521,3529,3561,3530
Partition 22	3571,3572,3573
Partition 23	3524,3569
path	3
T	11
cut	34
Partition 1	3538,3525,3563,3539,3523
Partition 2	3550,3551
Partition 3	3521,3529,3552,3530,3531
Partition 4	3561,3562
Partition 5	3558,3559,3557
Partition 7	3536,3537,3535
Partition 9	3527,3528,3534,3522
Partition 10	3545,3546,3544
Partition 11	3564,3570,3571,3572,3520
Partition 12	3541,3542
Partition 13	3543,3565,3526,3532,3533
Partition 14	3566
Partition 15	3577,3578,3579,3580
Partition 16	3549,3547,3548
Partition 17	3567
Partition 18	3576,3573
Partition 19	3524,3569,3568
Partition 21	3540
Partition 22	3555,3553,3556,3554,3560
Partition 23	3574,3575
path	4
T	6
cut	35
Partition 0	3525,3563,3564,3523
Partition 1	3553,3554
Partition 2	3552,3550,3551
Partition 3	3521,3529,3561,3530
Partition 4	3574,3575
Partition 5	3558,3559,3560
Partition 6	3555,3556
Partition 7	3536,3537,3535
Partition 8	3538,3539,3531,3557
Partition 9	3527,3528,3534,3522
Partition 10	3545,3546,3540,3544
Partition 11	3541,3562,3570,3520
Partition 12	3542,3543
Partition 13	3526,3532,3533
Partition 14	3565,3566
Partition 15	3577,3578,3579,3580
Partition 16	3549,3547,3548
Partition 17	3571,3572
Partition 18	3576,3573
Partition 19	3524,3569,3568
Partition 21	3567
path	5
T	13
cut	35
Partition 0	3525,3563,3564,3523,3567
Partition 1	3553,3554
Partition 2	3552,3550,3551
Partition 3	3521,3529,3561,3530
Partition 4	3574,3575
Partition 5	3558,3559,3560,3520,3557
Partition 6	3555,3556
Partition 7	3536,3535
Partition 8	3526,3532,3534
Partition 9	3539,3531,3527,3528,3522
Partition 10	3545,3546,3540,3544
Partition 11	3570
Partition 12	3541,3542
Partition 13	3543
Partition 14	3562,3565,3533,3566
Partition 15	3577,3578,3579,3580
Partition 16	3549,3547,3548
Partition 17	3571,3572
Partition 18	3576,3573
Partition 19	3524,3569,3568
Partition 21	3537,3538
