cut	45
Partition 0	7558,7557
Partition 1	7559,7554
Partition 2	7529,7553,7552
Partition 3	7537,7538
Partition 4	7533,7534,7551
Partition 5	7532,7500,7536
Partition 6	7542,7549
Partition 7	7546,7547
Partition 8	7530,7531,7548
Partition 9	7502,7501
Partition 10	7499,7504,7503
Partition 11	7555,7556,7550
Partition 12	7491,7514,7513
Partition 13	7494,7543
Partition 14	7544,7490,7545
Partition 15	7495,7498,7508
Partition 16	7518,7497
Partition 17	7505,7493,7535
Partition 18	7506,7511,7512
Partition 19	7507,7509,7510
Partition 20	7528,7527
Partition 21	7523,7524
Partition 22	7525,7496,7526
Partition 23	7540,7541
Partition 24	7539,7515,7492
Partition 25	7520,7519,7517
Partition 26	7521,7516,7522
