path	1
T	13
cut	48
Partition 0	7505,7503,7504
Partition 1	7506,7516
Partition 2	7528,7520
Partition 3	7498,7499,7502
Partition 4	7500,7501,7495
Partition 5	7521,7494
Partition 6	7509,7514,7515
Partition 7	7529,7527,7530
Partition 8	7493,7525,7526
Partition 9	7511,7546,7547,7512,7491
Partition 10	7492,7519,7563
Partition 11	7561,7562,7560
Partition 12	7537,7536,7535
Partition 13	7522,7523,7524,7534
Partition 14	7490,7531,7532,7533
Partition 15	7549,7496
Partition 16	7558,7555,7556,7559
Partition 17	7550,7551,7507,7508
Partition 18	7552,7553
Partition 19	7497,7541,7542,7543,7544,7545
Partition 20	7540,7538,7539
Partition 22	7510,7513
Partition 23	7518
Partition 26	7517
Partition 30	7554
Partition 31	7548
Partition 34	7557
path	2
T	9
cut	46
Partition 0	7505,7503,7504
Partition 1	7518,7517
Partition 2	7500,7495
Partition 3	7498,7499
Partition 4	7501,7502
Partition 5	7520,7521,7510,7494
Partition 6	7513,7514,7515
Partition 7	7528,7529,7527,7530
Partition 8	7493,7525,7526
Partition 9	7511,7546,7547,7512,7491
Partition 10	7492,7519,7563
Partition 11	7561,7562,7560
Partition 12	7537,7536,7535
Partition 13	7522,7523,7524,7534
Partition 14	7490,7531,7532,7533
Partition 15	7548,7557,7549
Partition 16	7558,7555,7556,7559
Partition 17	7550,7551,7554,7508
Partition 18	7497,7507,7509
Partition 19	7542,7543,7544,7545
Partition 20	7496,7540,7539
Partition 21	7553
Partition 23	7506
Partition 24	7516
Partition 26	7541,7552,7538
path	3
T	9
cut	46
Partition 0	7505,7503,7504
Partition 1	7506,7516,7517
Partition 2	7528,7520
Partition 3	7498,7499,7502
Partition 4	7500,7501,7495
Partition 5	7497,7507,7541,7509,7494
Partition 6	7513,7514,7515
Partition 7	7529,7527,7530
Partition 8	7493,7525,7526
Partition 9	7511,7546,7547,7512,7491
Partition 10	7492,7519,7563
Partition 11	7561,7562,7560
Partition 12	7537,7536,7535
Partition 13	7522,7523,7524,7534
Partition 14	7490,7531,7532,7533
Partition 15	7548,7557,7549
Partition 16	7558,7555,7556,7559
Partition 17	7550,7551,7554,7508
Partition 18	7552,7538,7539
Partition 19	7542,7543,7544,7545
Partition 20	7496,7540
Partition 22	7510
Partition 24	7518
Partition 25	7521
Partition 27	7553
path	4
T	9
cut	47
Partition 0	7505,7503,7504
Partition 1	7516,7518,7517
Partition 2	7520,7521
Partition 3	7498,7499
Partition 4	7500,7501,7495
Partition 5	7509
Partition 6	7514,7515
Partition 7	7528,7529,7527,7530
Partition 8	7493,7525,7526
Partition 9	7511,7546,7547,7512,7491,7513
Partition 10	7519,7563
Partition 11	7561,7562,7560
Partition 12	7537,7536,7535
Partition 13	7524,7534
Partition 14	7490,7531,7532,7533
Partition 15	7548,7557
Partition 16	7558,7555,7556,7559
Partition 17	7550,7551,7554,7507,7508
Partition 18	7552,7553
Partition 19	7497,7541,7542,7543,7544,7545
Partition 20	7496,7510,7540,7494,7538,7539
Partition 21	7492
Partition 22	7522,7523
Partition 23	7506
Partition 25	7549
Partition 27	7502
path	5
T	9
cut	45
Partition 0	7505,7503,7504
Partition 1	7506,7516,7517
Partition 2	7528,7520
Partition 3	7499,7502
Partition 4	7500,7501,7495
Partition 5	7509,7494
Partition 6	7513,7514,7515
Partition 7	7529,7527,7530
Partition 8	7493,7525,7526
Partition 9	7548,7511,7546,7547,7512,7491
Partition 10	7492,7519,7563
Partition 11	7561,7562,7560
Partition 12	7537,7536,7535
Partition 13	7522,7523,7524,7534
Partition 14	7490,7531,7553,7532,7533
Partition 15	7557,7549
Partition 16	7558,7555,7556,7559
Partition 17	7550,7551,7554,7497,7498,7507,7508
Partition 18	7552,7538
Partition 19	7542,7543,7544,7545,7540,7539
Partition 20	7496,7510
Partition 21	7518
Partition 22	7521
Partition 23	7541
path	6
T	11
cut	47
Partition 0	7505,7503,7504
Partition 1	7518,7517
Partition 2	7500,7501,7502,7538,7495
Partition 3	7498,7499
Partition 5	7510,7494
Partition 6	7513,7514,7515
Partition 7	7528,7529,7527,7530
Partition 8	7493,7525,7526
Partition 9	7511,7546,7547,7512,7491
Partition 10	7492,7519,7563
Partition 11	7561,7562,7560
Partition 12	7537,7536,7535
Partition 13	7522,7523,7524,7534
Partition 14	7490,7531,7532,7533
Partition 15	7548,7557,7549
Partition 16	7558,7555,7556,7559
Partition 17	7550,7551,7554,7508
Partition 18	7497,7507,7509
Partition 19	7542,7543,7544,7545
Partition 20	7496,7540,7539
Partition 21	7553
Partition 23	7506
Partition 24	7516
Partition 26	7541,7552
Partition 27	7521
Partition 29	7520
path	7
T	9
cut	50
Partition 0	7505,7504
Partition 1	7516,7518,7517
Partition 2	7520,7521
Partition 3	7498,7499
Partition 4	7500,7501,7495
Partition 5	7507,7509
Partition 6	7514,7515
Partition 7	7497,7528,7529,7527,7530
Partition 8	7493,7525,7526
Partition 9	7511,7546,7547,7512,7491
Partition 10	7519,7563
Partition 11	7561,7562,7560
Partition 12	7537,7536,7535
Partition 13	7524,7534
Partition 14	7490,7531,7532,7533
Partition 15	7548,7557
Partition 16	7558,7555,7556,7559
Partition 17	7550,7551,7554,7508
Partition 18	7552,7553
Partition 19	7542,7543,7544,7545
Partition 20	7496,7510,7540,7494,7538,7539
Partition 21	7492
Partition 22	7522,7523
Partition 23	7506
Partition 25	7549
Partition 27	7502
Partition 32	7513
Partition 33	7541
Partition 37	7503
