path	1
T	NA
cut	62
Partition 0	3614,3575,3618,3616,3617,3615
Partition 1	3600,3601,3599,3520
Partition 2	3602,3578,3606,3603,3607
Partition 3	3609,3610,3611,3612
Partition 4	3608,3604,3605,3613
Partition 5	3562,3547,3574,3572,3573,3571
Partition 6	3582,3583,3524
Partition 7	3564,3569,3568,3570
Partition 8	3548,3551,3552,3549,3550
Partition 9	3529,3541,3542,3543
Partition 10	3535,3536,3531,3591,3592
Partition 11	3590,3595,3596,3594
Partition 12	3553,3581,3584,3580
Partition 13	3554,3579,3576,3577,3585
Partition 14	3586,3598,3597
Partition 15	3530,3528,3557,3558,3522,3555,3521
Partition 16	3533,3534,3532,3523
Partition 17	3526,3567,3566
Partition 18	3563,3556,3588,3589
Partition 19	3539,3540,3546,3545
Partition 20	3544
Partition 22	3565
Partition 25	3593
Partition 26	3527
Partition 27	3525
Partition 28	3560,3559,3561
Partition 29	3538
Partition 31	3537
Partition 32	3587
path	2
T	NA
cut	62
Partition 0	3575,3618,3616,3617,3615
Partition 1	3600,3601,3599,3520
Partition 2	3602,3606,3603,3607
Partition 3	3610,3611,3612,3614
Partition 4	3608,3609,3604,3605,3613
Partition 5	3547,3574,3572,3573,3571
Partition 6	3582,3583,3524,3562,3587
Partition 7	3564,3569,3568,3570
Partition 8	3551,3552,3549,3550,3561
Partition 9	3529,3541,3542
Partition 10	3535,3593,3591,3592
Partition 11	3590,3595,3528,3594
Partition 12	3553,3581,3584,3580
Partition 13	3554,3579,3576,3577,3585
Partition 14	3586,3598,3597
Partition 15	3557,3558,3522,3555,3521
Partition 16	3533,3530,3534,3536,3531,3532
Partition 17	3526,3567,3565,3566
Partition 18	3596,3556,3588,3589
Partition 19	3537,3539,3540,3544,3545
Partition 20	3523
Partition 21	3546
Partition 22	3578
Partition 23	3560
Partition 24	3559
Partition 25	3538
Partition 26	3525,3548
Partition 28	3543
Partition 30	3527
Partition 32	3563
path	3
T	NA
cut	65
Partition 0	3575,3618,3616,3617,3615
Partition 1	3600,3601,3520
Partition 2	3602,3578,3606,3603,3607
Partition 3	3609,3610,3611,3612
Partition 4	3608,3604,3605,3613
Partition 5	3547,3574,3572,3573,3571
Partition 6	3582,3583
Partition 7	3564,3569,3568,3570
Partition 8	3551,3552,3549,3550,3561
Partition 9	3527,3541,3542,3543
Partition 10	3535,3593,3591,3592
Partition 11	3590,3595,3596,3594
Partition 12	3553,3581,3584,3580
Partition 13	3554,3560,3579,3576,3577
Partition 14	3585,3586,3598,3597
Partition 15	3557,3558,3522,3555,3521
Partition 16	3530,3531,3532
Partition 17	3526,3567,3566
Partition 18	3556,3587,3588,3589
Partition 19	3537,3539,3540,3546,3545
Partition 20	3565,3523
Partition 23	3614
Partition 25	3536
Partition 27	3524,3562
Partition 33	3538,3563
Partition 35	3559
Partition 36	3599
Partition 37	3544
Partition 39	3534
Partition 43	3533
Partition 44	3548
Partition 45	3525,3529
Partition 46	3528
path	4
T	NA
cut	63
Partition 0	3575,3618,3616,3617,3615
Partition 1	3600,3601,3520
Partition 2	3527,3602,3578,3606,3603,3607
Partition 3	3609,3610,3611,3612
Partition 4	3608,3604,3605,3613
Partition 5	3547,3574,3572,3573,3571
Partition 6	3537,3538,3582,3583
Partition 7	3525,3564,3569,3568
Partition 8	3551,3552,3549,3550,3561
Partition 9	3529,3541,3542,3543
Partition 10	3535,3593,3591,3592
Partition 11	3590,3595,3596,3594
Partition 12	3553,3581,3584,3580
Partition 13	3554,3560,3579,3576,3577
Partition 14	3586,3598,3599,3597
Partition 15	3557,3558,3522,3555,3521
Partition 16	3533,3534,3532
Partition 17	3526,3567,3566
Partition 18	3588,3589
Partition 19	3544,3546,3545
Partition 20	3565,3523
Partition 21	3614
Partition 22	3539,3530,3540,3536,3531
Partition 23	3563,3556
Partition 24	3559
Partition 25	3585
Partition 26	3524,3587
Partition 27	3562
Partition 30	3548
Partition 37	3570
Partition 38	3528
path	5
T	NA
cut	63
Partition 0	3575,3618,3616,3617,3615
Partition 1	3600,3601,3599,3520
Partition 2	3602,3578,3606,3603,3607
Partition 3	3609,3610,3611,3612
Partition 4	3608,3605,3613
Partition 5	3547,3574,3572,3573,3571
Partition 6	3524,3562
Partition 7	3564,3569,3568,3570
Partition 8	3551,3552,3560,3559,3549,3550,3561
Partition 9	3525,3529,3548,3541,3542,3543,3544
Partition 10	3535,3593,3591,3592
Partition 11	3590,3595,3596,3594
Partition 12	3553,3581,3584,3580,3588,3589
Partition 13	3554,3579,3576,3577,3585,3586
Partition 14	3598,3597
Partition 15	3557,3558,3522,3555,3521
Partition 16	3530,3531,3532
Partition 17	3526,3567,3566
Partition 18	3538,3563,3582,3583
Partition 19	3537,3539,3540,3536,3545
Partition 20	3565,3523
Partition 22	3556
Partition 23	3546
Partition 24	3604
Partition 25	3614
Partition 28	3587
Partition 29	3533
Partition 30	3534
Partition 31	3527
Partition 32	3528
path	6
T	13
cut	68
Partition 0	3614,3575,3618,3616,3617,3615
Partition 1	3600,3601,3599,3520
Partition 2	3602,3578,3606,3603,3607
Partition 3	3609,3610,3611,3612
Partition 4	3608,3604,3605,3613
Partition 5	3562,3547,3574,3572,3573,3571
Partition 6	3582,3583,3524
Partition 7	3564,3569,3568,3570
Partition 8	3548,3551,3552,3549,3550
Partition 9	3529,3541,3542,3543
Partition 10	3535,3536,3531,3591,3592
Partition 11	3590,3595,3596,3594
Partition 12	3553,3581,3584,3580
Partition 13	3554,3579,3576,3577,3585
Partition 14	3586,3598,3597
Partition 15	3521
Partition 16	3534
Partition 17	3526,3567,3566
Partition 18	3563,3556,3588,3589
Partition 19	3539,3540,3546,3545
Partition 20	3544
Partition 22	3565
Partition 25	3593
Partition 26	3527
Partition 27	3525
Partition 28	3560,3559,3561
Partition 29	3538
Partition 31	3537
Partition 32	3587
Partition 33	3530
Partition 34	3557,3558,3555
Partition 35	3528,3522
Partition 36	3523
Partition 37	3533,3532
path	7
T	14
cut	66
Partition 0	3575,3618,3616,3617,3615
Partition 1	3600,3601,3599,3520
Partition 2	3602,3606,3603,3607
Partition 3	3610,3611,3612,3614
Partition 4	3608,3609,3604,3605,3613
Partition 5	3547,3574,3572,3573,3571
Partition 6	3587
Partition 7	3564,3569,3568,3570
Partition 8	3551,3552,3549,3550,3561
Partition 9	3529,3541,3542
Partition 10	3535,3593,3591,3592
Partition 11	3590,3595,3528,3594
Partition 12	3553,3581,3584,3580
Partition 13	3554,3579,3576,3577,3585
Partition 14	3586,3598,3597
Partition 15	3557,3558,3522,3555,3521
Partition 16	3533,3532
Partition 17	3526,3567,3565,3566
Partition 18	3596,3556,3588,3589
Partition 19	3537,3539,3540,3544,3545
Partition 20	3523
Partition 21	3546
Partition 22	3578
Partition 23	3560
Partition 24	3559
Partition 25	3538
Partition 26	3525,3548
Partition 28	3543
Partition 30	3527
Partition 32	3563
Partition 33	3562
Partition 35	3582,3583,3524
Partition 36	3530,3536,3531
Partition 37	3534
path	8
T	9
cut	66
Partition 0	3575,3618,3616,3617,3615
Partition 1	3600,3601,3520
Partition 2	3527,3602,3578,3606,3603,3607
Partition 3	3609,3610,3611,3612
Partition 4	3608,3604,3605,3613
Partition 5	3547,3574,3572,3573,3571
Partition 6	3537,3538,3582,3583
Partition 7	3525,3564,3569,3568
Partition 8	3551,3552,3549,3550,3561
Partition 9	3529,3541,3542,3543
Partition 10	3535,3593,3591,3592
Partition 11	3590,3595,3596,3594
Partition 12	3553,3581,3584,3580
Partition 13	3554,3560,3579,3576,3577
Partition 14	3586,3598,3599,3597
Partition 15	3557,3558,3522,3555,3521
Partition 16	3533,3534,3532
Partition 17	3526,3567,3566
Partition 18	3588,3589
Partition 19	3544,3546,3545
Partition 20	3565,3523
Partition 21	3614
Partition 22	3540,3536
Partition 23	3563,3556
Partition 24	3559
Partition 25	3585
Partition 26	3524,3587
Partition 27	3562
Partition 30	3548
Partition 37	3570
Partition 38	3528
Partition 39	3530
Partition 40	3539
Partition 41	3531
