sol	1
T	2
cut	6
Partition 0	395,389,394,393
Partition 1	380,383,381,382,384
Partition 2	378,387,385,379,386
Partition 3	391,392,388,390
sol	2
T	2
cut	6
Partition 0	395,389,394,393
Partition 1	380,383,381,382,384
Partition 2	378,387,385,379,388
Partition 3	391,392,386,390
sol	3
T	2
cut	6
Partition 0	395,394,393
Partition 1	380,383,381,382,384,389
Partition 2	378,387,385,379
Partition 3	391,392,386,388,390
sol	4
T	2
cut	6
Partition 0	395,394,393
Partition 1	380,383,381,382,384
Partition 2	378,387,385,379,389
Partition 3	391,392,386,388,390
sol	5
T	2
cut	6
Partition 0	395,389,394,393,384
Partition 1	380,383,381,382
Partition 2	378,387,385,379
Partition 3	391,392,386,388,390
sol	6
T	2
cut	6
Partition 0	395,389,394
Partition 1	380,383,381,382,384
Partition 2	378,387,385,379
Partition 3	391,392,386,388,390,393
sol	7
T	2
cut	6
Partition 0	395,389,394,393
Partition 1	380,383,381,382,384
Partition 2	378,387,385,379,391,386
Partition 3	392,388,390
sol	8
T	2
cut	6
Partition 0	395,389,394,393
Partition 1	380,383,381,382,384
Partition 2	378,387,385,379,386,388
Partition 3	391,392,390
sol	9
T	2
cut	6
Partition 0	395,394,393
Partition 1	380,383,381,382,384,389
Partition 2	378,387,385,379,386
Partition 3	391,392,388,390
sol	10
T	2
cut	6
Partition 0	395,394,393
Partition 1	380,383,381,382,384
Partition 2	378,387,385,379,386,389
Partition 3	391,392,388,390
sol	11
T	2
cut	6
Partition 0	395,389,394,393,384
Partition 1	380,383,381,382
Partition 2	378,387,385,379,386
Partition 3	391,392,388,390
sol	12
T	2
cut	6
Partition 0	395,389,394
Partition 1	380,383,381,382,384
Partition 2	378,387,385,379,386
Partition 3	391,392,388,390,393
sol	13
T	2
cut	6
Partition 0	395,394,393
Partition 1	380,383,381,382,384,389
Partition 2	378,387,385,379,388
Partition 3	391,392,386,390
sol	14
T	2
cut	6
Partition 0	395,394,393
Partition 1	380,383,381,382,384
Partition 2	378,387,385,379,388,389
Partition 3	391,392,386,390
sol	15
T	2
cut	6
Partition 0	395,389,394,393,384
Partition 1	380,383,381,382
Partition 2	378,387,385,379,388
Partition 3	391,392,386,390
sol	16
T	2
cut	6
Partition 0	395,389,394
Partition 1	380,383,381,382,384
Partition 2	378,387,385,379,388
Partition 3	391,392,386,390,393
sol	17
T	2
cut	6
Partition 0	395,394,393
Partition 1	380,383,381,382
Partition 2	378,387,385,379,389,384
Partition 3	391,392,386,388,390
sol	18
T	2
cut	6
Partition 0	395,389,394,384
Partition 1	380,383,381,382
Partition 2	378,387,385,379
Partition 3	391,392,386,388,390,393
sol	19
T	2
cut	6
Partition 0	395,394,393
Partition 1	380,383,381,382,384,389
Partition 2	378,387,385,379,391,386
Partition 3	392,388,390
sol	20
T	2
cut	6
Partition 0	395,394,393
Partition 1	380,383,381,382,384
Partition 2	378,387,385,379,391,386,389
Partition 3	392,388,390
sol	21
T	2
cut	6
Partition 0	395,389,394,393,384
Partition 1	380,383,381,382
Partition 2	378,387,385,379,391,386
Partition 3	392,388,390
sol	22
T	2
cut	6
Partition 0	395,389,394
Partition 1	380,383,381,382,384
Partition 2	378,387,385,379,391,386
Partition 3	392,388,390,393
sol	23
T	2
cut	7
Partition 0	395,394,393,392,390
Partition 1	380,383,381,382,384,389
Partition 2	378,387,385,379
Partition 3	391,386,388
sol	24
T	2
cut	7
Partition 0	395,394,393,392,390
Partition 1	380,383,381,382,384
Partition 2	378,387,385,379,389
Partition 3	391,386,388
sol	25
T	2
cut	6
Partition 0	395,394,393
Partition 1	380,383,381,382,384,389
Partition 2	378,387,385,379,386,388
Partition 3	391,392,390
sol	26
T	2
cut	6
Partition 0	395,394,393
Partition 1	380,383,381,382,384
Partition 2	378,387,385,379,386,388,389
Partition 3	391,392,390
sol	27
T	2
cut	6
Partition 0	395,389,394,393,384
Partition 1	380,383,381,382
Partition 2	378,387,385,379,386,388
Partition 3	391,392,390
sol	28
T	2
cut	6
Partition 0	395,389,394
Partition 1	380,383,381,382,384
Partition 2	378,387,385,379,386,388
Partition 3	391,392,390,393
sol	29
T	2
cut	6
Partition 0	395,394,393
Partition 1	380,383,381,382
Partition 2	378,387,385,379,386,389,384
Partition 3	391,392,388,390
sol	30
T	2
cut	6
Partition 0	395,389,394,384
Partition 1	380,383,381,382
Partition 2	378,387,385,379,386
Partition 3	391,392,388,390,393
sol	31
T	2
cut	6
Partition 0	395,394,393
Partition 1	380,383,381,382
Partition 2	378,387,385,379,388,389,384
Partition 3	391,392,386,390
sol	32
T	2
cut	6
Partition 0	395,389,394,384
Partition 1	380,383,381,382
Partition 2	378,387,385,379,388
Partition 3	391,392,386,390,393
sol	33
T	2
cut	7
Partition 0	395,389,394,393,392
Partition 1	383,381,382,384,388,390
Partition 2	378,387,385,379
Partition 3	391,386,380
sol	34
T	2
cut	7
Partition 0	395,389,394,393,392
Partition 1	383,381,382,384,390
Partition 2	378,387,385,379,388
Partition 3	391,386,380
sol	35
T	2
cut	8
Partition 0	395,394,393,392,390
Partition 1	383,381,382,384,389
Partition 2	378,387,385,379,380
Partition 3	391,386,388
sol	36
T	2
cut	6
Partition 0	395,389,394
Partition 1	380,383,381,382,384
Partition 2	378,387,385,379,391,386,388
Partition 3	392,390,393
sol	37
T	2
cut	6
Partition 0	395,389,394,384
Partition 1	380,383,381,382
Partition 2	378,387,385,379,391,386
Partition 3	392,388,390,393
sol	38
T	2
cut	7
Partition 0	395,389,394,393,392
Partition 1	380,383,382,384,388,390
Partition 2	378,387,385,379
Partition 3	391,386,381
sol	39
T	2
cut	7
Partition 0	395,389,394,393,392
Partition 1	380,383,382,384,390
Partition 2	378,387,385,379,388
Partition 3	391,386,381
sol	40
T	2
cut	8
Partition 0	395,394,393,392,390
Partition 1	380,383,382,384,389
Partition 2	378,387,385,379,381
Partition 3	391,386,388
sol	41
T	2
cut	7
Partition 0	395,389,394,393,392
Partition 1	380,383,381,382,388,390
Partition 2	378,387,385,379
Partition 3	391,386,384
sol	42
T	2
cut	7
Partition 0	395,389,394,393,392
Partition 1	380,383,381,382,390
Partition 2	378,387,385,379,388
Partition 3	391,386,384
sol	43
T	2
cut	7
Partition 0	395,389,394,393,392
Partition 1	380,383,381,382
Partition 2	378,387,385,379,388,390
Partition 3	391,386,384
sol	44
T	2
cut	7
Partition 0	395,394,393,392,390
Partition 1	380,383,381,382
Partition 2	378,387,385,379,389,384
Partition 3	391,386,388
sol	45
T	2
cut	6
Partition 0	395,389,394,384
Partition 1	380,383,381,382
Partition 2	378,387,385,379,386,388
Partition 3	391,392,390,393
sol	46
T	2
cut	7
Partition 0	395,394,393,392,388,390
Partition 1	383,381,382,384,389
Partition 2	378,387,385,379
Partition 3	391,386,380
sol	47
T	2
cut	7
Partition 0	395,394,393,392,390
Partition 1	383,381,382,384,389
Partition 2	378,387,385,379,388
Partition 3	391,386,380
sol	48
T	2
cut	7
Partition 0	395,389,394,393,392,384
Partition 1	383,381,382,388,390
Partition 2	378,387,385,379
Partition 3	391,386,380
sol	49
T	2
cut	7
Partition 0	395,389,394,393,392,384
Partition 1	383,381,382,390
Partition 2	378,387,385,379,388
Partition 3	391,386,380
sol	50
T	2
cut	6
Partition 0	395,389,394,393,391,392
Partition 1	380,383,381,382,384
Partition 2	385,379,386
Partition 3	388,390,378,387
sol	51
T	2
cut	7
Partition 0	395,389,394,393,392
Partition 1	380,383,381,382,384,391
Partition 2	385,379,386
Partition 3	388,390,378,387
sol	52
T	2
cut	6
Partition 0	395,389,394,393,392
Partition 1	380,383,381,382,384
Partition 2	385,379,391,386
Partition 3	388,390,378,387
sol	53
T	2
cut	6
Partition 0	395,389,394,384
Partition 1	380,383,381,382
Partition 2	378,387,385,379,391,386,388
Partition 3	392,390,393
sol	54
T	2
cut	7
Partition 0	395,389,394,393,392
Partition 1	380,383,384,388,390
Partition 2	378,387,385,379
Partition 3	391,386,381,382
sol	55
T	2
cut	7
Partition 0	395,389,394,393,392
Partition 1	380,383,384,390
Partition 2	378,387,385,379,388
Partition 3	391,386,381,382
sol	56
T	2
cut	8
Partition 0	395,394,393,392,390
Partition 1	380,383,384,389
Partition 2	378,387,385,379,381,382
Partition 3	391,386,388
sol	57
T	2
cut	7
Partition 0	395,394,393,392,388,390
Partition 1	380,383,382,384,389
Partition 2	378,387,385,379
Partition 3	391,386,381
sol	58
T	2
cut	7
Partition 0	395,394,393,392,390
Partition 1	380,383,382,384,389
Partition 2	378,387,385,379,388
Partition 3	391,386,381
sol	59
T	2
cut	7
Partition 0	395,389,394,393,392,384
Partition 1	380,383,382,388,390
Partition 2	378,387,385,379
Partition 3	391,386,381
sol	60
T	2
cut	7
Partition 0	395,389,394,393,392,384
Partition 1	380,383,382,390
Partition 2	378,387,385,379,388
Partition 3	391,386,381
sol	61
T	2
cut	6
Partition 0	395,389,394,393,392
Partition 1	380,383,381,382,384
Partition 2	378,387,388,390
Partition 3	391,386,385,379
