path	1
T	NA
cut	58
Partition 0	3565,3566,3568,3567
Partition 1	3559,3564,3563,3592,3591
Partition 2	3522,3552,3553,3554
Partition 3	3589,3606,3607,3605
Partition 4	3556,3570,3571,3608,3555,3569
Partition 5	3597,3595,3596
Partition 6	3520,3528,3594,3529
Partition 7	3561,3524,3562
Partition 8	3549,3610,3611,3609
Partition 9	3527,3531,3532,3547,3548
Partition 10	3539,3540,3544,3545
Partition 11	3537,3546,3535,3536
Partition 12	3521,3538,3599,3600
Partition 13	3541,3560,3542,3543,3523
Partition 14	3557,3558,3525
Partition 15	3575,3576,3577
Partition 16	3573,3574,3526,3583,3584
Partition 17	3534,3593,3533
Partition 18	3585,3586,3587,3588
Partition 19	3582,3579,3580,3581,3601,3578,3602
Partition 20	3603,3598,3604
Partition 22	3530
Partition 25	3550
Partition 26	3551
Partition 27	3572
Partition 28	3590
path	2
T	NA
cut	60
Partition 0	3565,3566,3568,3567
Partition 1	3564,3563,3562
Partition 2	3522,3552,3553,3554
Partition 3	3589,3606,3607,3605
Partition 4	3556,3570,3571,3608,3555
Partition 5	3597,3595,3596
Partition 6	3520,3528,3594,3529
Partition 7	3524,3551,3550
Partition 8	3549,3610,3611,3609
Partition 9	3527,3531,3532,3547,3548
Partition 10	3539,3540,3544,3545
Partition 11	3537,3546,3535,3536
Partition 12	3521,3538,3599,3600
Partition 13	3541,3560,3542,3561,3523
Partition 14	3557,3558,3525
Partition 15	3575,3576,3577
Partition 16	3572,3573,3574,3583,3584
Partition 17	3526,3530,3534,3592,3533
Partition 18	3585,3586,3587,3588
Partition 19	3582,3579,3580,3581,3578
Partition 20	3603,3601,3602
Partition 22	3569
Partition 23	3590,3591
Partition 27	3593,3598
Partition 28	3543
Partition 29	3559
Partition 30	3604
path	3
T	NA
cut	59
Partition 0	3565,3566,3567
Partition 1	3564,3568,3563,3569
Partition 2	3559,3522
Partition 3	3589,3606,3607,3605
Partition 4	3556,3570,3571,3608,3555
Partition 5	3597,3595,3596
Partition 6	3520,3528,3594,3529
Partition 7	3561,3524,3551,3562,3601,3550
Partition 8	3610,3611,3609
Partition 9	3527,3531,3532,3530
Partition 10	3539,3540,3544,3545
Partition 11	3537,3546,3547,3549,3535,3536,3548
Partition 12	3521,3538,3599,3600
Partition 13	3541,3560,3542,3543,3523
Partition 14	3557,3558,3585
Partition 15	3575,3576,3577,3588
Partition 16	3572,3573,3574,3526,3583,3584
Partition 17	3592,3593,3533,3591
Partition 18	3586,3587
Partition 19	3582,3579,3580,3581,3578
Partition 20	3603,3598,3604
Partition 22	3534
Partition 25	3602
Partition 26	3590
Partition 29	3525
Partition 30	3552,3553
Partition 31	3554
