path	1
T	29
cut	101
Partition 0	2131,2129,2132,2138,2143,2135,2068
Partition 1	2130,2139,2076
Partition 2	2112,2066,2192
Partition 4	2133,2134,2136
Partition 5	2147,2145,2148
Partition 6	2146,2063,2099,2100
Partition 7	2137,2082,2083
Partition 8	2144,2088,2089,2062
Partition 9	2141,2149,2150,2151,2152
Partition 10	2079,2080,2085
Partition 11	2081,2084,2086
Partition 12	2069,2111,2113
Partition 13	2196,2142,2197,2198
Partition 14	2087,2109,2108
Partition 15	2090,2091,2092,2093
Partition 16	2096,2097,2075
Partition 17	2077,2078,2140,2067
Partition 18	2102,2103,2101,2104
Partition 19	2098,2094,2095
Partition 20	2105,2107,2106
Partition 21	2064,2125,2126
Partition 22	2124,2122,2123
Partition 23	2120,2179,2177
Partition 24	2168,2065,2073
Partition 25	2116,2117,2118,2121
Partition 26	2193,2194,2195
Partition 27	2185,2186,2191,2187,2189,2190,2110
Partition 29	2199,2200,2184
Partition 30	2183,2182,2181,2173
Partition 31	2158,2157,2160
Partition 32	2072,2156,2074
Partition 33	2163,2164,2166
Partition 34	2162,2155,2159
Partition 35	2070,2161,2165
Partition 36	2114,2071,2115
Partition 37	2127,2188,2128,2175
Partition 38	2119,2180,2176,2178
Partition 39	2167,2174,2171
Partition 41	2170,2169,2153,2154,2172
path	2
T	25
cut	110
Partition 0	2066,2131,2129,2132,2135,2068
Partition 1	2130,2139,2140,2076
Partition 2	2186,2142,2143
Partition 4	2133,2144,2134,2136
Partition 5	2147,2145,2148
Partition 6	2146,2099,2100
Partition 7	2137,2082,2083
Partition 8	2088,2089,2062
Partition 9	2141,2149,2107,2150,2151
Partition 10	2079,2080,2085
Partition 11	2097,2081,2084
Partition 12	2069,2111,2110
Partition 13	2112,2113,2189
Partition 14	2087,2109,2108
Partition 15	2090,2092,2093
Partition 16	2096,2091,2075
Partition 17	2065,2077,2078,2067,2063
Partition 18	2102,2103,2101,2104
Partition 19	2086,2094,2095
Partition 20	2098,2105,2106
Partition 21	2125,2126,2180,2178
Partition 22	2119,2122,2123
Partition 23	2188,2179,2181
Partition 24	2064,2073,2175
Partition 25	2116,2117,2118,2121
Partition 26	2192,2193,2195
Partition 27	2185,2138,2191,2190
Partition 28	2196,2194,2197,2198
Partition 29	2199,2200,2184
Partition 30	2183,2187,2182
Partition 31	2158,2157,2160
Partition 32	2072,2156,2074
Partition 33	2163,2164,2166
Partition 34	2162,2155,2159
Partition 35	2070,2161,2165
Partition 36	2114,2071,2115
Partition 37	2127,2128,2174,2173,2177
Partition 38	2124,2120,2176
Partition 39	2167,2168,2171
Partition 40	2170,2153,2152
Partition 41	2169,2154,2172
path	3
T	32
cut	105
Partition 0	2132,2135,2194
Partition 1	2129,2130,2138
Partition 2	2066,2142,2143
Partition 4	2133,2134,2136
Partition 5	2140,2147,2145,2148
Partition 6	2091,2146,2063,2099,2100
Partition 7	2137,2082,2083
Partition 8	2088,2089,2062
Partition 9	2141,2149,2150,2151
Partition 10	2079,2080,2085
Partition 11	2081,2084,2086
Partition 12	2069,2111,2113
Partition 13	2112,2186,2110
Partition 14	2087,2109,2108
Partition 15	2090,2092,2093
Partition 16	2096,2097,2075
Partition 17	2077,2078,2067
Partition 18	2102,2103,2101,2104
Partition 19	2098,2192,2144,2094,2095
Partition 20	2105,2107,2106
Partition 21	2064,2125,2126,2180
Partition 22	2124,2122,2123
Partition 23	2076,2179,2181
Partition 24	2073,2119,2175
Partition 25	2116,2117,2118,2121
Partition 26	2131,2191,2193,2139,2195,2190
Partition 27	2068,2187,2189,2188
Partition 28	2196,2197,2198
Partition 29	2199,2200,2184
Partition 30	2065,2185,2183,2182
Partition 31	2158,2157,2160
Partition 32	2072,2156,2074
Partition 33	2163,2164,2166
Partition 34	2162,2155,2159
Partition 35	2070,2161,2165
Partition 36	2114,2071,2115
Partition 37	2128,2173,2177
Partition 38	2120,2176,2178
Partition 39	2167,2154,2171
Partition 40	2170,2168,2153,2152
Partition 41	2127,2169,2174,2172
path	4
T	28
cut	103
Partition 0	2129,2138,2068
Partition 1	2130,2139,2076
Partition 2	2192,2193,2194
Partition 4	2133,2134,2136
Partition 5	2147,2145,2148
Partition 6	2135,2063,2099
Partition 7	2137,2082,2083
Partition 8	2088,2089,2062
Partition 9	2143,2140,2144,2141,2149,2150
Partition 10	2079,2080,2085
Partition 11	2081,2084,2086
Partition 12	2069,2111,2113
Partition 13	2112,2186,2110
Partition 14	2087,2109,2108
Partition 15	2090,2092,2093
Partition 16	2096,2097,2091,2075,2151
Partition 17	2077,2078,2067
Partition 18	2102,2103,2146,2101,2100,2104
Partition 19	2098,2094,2095
Partition 20	2105,2107,2106
Partition 21	2064,2125,2120
Partition 22	2124,2122,2123
Partition 23	2126,2188,2179,2173,2177
Partition 24	2073,2119,2175
Partition 25	2116,2117,2118,2121
Partition 26	2131,2142,2132,2195
Partition 27	2066,2191,2187,2189,2190
Partition 28	2196,2197,2198
Partition 29	2199,2200,2184
Partition 30	2065,2185,2183,2182
Partition 31	2158,2157,2160
Partition 32	2072,2156,2074
Partition 33	2163,2164,2166
Partition 34	2162,2155,2159
Partition 35	2070,2161,2165
Partition 36	2114,2071,2115
Partition 37	2127,2128,2174
Partition 38	2180,2176,2181,2178
Partition 39	2167,2168,2171
Partition 40	2170,2153,2152
Partition 41	2169,2154,2172
path	5
T	32
cut	105
Partition 0	2131,2129,2132,2138,2135,2068
Partition 1	2139,2140,2076
Partition 2	2065,2192,2143
Partition 4	2133,2134,2136
Partition 5	2145,2148,2141,2149
Partition 6	2146,2063,2099,2100
Partition 7	2137,2082,2083
Partition 8	2088,2089,2062
Partition 9	2144,2150,2151
Partition 10	2079,2080,2085
Partition 11	2097,2081,2084,2086
Partition 12	2069,2111,2113
Partition 13	2112,2186,2110
Partition 14	2087,2109,2108
Partition 15	2090,2092,2093
Partition 16	2096,2091,2075
Partition 17	2077,2078,2067
Partition 18	2102,2103,2101,2104
Partition 19	2185,2098,2130,2147,2094,2095
Partition 20	2105,2107,2106
Partition 21	2194,2125,2126
Partition 22	2124,2122,2123
Partition 23	2183,2187,2182,2179,2181
Partition 24	2189,2190,2188
Partition 25	2116,2117,2118,2121
Partition 26	2195,2119,2180
Partition 27	2191,2193,2073
Partition 28	2196,2197,2198
Partition 29	2199,2200,2184
Partition 30	2066,2142,2175
Partition 31	2158,2157,2160
Partition 32	2072,2156,2074
Partition 33	2163,2164,2166
Partition 34	2162,2155,2159
Partition 35	2070,2161,2165
Partition 36	2114,2071,2115
Partition 37	2127,2128,2174,2173,2177
Partition 38	2064,2176,2178
Partition 39	2167,2168,2120,2171
Partition 40	2170,2153,2152
Partition 41	2169,2154,2172
