cut	46
Partition 0	3521,3598,3559,3599
Partition 1	3602,3601,3558,3600,3543
Partition 2	3527,3528,3533,3542,3532
Partition 3	3588,3586,3587,3589
Partition 4	3530,3529,3563,3531
Partition 5	3523,3539,3561,3560,3562
Partition 6	3538,3540,3541,3535
Partition 7	3537,3567,3536,3568,3569
Partition 8	3565,3564,3566,3571,3570
Partition 9	3576,3577,3520,3580
Partition 10	3526,3590,3591,3592,3593
Partition 11	3524,3550,3549,3583
Partition 12	3525,3534,3578,3579,3548
Partition 13	3585,3584,3594,3595,3596
Partition 14	3597,3574,3575,3582,3581
Partition 15	3573,3522,3553,3554
Partition 16	3544,3572,3546,3545,3547
Partition 17	3551,3555,3552,3556,3557
