cut	49
Partition 0	3545,3546
Partition 1	3548,3547,3544
Partition 2	3536,3533,3535
Partition 3	3530,3522
Partition 4	3561,3562,3563
Partition 5	3524,3529,3560
Partition 6	3572,3534
Partition 7	3574,3573
Partition 8	3575,3580,3579,3581
Partition 9	3583,3582
Partition 10	3585,3565,3584
Partition 11	3564,3577,3578
Partition 12	3528,3520
Partition 13	3543,3542,3532
Partition 14	3540,3531,3541
Partition 15	3568,3549,3571
Partition 16	3521,3566,3523
Partition 17	3567,3576
Partition 18	3569,3570
Partition 19	3555,3556
Partition 20	3527,3525,3559,3539
Partition 21	3551,3554,3553
Partition 22	3550,3557,3558
Partition 23	3537,3526,3552,3538
