path	1
T	NA
cut	46
Partition 0	3570,3571,3585,3572,3586
Partition 1	3582,3583
Partition 2	3588,3531,3563,3587,3562
Partition 3	3589,3591,3592,3590
Partition 4	3569,3568,3573,3555
Partition 5	3575,3576,3577,3578,3574
Partition 6	3537,3539,3538
Partition 7	3527,3526
Partition 8	3528,3523,3529
Partition 9	3557,3558,3554,3556
Partition 10	3559,3535,3524,3536
Partition 11	3552,3553,3594,3593
Partition 12	3530,3533,3532,3534,3521
Partition 13	3580,3579,3520,3581
Partition 14	3567,3564,3565,3566
Partition 15	3547,3548,3549,3560,3525
Partition 16	3546,3550,3551,3545
Partition 17	3541,3543,3542,3544
Partition 18	3584
Partition 19	3522
Partition 20	3540
Partition 21	3561
path	2
T	NA
cut	48
Partition 0	3585,3584,3586
Partition 1	3571,3572,3582,3583
Partition 2	3530,3531,3587,3521
Partition 3	3588,3589,3591,3590
Partition 4	3569,3568,3573,3555
Partition 5	3575,3576,3577,3578,3574
Partition 6	3537,3539,3538
Partition 7	3527,3526,3563,3562
Partition 8	3523,3561
Partition 9	3557,3558,3554,3556
Partition 10	3559,3535,3524,3536
Partition 11	3552,3553,3594,3593
Partition 12	3533,3532,3592,3534
Partition 13	3580,3579,3520,3581
Partition 14	3567,3564,3565,3566
Partition 15	3547,3548,3549,3560,3525
Partition 16	3546,3550,3551,3545
Partition 17	3541,3543,3542,3544
Partition 18	3570
Partition 19	3528
Partition 21	3540
Partition 22	3529
Partition 26	3522
path	3
T	NA
cut	43
Partition 0	3585,3584,3586
Partition 1	3571,3572,3582,3583
Partition 2	3530,3531,3587,3521
Partition 3	3588,3589,3591,3590
Partition 4	3569,3568,3573,3555
Partition 5	3575,3576,3577,3578,3574
Partition 6	3537,3539,3538,3540
Partition 7	3522,3527,3526,3563,3562
Partition 8	3528,3523,3561,3529,3525
Partition 9	3557,3558,3554,3556
Partition 10	3559,3535,3524,3536
Partition 11	3552,3553,3594,3593
Partition 12	3533,3532,3592,3534
Partition 13	3580,3579,3520,3581
Partition 14	3567,3564,3565,3566
Partition 15	3547,3548,3549,3560
Partition 16	3546,3550,3551,3545
Partition 17	3541,3543,3542,3544
Partition 19	3570
