path	1
T	8
cut	21
Partition 0	132,145,144,133
Partition 1	172,146,171,147
Partition 2	138,143,139,155
Partition 3	170,151,152,153,154
Partition 4	140,148,149,169,150
Partition 5	134,157,142,158,135
Partition 6	174,159,173,156,160
Partition 7	168,136,141,137,167
Partition 8	163,164,165,175
Partition 9	176,161,162,166
path	2
T	8
cut	21
Partition 0	132,145,144,133
Partition 1	172,146,171,147
Partition 2	138,143,139,155
Partition 3	170,151,152,153,154
Partition 4	140,148,149,169,150
Partition 5	134,157,142,158,135
Partition 6	174,159,173,156,160
Partition 7	168,136,141,137,167
Partition 8	163,164,165,175
Partition 9	176,161,162,166
path	3
T	8
cut	21
Partition 0	132,145,144,133
Partition 1	172,146,171,147
Partition 2	138,143,139,155
Partition 3	170,151,152,153,154
Partition 4	140,148,149,169,150
Partition 5	134,157,142,158,135
Partition 6	174,159,173,156,160
Partition 7	168,136,141,137,167
Partition 8	163,164,165,175
Partition 9	176,161,162,166
path	4
T	8
cut	21
Partition 0	132,145,144,133
Partition 1	172,146,171,147
Partition 2	138,143,139,155
Partition 3	170,151,152,153,154
Partition 4	140,148,149,169,150
Partition 5	134,157,142,158,135
Partition 6	174,159,173,156,160
Partition 7	168,136,141,137,167
Partition 8	163,164,165,175
Partition 9	176,161,162,166
path	5
T	8
cut	21
Partition 0	132,145,144,133
Partition 1	172,146,171,147
Partition 2	138,143,139,155
Partition 3	170,151,152,153,154
Partition 4	140,148,149,169,150
Partition 5	134,157,142,158,135
Partition 6	174,159,173,156,160
Partition 7	168,136,141,137,167
Partition 8	163,164,165,175
Partition 9	176,161,162,166
path	6
T	8
cut	21
Partition 0	132,145,144,133
Partition 1	172,146,171,147
Partition 2	138,143,139,155
Partition 3	170,151,152,153,154
Partition 4	140,148,149,169,150
Partition 5	134,157,142,158,135
Partition 6	174,159,173,156,160
Partition 7	168,136,141,137,167
Partition 8	163,164,165,175
Partition 9	176,161,162,166
path	7
T	8
cut	21
Partition 0	132,145,144,133
Partition 1	172,146,171,147
Partition 2	138,143,139,155
Partition 3	170,151,152,153,154
Partition 4	140,148,149,169,150
Partition 5	134,157,142,158,135
Partition 6	174,159,173,156,160
Partition 7	168,136,141,137,167
Partition 8	163,164,165,175
Partition 9	176,161,162,166
path	8
T	8
cut	21
Partition 0	132,145,144,133
Partition 1	172,146,171,147
Partition 2	138,143,139,155
Partition 3	170,151,152,153,154
Partition 4	140,148,149,169,150
Partition 5	134,157,142,158,135
Partition 6	174,159,173,156,160
Partition 7	168,136,141,137,167
Partition 8	163,164,165,175
Partition 9	176,161,162,166
path	9
T	8
cut	21
Partition 0	132,145,144,133
Partition 1	172,146,171,147
Partition 2	138,143,139,155
Partition 3	170,151,152,153,154
Partition 4	140,148,149,169,150
Partition 5	134,157,142,158,135
Partition 6	174,159,173,156,160
Partition 7	168,136,141,137,167
Partition 8	163,164,165,175
Partition 9	176,161,162,166
path	10
T	8
cut	21
Partition 0	132,145,144,133
Partition 1	172,146,171,147
Partition 2	138,143,139,155
Partition 3	170,151,152,153,154
Partition 4	140,148,149,169,150
Partition 5	134,157,142,158,135
Partition 6	174,159,173,156,160
Partition 7	168,136,141,137,167
Partition 8	163,164,165,175
Partition 9	176,161,162,166
path	11
T	8
cut	21
Partition 0	132,145,144,133
Partition 1	172,146,171,147
Partition 2	138,143,139,155
Partition 3	170,151,152,153,154
Partition 4	140,148,149,169,150
Partition 5	134,157,142,158,135
Partition 6	174,159,173,156,160
Partition 7	168,136,141,137,167
Partition 8	163,164,165,175
Partition 9	176,161,162,166
path	12
T	8
cut	21
Partition 0	132,145,144,133
Partition 1	172,146,171,147
Partition 2	138,143,139,155
Partition 3	170,151,152,153,154
Partition 4	140,148,149,169,150
Partition 5	134,157,142,158,135
Partition 6	174,159,173,156,160
Partition 7	168,136,141,137,167
Partition 8	163,164,165,175
Partition 9	176,161,162,166
path	13
T	8
cut	21
Partition 0	132,145,144,133
Partition 1	172,146,171,147
Partition 2	138,143,139,155
Partition 3	170,151,152,153,154
Partition 4	140,148,149,169,150
Partition 5	134,157,142,158,135
Partition 6	174,159,173,156,160
Partition 7	168,136,141,137,167
Partition 8	163,164,165,175
Partition 9	176,161,162,166
path	14
T	8
cut	21
Partition 0	132,145,144,133
Partition 1	172,146,171,147
Partition 2	138,143,139,155
Partition 3	170,151,152,153,154
Partition 4	140,148,149,169,150
Partition 5	134,157,142,158,135
Partition 6	174,159,173,156,160
Partition 7	168,136,141,137,167
Partition 8	163,164,165,175
Partition 9	176,161,162,166
path	15
T	8
cut	21
Partition 0	132,145,144,133
Partition 1	172,146,171,147
Partition 2	138,143,139,155
Partition 3	170,151,152,153,154
Partition 4	140,148,149,169,150
Partition 5	134,157,142,158,135
Partition 6	174,159,173,156,160
Partition 7	168,136,141,137,167
Partition 8	163,164,165,175
Partition 9	176,161,162,166
