path	1
T	13
cut	59
Partition 0	3594,3595,3596
Partition 1	3527,3520,3528
Partition 2	3565,3558,3597,3559,3522
Partition 3	3566,3564,3568,3567
Partition 4	3610,3606,3611,3608,3609,3607
Partition 5	3532,3547,3549,3548
Partition 6	3556,3570,3571,3569
Partition 7	3553,3551,3554,3555,3550
Partition 8	3560,3561,3552,3524,3562,3523
Partition 9	3538,3539,3540
Partition 10	3542,3544,3545,3543
Partition 11	3557,3585
Partition 12	3537,3546,3535,3536
Partition 13	3534,3593,3533
Partition 14	3521,3599,3600,3603,3602
Partition 15	3579,3580,3581,3601,3578
Partition 16	3598,3604,3605
Partition 17	3586,3582,3587,3588
Partition 18	3572,3573,3574,3575,3576
Partition 19	3563
Partition 20	3577
Partition 21	3589
Partition 24	3584
Partition 25	3529,3526,3530,3583,3592
Partition 28	3541,3525
Partition 30	3590,3591
Partition 32	3531
path	2
T	11
cut	57
Partition 0	3594,3595,3596
Partition 1	3527,3531,3520,3528,3529,3530
Partition 2	3565,3558,3597,3559,3522,3598,3604
Partition 3	3566,3564,3568,3567
Partition 4	3610,3611,3608,3609,3607
Partition 5	3532,3547,3548
Partition 6	3556,3570,3571,3569
Partition 7	3553,3551,3554,3555,3550
Partition 8	3560,3561,3552,3563,3524,3562,3523
Partition 9	3521,3538,3539,3540
Partition 10	3542,3544,3543
Partition 11	3541,3557,3585,3584,3590,3525
Partition 12	3537,3546,3545,3534,3535,3536
Partition 13	3592,3593,3533,3591
Partition 14	3599,3600,3603,3602
Partition 15	3580,3601
Partition 16	3589,3606,3605
Partition 17	3586,3582,3587,3588
Partition 18	3572,3573,3574,3575,3576
Partition 21	3549
Partition 24	3577
Partition 26	3526
Partition 27	3583
Partition 31	3579
Partition 32	3578
Partition 33	3581
path	3
T	11
cut	54
Partition 0	3594,3595,3596
Partition 1	3527,3531,3520,3528,3529,3530
Partition 2	3565,3558,3597,3559,3522
Partition 3	3566,3564,3568,3567
Partition 4	3610,3611,3608,3609,3607
Partition 5	3532,3547,3549,3548
Partition 6	3556,3570,3571,3569
Partition 7	3553,3551,3554,3555,3550
Partition 8	3560,3561,3552,3524,3562,3523
Partition 9	3538,3539,3540
Partition 10	3542,3544,3545,3543
Partition 11	3557,3585,3584,3590,3525
Partition 12	3537,3546,3534,3535,3536
Partition 13	3592,3593,3598,3533,3591,3604
Partition 14	3521,3599,3600,3603,3602
Partition 15	3579,3580,3581,3601,3578
Partition 16	3589,3606,3605
Partition 17	3586,3582,3587,3588
Partition 18	3572,3573,3574,3575,3576,3577
Partition 19	3563
Partition 20	3526
Partition 21	3583
Partition 23	3541
path	4
T	12
cut	58
Partition 0	3594,3595,3596
Partition 1	3527,3531,3520,3528,3529,3530
Partition 2	3565,3597,3559,3522
Partition 3	3564,3568,3567
Partition 4	3610,3611,3608,3609,3607
Partition 5	3532,3549,3548
Partition 6	3556,3570,3571,3569
Partition 7	3553,3551,3554,3555,3550
Partition 8	3560,3561,3552,3563,3524,3562,3523
Partition 9	3538,3539,3540
Partition 10	3542,3544,3545,3543
Partition 11	3541,3557,3590,3525
Partition 12	3537,3546,3535,3536
Partition 13	3526,3534,3592,3593,3598,3591
Partition 14	3521,3599,3600,3603,3602
Partition 15	3579,3580,3581,3601,3578
Partition 16	3606,3604,3605
Partition 17	3586,3582,3587,3588
Partition 18	3572,3573,3574,3575,3576
Partition 20	3577
Partition 23	3547
Partition 24	3566
Partition 25	3558
Partition 26	3589
Partition 27	3533
Partition 28	3585
Partition 29	3583,3584
path	5
T	12
cut	56
Partition 0	3594,3595,3596
Partition 1	3527,3531,3520,3528,3529,3530
Partition 2	3565,3558,3559,3522
Partition 3	3566,3564,3568,3567
Partition 4	3610,3611,3608,3609,3607
Partition 5	3532,3547,3549,3548
Partition 6	3556,3570,3571,3569
Partition 7	3553,3551,3554,3555,3550
Partition 8	3560,3561,3552,3524,3562,3523
Partition 9	3538,3539,3540
Partition 10	3542,3544,3545,3543
Partition 11	3525
Partition 12	3537,3546,3535,3536
Partition 13	3526,3534,3592,3593,3590,3533,3591
Partition 14	3521,3599,3600,3603,3602
Partition 15	3579,3580,3581,3601,3578
Partition 16	3598,3604,3605
Partition 17	3586,3582,3587,3588
Partition 18	3572,3573,3574,3575,3576
Partition 22	3597
Partition 24	3541
Partition 25	3583
Partition 26	3557,3585,3584
Partition 27	3577
Partition 30	3563
Partition 31	3589,3606
path	6
T	12
cut	61
Partition 0	3594,3595,3596
Partition 1	3527,3520,3528
Partition 2	3565,3558,3597,3559,3522
Partition 3	3566,3564,3568,3567
Partition 4	3610,3606,3611,3608,3609,3607
Partition 5	3532,3547,3549,3548
Partition 6	3556,3570,3571,3569
Partition 7	3553,3551,3554,3555,3550
Partition 8	3560,3561,3552,3524,3562,3523
Partition 9	3521,3538,3539,3540
Partition 10	3544,3545,3543
Partition 11	3557,3585
Partition 12	3537,3546,3535,3536
Partition 13	3534,3593,3533
Partition 14	3599,3600,3603,3602
Partition 15	3579,3580,3581,3601,3578
Partition 16	3598,3604,3605
Partition 17	3586,3582,3587,3588
Partition 18	3572,3573,3574,3575,3576
Partition 19	3563
Partition 20	3577
Partition 21	3589
Partition 24	3584
Partition 25	3529,3526,3530,3583,3592
Partition 28	3525
Partition 30	3590,3591
Partition 32	3531
Partition 34	3542
Partition 36	3541
path	7
T	11
cut	56
Partition 0	3594,3595,3596
Partition 1	3527,3531,3520,3528,3529,3526,3530
Partition 2	3565,3558,3597,3559,3522,3598,3604
Partition 3	3566,3564,3568,3567
Partition 4	3610,3611,3608,3609,3607
Partition 5	3532,3547,3548
Partition 6	3556,3570,3571,3569
Partition 7	3553,3551,3554,3555,3550
Partition 8	3560,3561,3552,3563,3524,3562,3523
Partition 9	3521,3538,3539,3540
Partition 10	3542,3544,3543
Partition 11	3541,3557,3585,3584,3590,3525
Partition 12	3537,3546,3545,3534,3535,3536
Partition 13	3592,3593,3533,3591
Partition 14	3599,3600,3603,3602
Partition 15	3580,3601
Partition 16	3589,3606,3605
Partition 17	3586,3582,3587,3588
Partition 18	3572,3573,3574,3575,3576
Partition 21	3549
Partition 24	3577
Partition 27	3583
Partition 31	3579
Partition 32	3578
Partition 33	3581
path	8
T	14
cut	63
Partition 0	3527,3520,3528,3594,3595,3596
Partition 1	3538,3573,3539,3574,3526,3524,3562
Partition 2	3565,3558,3597,3559,3522,3598
Partition 3	3566,3564,3568,3567
Partition 4	3610,3611,3608,3609,3607
Partition 5	3547,3549,3548
Partition 6	3556,3570,3571,3569
Partition 7	3553,3551,3554,3555,3550
Partition 8	3560,3561,3529,3552,3523
Partition 9	3540
Partition 10	3542,3544,3545,3543
Partition 11	3557,3585,3584,3590,3525
Partition 12	3530
Partition 13	3578
Partition 14	3599,3600,3603,3602
Partition 15	3593
Partition 16	3606,3604,3605
Partition 17	3586,3582,3587,3589,3579,3581,3588
Partition 18	3537,3546,3535,3536
Partition 19	3563
Partition 21	3575,3576,3577
Partition 23	3521,3541
Partition 26	3591
Partition 29	3583
Partition 31	3580,3601
Partition 33	3531,3532
Partition 35	3534
Partition 36	3572
Partition 37	3533
Partition 40	3592
path	9
T	9
cut	62
Partition 0	3520,3594,3595,3596
Partition 1	3528,3529,3530
Partition 2	3589
Partition 3	3564,3568,3567
Partition 4	3610,3611,3608,3609,3607
Partition 5	3532,3549,3548
Partition 6	3556,3570,3571,3569
Partition 7	3553,3551,3554,3555,3550
Partition 8	3560,3561,3552,3563,3524,3562,3523
Partition 9	3538,3539,3540
Partition 10	3542,3544,3545,3543
Partition 11	3541,3557,3590,3525
Partition 12	3537,3546,3535,3536
Partition 13	3526,3534,3579,3592,3593,3598,3591
Partition 14	3599,3600,3603,3602
Partition 15	3580,3601
Partition 16	3606,3604,3605
Partition 17	3586,3582,3587,3581
Partition 18	3572,3573,3574,3575,3576
Partition 20	3577,3588
Partition 23	3547
Partition 24	3566
Partition 25	3558,3559,3522
Partition 26	3521,3565
Partition 27	3533
Partition 28	3585
Partition 29	3583,3584
Partition 31	3597
Partition 34	3527,3531
Partition 37	3578
path	10
T	10
cut	61
Partition 0	3594,3595,3596
Partition 1	3527,3531,3520,3528,3529,3530
Partition 2	3558,3559
Partition 3	3566,3564,3568,3567
Partition 4	3610,3611,3608,3609,3607
Partition 5	3532,3547,3549,3548
Partition 6	3556,3570,3571,3569
Partition 7	3553,3551,3554,3555,3550
Partition 8	3560,3561,3552,3524,3562,3523
Partition 9	3521,3538,3539,3540
Partition 10	3542,3544,3545,3543
Partition 11	3525
Partition 12	3537,3546,3535,3536
Partition 13	3526,3592,3593,3590,3533,3591
Partition 14	3599,3600,3603,3602
Partition 15	3579,3580,3581,3601,3578
Partition 16	3597,3598
Partition 17	3586,3582,3587,3588
Partition 18	3572,3573,3574,3575,3576
Partition 22	3565
Partition 24	3541
Partition 25	3583
Partition 26	3557,3585,3584
Partition 27	3577
Partition 30	3563
Partition 31	3589,3606
Partition 32	3522
Partition 33	3605
Partition 38	3534
Partition 39	3604
