path	1
T	7
cut	45
Partition 0	7554,7545,7557,7558,7559
Partition 2	7491,7546,7547,7492,7539
Partition 3	7541,7555,7542,7548,7549,7556,7550
Partition 4	7500,7536
Partition 5	7504,7513,7502,7503,7501,7512
Partition 6	7537,7538,7551,7552
Partition 7	7532,7533,7534
Partition 9	7494,7506,7543
Partition 11	7507,7493,7505
Partition 12	7520,7518,7519,7517
Partition 13	7535
Partition 14	7521,7522,7527,7528
Partition 15	7523,7524,7525,7495,7508,7496,7526
Partition 16	7540
Partition 17	7516
Partition 18	7515
Partition 19	7553
Partition 21	7529
Partition 22	7544
Partition 24	7514
Partition 26	7499
Partition 27	7490,7530,7531
Partition 28	7497
Partition 31	7498
Partition 32	7511
Partition 34	7509,7510
path	2
T	9
cut	41
Partition 0	7554,7557,7558,7559
Partition 1	7514,7555,7556,7550
Partition 2	7491,7546,7547,7548
Partition 3	7530,7531
Partition 4	7500,7536
Partition 5	7504,7513,7502,7503,7501,7512
Partition 6	7537,7538,7551,7552
Partition 7	7532,7533,7534
Partition 8	7544,7495,7498,7508
Partition 9	7494,7506,7543
Partition 10	7515,7492,7539
Partition 11	7507,7509,7493,7505,7535,7497
Partition 12	7520,7518,7519,7517
Partition 13	7490,7545
Partition 14	7521,7522,7527,7528
Partition 15	7523,7524,7525,7496,7526
Partition 16	7541,7542,7549
Partition 18	7540
Partition 19	7516
Partition 21	7511,7510
Partition 23	7529
Partition 24	7553
Partition 25	7499
path	3
T	10
cut	42
Partition 0	7554,7557,7558,7559
Partition 1	7514,7555,7556,7550
Partition 2	7491,7546,7547
Partition 3	7540,7541,7530,7531,7542,7548
Partition 4	7499,7500,7504,7515,7536,7492
Partition 5	7502,7503,7501
Partition 6	7537,7538,7551,7552
Partition 7	7532,7533,7534
Partition 8	7498
Partition 9	7493,7505
Partition 10	7516
Partition 11	7507,7509,7510
Partition 12	7520,7490,7518,7519,7517
Partition 13	7535,7497
Partition 14	7521,7522,7529,7527,7528
Partition 15	7523,7524,7525,7496,7526
Partition 16	7549
Partition 17	7539
Partition 18	7545
Partition 21	7553
Partition 22	7513
Partition 23	7494,7506,7543,7544,7495,7508
Partition 24	7511,7512
path	4
T	9
cut	40
Partition 0	7554,7557,7558,7559
Partition 1	7514,7555,7556,7550
Partition 2	7491,7546,7547
Partition 3	7540,7541,7515,7531,7542,7548,7549
Partition 4	7500,7536,7537,7538
Partition 5	7504,7513,7502,7503,7501,7512
Partition 6	7553,7551,7552
Partition 7	7532,7533,7534
Partition 9	7494,7506,7543,7511,7544,7508,7510
Partition 10	7516
Partition 11	7507,7509,7493,7505
Partition 12	7520,7518,7519,7517
Partition 13	7490,7545
Partition 14	7521,7522,7527,7528
Partition 15	7523,7524,7525,7495,7498,7496,7526
Partition 18	7530
Partition 20	7529
Partition 22	7499
Partition 24	7492
Partition 25	7539
Partition 26	7535
Partition 27	7497
path	5
T	13
cut	40
Partition 0	7554,7545,7557,7558,7559
Partition 1	7514,7555,7550
Partition 2	7541,7542
Partition 3	7491,7546,7547,7531,7548
Partition 4	7500,7536
Partition 5	7499,7504,7513,7498,7502,7503,7501
Partition 6	7553,7551,7552
Partition 7	7532,7533,7534
Partition 9	7494,7506,7540,7543
Partition 10	7515,7516,7492,7539
Partition 11	7507,7509,7493,7505
Partition 12	7520,7518,7519,7517
Partition 13	7537,7538,7535,7497
Partition 14	7521,7522,7527,7528
Partition 15	7523,7524,7544,7525,7495,7496,7526
Partition 16	7556
Partition 17	7490,7530
Partition 18	7529
Partition 19	7549
Partition 21	7511,7510
Partition 22	7512
Partition 24	7508
path	6
T	9
cut	46
Partition 0	7554,7545,7557,7558,7556,7559
Partition 2	7491,7546,7547,7492,7539
Partition 3	7541,7542,7549,7550
Partition 4	7500,7536
Partition 5	7504,7513,7498,7502,7503,7501,7512
Partition 6	7537,7538,7551,7552
Partition 7	7532,7533,7534
Partition 9	7494,7506,7543
Partition 11	7507,7493,7505
Partition 12	7520,7518,7519,7517
Partition 13	7535
Partition 14	7521,7522,7527,7528
Partition 15	7523,7524,7525,7496,7526
Partition 16	7540
Partition 17	7516
Partition 18	7515
Partition 19	7553
Partition 21	7529
Partition 24	7514
Partition 26	7544,7495
Partition 27	7490,7530,7531
Partition 28	7497
Partition 31	7499
Partition 32	7511
Partition 34	7508,7509,7510
Partition 35	7555
Partition 39	7548
path	7
T	8
cut	42
Partition 0	7554,7545,7557,7558,7559
Partition 1	7514,7555,7550
Partition 2	7541,7542
Partition 3	7491,7546,7547,7531,7548
Partition 4	7500,7536
Partition 5	7504,7513,7498,7502,7503,7501
Partition 6	7553,7551,7552
Partition 7	7532,7533,7534
Partition 9	7494,7540,7543
Partition 10	7515,7492,7539
Partition 11	7507,7509,7493,7505
Partition 12	7520,7518,7519,7517
Partition 13	7537,7538,7535,7497
Partition 14	7521,7522,7527,7528
Partition 15	7523,7524,7525,7495,7508,7496,7526
Partition 16	7556
Partition 17	7490,7530
Partition 18	7529
Partition 19	7549
Partition 21	7506,7511,7512
Partition 22	7510
Partition 24	7544
Partition 27	7516
Partition 28	7499
