path	1
T	NA
cut	57
Partition 0	3578,3579,3582
Partition 1	3580,3553,3554,3581
Partition 2	3528,3537,3538
Partition 3	3585,3586,3587,3525,3588
Partition 4	3601,3602,3603,3604
Partition 5	3563,3564
Partition 6	3547,3558,3591,3521,3557
Partition 7	3532,3600,3556,3567,3566,3565
Partition 8	3589,3596,3595,3597
Partition 9	3592,3593,3533,3590,3594
Partition 10	3573,3574,3584,3583
Partition 11	3599,3608,3610,3609,3611,3598
Partition 12	3568,3569,3546,3552,3523,3551
Partition 13	3522,3544,3545,3550,3548,3549
Partition 14	3543,3571,3572,3542,3520,3570
Partition 15	3534,3535,3576,3575,3577,3524
Partition 16	3536,3529,3530,3539,3540,3531,3541
Partition 17	3562,3605,3561
Partition 18	3607,3606
Partition 19	3560
Partition 20	3555
Partition 21	3526
Partition 27	3559
Partition 28	3527
path	2
T	NA
cut	64
Partition 0	3578,3579,3582
Partition 1	3537,3580,3553,3554,3581
Partition 2	3527,3528,3531
Partition 3	3585,3586,3587,3525,3588
Partition 4	3601,3602,3603,3604,3605
Partition 5	3562,3563,3560,3564
Partition 6	3547,3558,3591,3559,3521,3557
Partition 7	3532,3600,3607,3567,3566,3565
Partition 8	3589,3596,3595
Partition 9	3592,3593,3533,3590,3594
Partition 10	3573,3574,3584,3583,3597
Partition 11	3599,3608,3610,3609,3598
Partition 12	3569,3552,3551
Partition 13	3544,3545,3550,3548,3549
Partition 14	3543,3571,3572,3542,3520,3570
Partition 15	3534,3535,3576,3575
Partition 16	3536,3540,3541
Partition 17	3611
Partition 18	3561
Partition 19	3606
Partition 20	3526
Partition 23	3555
Partition 24	3538
Partition 26	3539
Partition 27	3529,3530
Partition 29	3524
Partition 30	3556
Partition 31	3523
Partition 32	3577
Partition 33	3522,3568
Partition 35	3546
path	3
T	NA
cut	59
Partition 0	3578,3579,3582
Partition 1	3555,3580,3553,3554,3581
Partition 2	3526,3527,3528,3537,3538,3539
Partition 3	3585,3586,3587,3525,3588
Partition 4	3601,3602,3603,3604
Partition 5	3562,3563,3605,3560,3564,3606
Partition 6	3547,3558,3591,3521,3557
Partition 7	3567,3566,3565
Partition 8	3589,3596,3595,3597
Partition 9	3592,3593,3533,3590,3594
Partition 10	3573,3574,3584,3583
Partition 11	3599,3608,3610,3609,3611,3598
Partition 12	3568,3569,3552,3551
Partition 13	3522,3544,3545,3550,3548,3549,3524
Partition 14	3543,3571,3572,3531,3542,3520,3570
Partition 15	3534,3535,3576,3575,3577
Partition 16	3536,3540,3541
Partition 17	3607
Partition 19	3561
Partition 20	3559
Partition 21	3529
Partition 22	3556
Partition 23	3523
Partition 26	3546
Partition 27	3532,3600
Partition 28	3530
