path	1
T	9
cut	56
Partition 0	3588,3587,3589
Partition 1	3533,3542
Partition 2	3527,3528,3567
Partition 3	3559,3557,3543,3558
Partition 4	3521,3598,3599
Partition 5	3600,3601,3602
Partition 6	3539,3585,3529,3530,3531,3532,3584
Partition 7	3576,3538,3540,3577,3541,3535
Partition 8	3561,3562,3560
Partition 9	3583
Partition 10	3565,3564,3566
Partition 11	3568,3571,3569,3570
Partition 12	3551,3547,3552
Partition 13	3544,3545
Partition 15	3555,3556,3554
Partition 16	3522,3553
Partition 17	3572,3573,3574,3575,3546
Partition 18	3579,3580
Partition 19	3526
Partition 20	3548
Partition 21	3582,3581,3597
Partition 22	3590,3591,3592
Partition 23	3593,3594,3595,3596
Partition 24	3563
Partition 25	3523
Partition 27	3524,3534,3550,3578,3549
Partition 28	3536,3537,3520
Partition 32	3586,3525
path	2
T	12
cut	56
Partition 0	3588,3586,3587,3589
Partition 1	3541,3535,3542
Partition 2	3527,3528,3533,3532
Partition 3	3559,3557,3543,3558,3520
Partition 4	3521,3598,3599
Partition 5	3600,3601,3602
Partition 6	3529,3530,3531
Partition 7	3539,3540
Partition 8	3561,3562,3560,3563
Partition 9	3536
Partition 10	3565,3564,3566,3571
Partition 11	3567,3568,3569,3570
Partition 12	3550,3551,3552
Partition 13	3544,3545
Partition 14	3585,3548,3549,3584,3583
Partition 15	3555,3556,3554
Partition 16	3522,3553
Partition 17	3572,3573,3574,3575,3547,3546
Partition 18	3578,3579,3580
Partition 19	3525
Partition 20	3524,3534
Partition 21	3582,3581,3597
Partition 22	3590,3591,3592
Partition 23	3593,3594,3595,3596
Partition 25	3523
Partition 26	3526
Partition 28	3576,3577
Partition 30	3538
Partition 31	3537
path	3
T	12
cut	56
Partition 0	3588,3586,3587,3589
Partition 1	3541,3535,3542
Partition 2	3527,3528,3533,3532
Partition 3	3559,3543,3558
Partition 4	3521,3598,3599
Partition 5	3600,3601,3602
Partition 6	3529,3530,3531
Partition 7	3539,3540
Partition 8	3561,3562,3560,3563
Partition 9	3538,3537
Partition 10	3565,3564,3566
Partition 11	3567,3526,3548,3568,3569,3570
Partition 12	3550,3551,3552
Partition 13	3523,3544,3576,3545,3547
Partition 14	3585,3584
Partition 15	3555,3556,3554
Partition 16	3553
Partition 17	3572,3573,3574,3575,3522,3546
Partition 18	3577,3578,3579,3520,3580
Partition 20	3524,3534
Partition 21	3582,3581,3597
Partition 22	3590,3591,3592
Partition 23	3593,3594,3595,3596
Partition 28	3536
Partition 30	3557
Partition 32	3571
Partition 33	3549
Partition 36	3583
Partition 37	3525
path	4
T	12
cut	59
Partition 0	3576,3588,3586,3587,3525,3589
Partition 1	3541,3535,3542
Partition 2	3527,3528,3533,3567,3537,3532
Partition 3	3559,3543,3558
Partition 4	3521,3598,3599
Partition 5	3600,3601,3602
Partition 6	3529,3530,3531
Partition 7	3523
Partition 8	3561,3562,3560,3563
Partition 10	3565,3564,3566
Partition 11	3568,3571,3569,3570
Partition 12	3550,3551,3552
Partition 13	3544,3545
Partition 14	3549,3583
Partition 15	3555,3556
Partition 16	3573,3574,3575,3522,3553
Partition 17	3572,3546
Partition 18	3577,3579,3580
Partition 19	3578
Partition 20	3524,3534
Partition 21	3582,3581,3597
Partition 22	3526,3590,3591,3592
Partition 23	3593,3594,3595,3596
Partition 25	3547
Partition 28	3538,3540
Partition 30	3539
Partition 31	3536
Partition 33	3585,3584
Partition 34	3557
Partition 35	3520
Partition 38	3554
Partition 40	3548
path	5
T	13
cut	59
Partition 0	3588,3586,3587,3589
Partition 1	3541,3535,3542
Partition 2	3527,3528,3533,3532
Partition 3	3559,3543,3558
Partition 4	3521,3598,3599
Partition 5	3600,3601,3602
Partition 6	3585,3529,3530,3531,3584
Partition 7	3539,3540
Partition 8	3561,3562,3560,3563
Partition 9	3538
Partition 10	3565,3564,3566
Partition 11	3526,3568,3569
Partition 12	3550,3551,3552
Partition 13	3545
Partition 14	3549,3583
Partition 15	3555,3556,3554
Partition 16	3522,3553
Partition 17	3572,3573,3574,3575,3546
Partition 18	3579,3580
Partition 19	3548
Partition 20	3523,3544,3576,3524,3534,3525
Partition 21	3582,3581,3597
Partition 22	3590,3571,3591,3592,3570
Partition 23	3593,3594,3595,3596
Partition 26	3536,3537
Partition 28	3567
Partition 31	3547
Partition 32	3557
Partition 34	3520
Partition 35	3577
Partition 36	3578
path	6
T	14
cut	56
Partition 0	3588,3587,3589
Partition 1	3533,3542
Partition 2	3527,3528,3567
Partition 3	3559,3557,3543,3558,3520
Partition 4	3521,3598,3599
Partition 5	3600,3601,3602
Partition 6	3539,3585,3529,3530,3531,3532,3584
Partition 7	3538,3540,3541
Partition 8	3561,3562,3560
Partition 9	3551,3552
Partition 10	3565,3564,3566
Partition 11	3568,3571,3569,3570
Partition 12	3550,3548,3549,3583
Partition 13	3544,3545
Partition 15	3555,3556,3554
Partition 16	3522,3553
Partition 17	3572,3573,3574,3575,3547,3546
Partition 18	3578,3579,3580
Partition 19	3526
Partition 21	3582,3581,3597
Partition 22	3590,3591,3592
Partition 23	3593,3594,3595,3596
Partition 24	3563
Partition 25	3523
Partition 27	3524,3534,3535
Partition 28	3576,3577
Partition 32	3586,3525
Partition 33	3536
Partition 34	3537
path	7
T	9
cut	57
Partition 0	3588,3586,3587,3589
Partition 1	3541,3535,3542
Partition 2	3527,3528,3533,3532
Partition 3	3559,3543,3558
Partition 4	3521,3598,3599
Partition 5	3600,3601,3602
Partition 6	3529,3530,3531
Partition 7	3539,3540
Partition 8	3561,3562,3560,3563
Partition 9	3536
Partition 10	3565,3564,3566
Partition 11	3567,3568,3569,3570
Partition 12	3550,3551,3552
Partition 13	3523,3544,3576,3545,3547
Partition 14	3585,3584
Partition 15	3555,3556,3554
Partition 16	3553
Partition 17	3572,3573,3574,3575,3522,3546
Partition 18	3577,3579,3580
Partition 20	3524,3534
Partition 21	3582,3581,3597
Partition 22	3590,3591,3592
Partition 23	3593,3594,3595,3596
Partition 28	3520
Partition 30	3578
Partition 32	3571
Partition 33	3549,3583
Partition 36	3538,3537
Partition 37	3526,3548,3525
Partition 39	3557
path	8
T	11
cut	60
Partition 0	3588,3586,3587,3589
Partition 1	3541,3535,3542
Partition 2	3527,3528,3533,3532
Partition 3	3559,3543,3558
Partition 4	3521,3598,3599
Partition 5	3600,3601,3602
Partition 6	3529,3530,3531
Partition 7	3523
Partition 8	3561,3562,3560,3563
Partition 10	3565,3564,3566
Partition 11	3568,3571,3569,3570
Partition 12	3550,3551,3552
Partition 13	3544,3545
Partition 14	3549,3583
Partition 15	3555,3556
Partition 16	3573,3574,3575,3522,3553
Partition 17	3572,3546
Partition 18	3577,3579,3580
Partition 20	3524,3534
Partition 21	3582,3581,3597
Partition 22	3578,3526,3548,3590,3591,3592,3520
Partition 23	3593,3594,3595,3596
Partition 25	3547
Partition 28	3538,3540
Partition 30	3539
Partition 31	3536
Partition 33	3585,3584
Partition 34	3557
Partition 38	3554
Partition 40	3525
Partition 41	3576
Partition 43	3567
Partition 45	3537
path	9
T	8
cut	61
Partition 0	3588,3586,3587,3589
Partition 1	3541,3535,3542
Partition 2	3527,3528,3533,3532
Partition 3	3559,3543,3558
Partition 4	3521,3598,3599
Partition 5	3600,3601,3602
Partition 6	3529,3530,3531
Partition 7	3539,3540
Partition 8	3561,3562,3560
Partition 9	3538
Partition 10	3565,3564,3566
Partition 11	3568,3571,3569,3570
Partition 12	3550,3551,3552
Partition 13	3545
Partition 14	3536,3537,3584,3583
Partition 15	3555,3556,3554
Partition 16	3522,3553
Partition 17	3572,3573,3574,3575,3546
Partition 18	3579,3580
Partition 19	3526
Partition 20	3523,3544,3576,3524,3534,3525
Partition 21	3582,3581,3597
Partition 22	3590,3592
Partition 23	3593,3594,3595,3596
Partition 26	3548,3549
Partition 28	3567
Partition 31	3547
Partition 32	3557
Partition 34	3520
Partition 35	3577
Partition 36	3578
Partition 41	3591
Partition 42	3563
Partition 43	3585
