cut	55
Partition 0	3539,3538
Partition 1	3568,3555
Partition 2	3537,3569,3584
Partition 3	3573,3574
Partition 4	3570,3571,3572
Partition 5	3588,3589,3590
Partition 6	3585,3586,3591
Partition 7	3540,3525
Partition 8	3523,3528,3529
Partition 9	3527,3526
Partition 10	3561,3563,3562
Partition 11	3531,3587
Partition 12	3522,3530,3521
Partition 13	3575,3576,3577
Partition 14	3578,3583,3582
Partition 15	3524,3536
Partition 16	3533,3532
Partition 17	3534,3535
Partition 18	3557,3556
Partition 19	3558,3554,3559
Partition 20	3564,3560
Partition 21	3567,3566,3565
Partition 22	3546,3550
Partition 23	3547,3548,3549
Partition 24	3541,3543,3542
Partition 25	3544,3545
Partition 26	3594,3593
Partition 27	3553,3551,3552
Partition 28	3580,3579
Partition 29	3592,3520,3581
