Partition 1	2.0	0, 2	2066, 2131		5, 13
Partition 2	4.0	2, 2	2132, 2135		20, 28
Partition 3	4.0	2, 2	2133, 2076, 2134, 2136		27, 7, 33, 37
Partition 4	4.0	2, 2	2142, 2129, 2068		14, 12, 4
Partition 5	3.0	2, 1	2130, 2139		19, 26
Partition 6	3.0	2, 1	2138, 2140		18, 32
Partition 7	3.0	2, 1	2146, 2147		25, 31
Partition 8	2.0	1, 1	2145, 2148		6, 36
Partition 9	4.0	3, 1	2141, 2149, 2150		35, 39, 41
Partition 10	4.0	3, 1	2153, 2151, 2152		84, 75, 80
Partition 11	4.0	3, 1	2143, 2144		21, 29
Partition 12	3.0	1, 2	2098, 2094, 2095		22, 2, 10
Partition 13	4.0	2, 2	2100, 2104		17, 23
Partition 14	2.0	1, 1	2069, 2111		63, 66
Partition 15	4.0	2, 2	2109, 2110		65, 67
Partition 16	4.0	2, 2	2137, 2083		40, 15
Partition 17	4.0	3, 1	2093, 2107, 2108		24, 38, 62
Partition 18	3.0	2, 1	2105, 2106		30, 34
Partition 19	1.0	0, 1	2062		1
Partition 20	4.0	1, 3	2063, 2088, 2099, 2082, 2089		3, 9, 11, 8, 16
Partition 21	2.0	0, 2	2065, 2079		42, 46
Partition 22	4.0	2, 2	2080, 2081, 2085		52, 56, 57
Partition 23	4.0	2, 2	2075, 2084, 2086		44, 59, 60
Partition 24	3.0	2, 1	2090, 2092		49, 58
Partition 25	3.0	2, 1	2078, 2091		50, 54
Partition 26	2.0	1, 1	2102, 2103, 2101		51, 55, 45
Partition 27	4.0	2, 2	2096, 2077, 2097, 2067		47, 48, 53, 43
Partition 28	4.0	2, 2	2185, 2186		131, 135
Partition 29	3.0	2, 1	2124, 2183		119, 125
Partition 30	2.0	2, 0	2199, 2200, 2184		134, 137, 132
Partition 31	3.0	2, 1	2196, 2194		136, 133
Partition 32	3.0	3, 0	2195, 2197, 2198		138, 139, 140
Partition 33	4.0	3, 1	2192, 2193		127, 130
Partition 34	4.0	2, 2	2191, 2189, 2190		129, 126, 128
Partition 35	4.0	2, 2	2073, 2119, 2180		111, 114, 109
Partition 36	3.0	2, 1	2121, 2122		112, 115
Partition 37	4.0	2, 2	2116, 2117, 2118		70, 73, 113
Partition 38	4.0	1, 3	2064, 2125, 2126, 2188, 2123		118, 121, 122, 123, 117
Partition 39	4.0	2, 2	2187, 2182		120, 124
Partition 40	4.0	3, 1	2120, 2179, 2181		116, 108, 110
Partition 41	4.0	3, 1	2170, 2172		98, 100
Partition 42	3.0	2, 1	2168		96
Partition 43	4.0	3, 1	2163, 2164, 2166		90, 91, 93
Partition 44	4.0	3, 1	2161, 2165		88, 92
Partition 45	4.0	1, 3	2070, 2162, 2155, 2159		79, 89, 77, 86
Partition 46	2.0	0, 2	2157, 2074		81, 78
Partition 47	3.0	1, 2	2072, 2156, 2158		76, 83, 82
Partition 48	4.0	2, 2	2127, 2128		74, 94
Partition 49	2.0	1, 1	2071, 2115		64, 72
Partition 50	4.0	2, 2	2112, 2113, 2114		68, 69, 71
Partition 51	3.0	2, 1	2174		102
Partition 52	4.0	2, 2	2169, 2154		97, 87
Partition 53	4.0	3, 1	2167, 2171		95, 99
Partition 54	4.0	3, 1	2173, 2177		101, 106
Partition 55	3.0	2, 1	2087		61
Partition 56	4.0	3, 1	2175, 2178		103, 107
Partition 57	3.0	2, 1	2176		104
Partition 58	3.0	2, 1	2160		85
