Partition 1	3.0	2, 1	2133, 2135, 2134, 2136		27, 28, 33, 37
Partition 2	3.0	2, 1	2109, 2108		65, 62
Partition 3	4.0	3, 1	2141, 2149		35, 39
Partition 4	3.0	2, 1	2097		53
Partition 5	3.0	2, 1	2127		74
Partition 6	4.0	3, 1	2106, 2107, 2093		34, 38, 24
Partition 7	3.0	2, 1	2085, 2086, 2081, 2084		57, 60, 56, 59
Partition 8	3.0	2, 1	2090, 2092		49, 58
Partition 9	4.0	2, 2	2118, 2073, 2119, 2180		113, 111, 114, 109
Partition 10	3.0	2, 1	2112, 2113, 2110		68, 69, 67
Partition 11	3.0	2, 1	2087		61
Partition 12	4.0	3, 1	2177, 2173		106, 101
Partition 13	2.0	2, 0	2199, 2200, 2184		134, 137, 132
Partition 14	3.0	2, 1	2150, 2151		41, 75
Partition 15	3.0	2, 1	2146, 2147, 2145, 2148		25, 31, 6, 36
Partition 16	4.0	3, 1	2172, 2170		100, 98
Partition 17	3.0	1, 2	2142, 2076		14, 7
Partition 18	3.0	1, 2	2072, 2156, 2155, 2159		76, 83, 77, 86
Partition 19	4.0	1, 3	2064, 2125, 2126, 2188, 2123		118, 121, 122, 123, 117
Partition 20	3.0	2, 1	2168		96
Partition 21	4.0	3, 1	2171, 2167		99, 95
Partition 22	3.0	2, 1	2185		131
Partition 23	4.0	2, 2	2098, 2094, 2095, 2105		22, 2, 10, 30
Partition 24	4.0	2, 2	2128, 2174		94, 102
Partition 25	3.0	2, 1	2176		104
Partition 26	4.0	3, 1	2175, 2178		103, 107
Partition 27	3.0	1, 2	2129, 2143, 2068		12, 21, 4
Partition 28	4.0	2, 2	2191, 2193, 2190, 2192, 2194		129, 130, 128, 127, 133
Partition 29	4.0	2, 2	2070, 2161, 2163, 2164, 2166		79, 88, 90, 91, 93
Partition 30	4.0	2, 2	2169, 2154		97, 87
Partition 31	3.0	1, 2	2096, 2075		47, 44
Partition 32	3.0	2, 1	2162, 2165		89, 92
Partition 33	3.0	2, 1	2130, 2139		19, 26
Partition 34	3.0	1, 2	2131, 2132, 2066		13, 20, 5
Partition 35	3.0	2, 1	2144		29
Partition 36	3.0	2, 1	2116, 2117		70, 73
Partition 37	2.0	1, 1	2114, 2071, 2115		71, 64, 72
Partition 38	3.0	0, 3	2077, 2078, 2102, 2101, 2067		48, 50, 51, 45, 43
Partition 39	3.0	2, 1	2103, 2104		55, 23
Partition 40	2.0	1, 1	2082, 2083		8, 15
Partition 41	2.0	1, 1	2069, 2111		63, 66
Partition 42	3.0	2, 1	2158, 2160		82, 85
Partition 43	4.0	3, 1	2120, 2179, 2181		116, 108, 110
Partition 44	3.0	2, 1	2137		40
Partition 45	2.0	0, 2	2157, 2074		81, 78
Partition 46	3.0	2, 1	2124, 2183		119, 125
Partition 47	3.0	2, 1	2138, 2140		18, 32
Partition 48	3.0	2, 1	2121, 2122		112, 115
Partition 49	3.0	1, 2	2088, 2089, 2062		9, 16, 1
Partition 50	2.0	0, 2	2063, 2099, 2100		3, 11, 17
Partition 51	3.0	3, 0	2186, 2195, 2197, 2198, 2196		135, 138, 139, 140, 136
Partition 52	3.0	2, 1	2091		54
Partition 53	3.0	2, 1	2187, 2189		120, 126
Partition 54	3.0	2, 1	2153, 2152		84, 80
Partition 55	3.0	1, 2	2079, 2080, 2065		46, 52, 42
Partition 56	3.0	2, 1	2182		124
