path	1
T	NA
cut	66
Partition 0	3562,3601,3546,3599,3600
Partition 1	3592,3593,3602,3608
Partition 2	3616,3615,3617
Partition 3	3611,3609,3612,3613
Partition 4	3610
Partition 5	3594,3596,3595,3525,3597
Partition 6	3569,3573,3572
Partition 7	3570,3571
Partition 8	3586,3584,3583,3585
Partition 9	3560,3563,3561
Partition 10	3566,3587,3567,3588
Partition 11	3524,3559,3558,3557
Partition 12	3527,3530,3535,3528,3521
Partition 13	3531,3543,3544
Partition 14	3545,3548,3529,3547
Partition 15	3549,3556,3555
Partition 16	3552,3553,3526,3554,3578,3523
Partition 17	3541,3536,3534,3537,3542
Partition 18	3565,3564
Partition 19	3520,3532,3540,3533,3522,3538,3539
Partition 20	3577,3580,3579,3582
Partition 21	3576,3603,3604,3607
Partition 22	3550,3551,3605,3581,3606
Partition 26	3568
Partition 27	3591
Partition 30	3598
Partition 31	3589
Partition 32	3614
Partition 33	3574
Partition 35	3575
Partition 36	3590
path	2
T	NA
cut	70
Partition 0	3562,3601,3546,3599,3600
Partition 1	3592,3593,3602,3608
Partition 2	3616,3615,3617
Partition 3	3611,3609,3612,3613
Partition 4	3589,3614
Partition 5	3594,3596,3595,3597
Partition 6	3568,3569,3574,3573
Partition 7	3572,3570,3571
Partition 8	3586,3584,3583,3585
Partition 9	3560,3563
Partition 10	3566,3587,3567,3588
Partition 11	3524,3559,3558,3557
Partition 12	3527,3530,3535,3528
Partition 13	3531,3543
Partition 14	3545,3548,3529,3547
Partition 15	3532,3533,3556,3553,3555
Partition 16	3552,3526,3554,3578,3523
Partition 17	3541,3534,3537,3542
Partition 19	3522,3538,3539,3521
Partition 20	3577,3580,3579,3582
Partition 21	3576,3603,3604,3607
Partition 22	3550,3551,3605,3581,3606
Partition 23	3598
Partition 24	3610
Partition 27	3561
Partition 28	3540
Partition 31	3549
Partition 32	3520,3565,3564
Partition 34	3525,3544
Partition 35	3536
Partition 36	3575
Partition 38	3591
Partition 40	3590
path	3
T	NA
cut	66
Partition 0	3562,3601,3546,3599,3600
Partition 1	3592,3593,3602,3608
Partition 2	3616,3615,3617
Partition 3	3611,3609,3612,3613
Partition 4	3589,3614
Partition 5	3594,3596,3595,3597
Partition 6	3569,3573
Partition 7	3590,3521,3570,3571
Partition 8	3586,3584,3583,3585
Partition 9	3560,3563,3561,3572
Partition 10	3566,3587,3567,3588
Partition 11	3524,3559,3558,3557
Partition 12	3527,3530,3535,3536,3528
Partition 13	3531,3543,3544
Partition 14	3545,3548,3529,3547
Partition 15	3520,3549,3556,3555
Partition 16	3552,3553,3526,3554,3578,3523
Partition 17	3533,3541,3534,3537,3542
Partition 18	3565,3564,3525
Partition 19	3522,3538,3539
Partition 20	3577,3580,3579,3582
Partition 21	3576,3603,3604,3607
Partition 22	3550,3551,3605,3581,3606
Partition 23	3540
Partition 26	3568,3574
Partition 27	3575
Partition 28	3610
Partition 29	3598
Partition 30	3591
Partition 31	3532
