path	1
T	10
cut	41
Partition 0	7492,7514,7515,7516
Partition 1	7533,7528,7532
Partition 2	7524,7525,7526,7527
Partition 3	7520,7531,7530
Partition 4	7542,7496
Partition 5	7517,7518,7521,7544,7543
Partition 6	7534,7535,7554,7536,7555
Partition 7	7548,7546,7541,7547
Partition 8	7493,7503
Partition 9	7500,7501,7497,7502
Partition 10	7507,7513
Partition 11	7510,7511,7512
Partition 12	7550,7552,7551,7538
Partition 13	7504,7537,7539,7522,7523
Partition 14	7490,7498,7540,7495
Partition 15	7508,7509
Partition 18	7545
Partition 19	7553
Partition 20	7494
Partition 21	7519
Partition 22	7491
Partition 23	7529,7549,7499
Partition 24	7505,7506
path	2
T	13
cut	38
Partition 0	7492,7514,7515,7516
Partition 1	7533,7534,7532
Partition 2	7524,7525,7526,7527
Partition 3	7521,7520
Partition 4	7544,7491,7545,7542,7543,7496
Partition 5	7500,7517,7518,7497
Partition 6	7535,7554,7536,7555
Partition 7	7548,7546,7541,7547
Partition 8	7493,7503,7504
Partition 9	7501,7502,7506
Partition 10	7529,7549,7507,7499,7513
Partition 11	7505
Partition 12	7550,7494,7552,7553,7551,7538
Partition 13	7537,7539,7522,7523
Partition 14	7490,7498,7540,7495
Partition 15	7510,7511,7508,7509
Partition 17	7519
Partition 18	7531,7530
Partition 19	7528
Partition 26	7512
path	3
T	15
cut	44
Partition 0	7492,7514,7519,7515,7516
Partition 1	7533,7534,7532
Partition 2	7524,7525,7526,7527
Partition 3	7521,7520
Partition 4	7542,7543,7496
Partition 5	7517,7497
Partition 6	7535,7554,7536,7555
Partition 7	7548,7546,7541,7547
Partition 8	7493,7503,7504
Partition 9	7500
Partition 10	7507,7513
Partition 11	7510,7511
Partition 12	7550,7552,7551,7538
Partition 13	7537,7539,7522,7523
Partition 14	7490,7498,7540,7495
Partition 15	7508,7509,7528
Partition 16	7518,7544,7491,7545
Partition 18	7553
Partition 19	7494
Partition 20	7529,7499,7531,7530
Partition 21	7506
Partition 23	7512
Partition 24	7549
Partition 26	7501
Partition 29	7505
Partition 31	7502
path	4
T	2
cut	37
Partition 0	7492,7514,7515,7516
Partition 1	7533,7534,7532
Partition 2	7524,7525,7526,7527
Partition 4	7544,7542,7543
Partition 5	7517,7518,7521,7497,7520,7531,7530
Partition 6	7535,7554,7536,7555
Partition 7	7548,7546,7541,7547
Partition 8	7493,7500,7503
Partition 9	7501,7502,7506
Partition 10	7529,7549,7507,7499,7513
Partition 11	7510,7511,7512
Partition 12	7550,7552,7553,7551,7538
Partition 13	7504,7537,7539,7522,7523
Partition 14	7490,7498,7540,7495
Partition 15	7508,7509,7528
Partition 16	7545
Partition 18	7519,7496
Partition 19	7494
Partition 23	7505,7491
path	5
T	9
cut	37
Partition 0	7492,7514,7515
Partition 1	7533,7531,7530,7532
Partition 2	7524,7525,7526,7528,7527
Partition 3	7521,7520
Partition 4	7542,7543,7496
Partition 5	7517,7518,7544,7497
Partition 6	7534,7535,7554,7536,7555
Partition 7	7548,7546,7541,7547
Partition 8	7493,7503,7504,7505
Partition 9	7500,7501,7502,7506
Partition 10	7529,7507,7499,7513
Partition 11	7491,7510,7545,7549,7511,7512
Partition 12	7550,7494,7552,7553,7551
Partition 13	7537,7539,7522,7523
Partition 14	7490,7498,7540,7495
Partition 15	7508,7509
Partition 16	7538
Partition 18	7516
Partition 21	7519
