path	1
T	1
cut	50
Partition 0	3568,3574,3575,3569,3573
Partition 1	3565,3534,3524
Partition 2	3530,3533,3525
Partition 3	3521,3527,3528,3529
Partition 4	3586,3520,3547,3546
Partition 5	3587,3554,3588,3590,3589
Partition 6	3535,3544,3545,3543
Partition 7	3553,3581,3532,3536,3537,3523
Partition 8	3541,3542,3539,3540,3538
Partition 9	3583,3584,3585,3582
Partition 10	3580,3599,3600,3597,3598
Partition 11	3559
Partition 12	3576,3577,3578,3572,3579
Partition 13	3526,3558,3591
Partition 14	3571,3595,3567,3594,3596,3592,3593
Partition 15	3557,3560,3561,3562
Partition 16	3548,3550,3549,3551,3563,3564
Partition 18	3601
Partition 20	3531
Partition 21	3566
Partition 23	3602
Partition 25	3556
Partition 27	3555
Partition 28	3552
Partition 29	3570
Partition 30	3522
path	2
T	8
cut	51
Partition 0	3568,3574,3575,3569,3573
Partition 1	3565,3566,3534,3524
Partition 2	3530,3533,3525
Partition 3	3521,3527,3528,3529
Partition 4	3586,3520,3547,3546
Partition 5	3587,3554,3588,3589
Partition 6	3535,3544,3545,3543
Partition 7	3581,3532,3536,3537,3523
Partition 8	3541,3542,3539,3540,3538
Partition 9	3583,3584,3585,3582
Partition 10	3580,3599,3600,3597,3598
Partition 11	3571,3567
Partition 12	3576,3577,3578,3572,3579
Partition 13	3558
Partition 14	3595,3594,3596,3592,3593
Partition 15	3557,3560,3561,3559,3562
Partition 16	3548,3550,3555,3526,3552,3549,3551
Partition 20	3553
Partition 22	3564
Partition 23	3531
Partition 24	3570
Partition 27	3556
Partition 31	3563
Partition 32	3522
Partition 36	3591,3590
Partition 37	3601,3602
path	3
T	3
cut	45
Partition 0	3568,3574,3575,3569,3573
Partition 1	3565,3566,3534,3524
Partition 3	3530,3531,3586,3587,3588,3520,3590
Partition 6	3535,3544,3545,3543
Partition 7	3581,3536,3537
Partition 8	3541,3542,3539,3540,3538
Partition 9	3583,3584,3585,3582
Partition 10	3580,3599,3600,3597,3598,3579
Partition 11	3570,3571,3567
Partition 12	3576,3577,3578,3572
Partition 13	3550,3549,3551,3563
Partition 14	3552,3595,3594,3592,3593,3522
Partition 16	3557,3560,3561,3558,3559,3523,3556
Partition 17	3532,3547,3546
Partition 21	3564
Partition 26	3521,3527,3548,3528,3529
Partition 27	3562
Partition 29	3596
Partition 31	3601,3602
Partition 33	3553,3554,3555,3533,3525,3589
Partition 34	3526,3591
path	4
T	10
cut	53
Partition 0	3568,3574,3575,3569,3573
Partition 1	3565,3566,3534,3524
Partition 2	3530,3533,3525
Partition 3	3521,3527,3528,3529
Partition 4	3586,3520,3547,3546
Partition 5	3587,3554,3588,3590,3589
Partition 6	3535,3544,3545,3543
Partition 7	3581,3532,3536,3537,3523
Partition 8	3541,3542,3539,3540,3538
Partition 9	3583,3584,3585,3582
Partition 10	3580,3599,3597,3598
Partition 11	3601,3602
Partition 12	3576,3577,3578,3572,3579
Partition 13	3526,3558,3559
Partition 14	3595,3594,3596,3592,3593
Partition 15	3561,3562
Partition 17	3557,3560,3551,3522
Partition 18	3553
Partition 19	3556
Partition 20	3591
Partition 22	3531
Partition 25	3570
Partition 26	3563
Partition 27	3564
Partition 29	3555,3552
Partition 32	3600
Partition 33	3571,3567
Partition 34	3550,3549
Partition 36	3548
path	5
T	13
cut	51
Partition 0	3568,3574,3575,3569,3573
Partition 1	3565,3566,3534,3524
Partition 2	3530,3533,3525
Partition 3	3527,3528,3529
Partition 4	3586,3520,3547,3546
Partition 5	3587,3554,3588,3591,3590,3589
Partition 6	3535,3544,3545,3543
Partition 7	3581,3532,3536,3523
Partition 8	3541,3539,3540
Partition 9	3583,3584,3585,3582
Partition 10	3580,3599,3600,3597,3598
Partition 11	3601,3602
Partition 12	3576,3577,3578,3572,3579
Partition 13	3526,3552,3558,3559
Partition 14	3595,3594,3596,3592,3593
Partition 15	3557,3560,3555,3561,3556
Partition 17	3542,3537,3538,3522
Partition 19	3553
Partition 20	3531
Partition 23	3564
Partition 24	3551
Partition 25	3562
Partition 26	3563
Partition 28	3570
Partition 29	3571,3567
Partition 30	3549
Partition 32	3548,3550
Partition 36	3521
