path	1
T	12
cut	49
Partition 0	3541,3543,3542
Partition 1	3544,3545
Partition 2	3549,3546,3550
Partition 3	3547,3548
Partition 4	3551,3552,3553,3594
Partition 5	3527,3528,3529,3535,3524,3536
Partition 6	3564,3560,3565
Partition 7	3580,3520,3581
Partition 8	3567,3566
Partition 9	3537,3569,3568,3592,3593
Partition 10	3558,3559,3554
Partition 11	3557,3555,3556
Partition 12	3521,3582,3583
Partition 13	3539,3538
Partition 14	3540,3525
Partition 16	3522
Partition 17	3533,3532,3534
Partition 18	3577,3578,3574,3579
Partition 19	3526,3563,3562
Partition 20	3575,3576
Partition 21	3585,3586,3589,3590
Partition 22	3591
Partition 23	3571,3572,3573
Partition 24	3530,3570,3588,3531,3523,3561,3587
Partition 25	3584
path	2
T	12
cut	48
Partition 0	3541,3543,3542
Partition 1	3544,3545
Partition 2	3549,3546,3550
Partition 3	3547,3548
Partition 4	3551,3552,3553,3594
Partition 5	3535,3524,3536
Partition 6	3564,3560,3565
Partition 7	3580,3579,3520,3581
Partition 8	3522,3530,3567,3566
Partition 9	3591,3592,3593
Partition 10	3558,3559,3554
Partition 11	3557,3555,3556
Partition 12	3582,3583
Partition 13	3537,3539,3569,3538,3540
Partition 16	3521
Partition 17	3533,3532,3534
Partition 18	3577,3578,3574
Partition 19	3563,3562
Partition 20	3575,3576,3528,3523,3561,3529,3525
Partition 21	3585,3586,3589,3590
Partition 22	3527,3526
Partition 23	3572,3573
Partition 24	3588,3531,3587
Partition 26	3584
Partition 27	3570,3571
Partition 29	3568
path	3
T	16
cut	53
Partition 0	3541,3543,3542
Partition 1	3544,3545
Partition 2	3549,3546,3550
Partition 3	3547,3548
Partition 4	3551,3552,3553,3594
Partition 5	3535,3524,3536
Partition 6	3564,3560,3565
Partition 7	3580,3520,3581
Partition 8	3567,3566,3579
Partition 9	3568
Partition 10	3558,3592,3559,3554,3593
Partition 11	3557,3555,3556
Partition 13	3537,3539,3584,3538,3540
Partition 14	3529,3525
Partition 15	3523
Partition 16	3522,3527,3530,3528,3521
Partition 17	3533,3532,3534
Partition 18	3577,3578,3574
Partition 19	3563,3562
Partition 20	3575,3576,3561
Partition 21	3585,3586,3589,3590
Partition 22	3526,3591
Partition 23	3571,3572,3573
Partition 24	3588,3531,3587
Partition 25	3583
Partition 27	3582
Partition 29	3570
Partition 30	3569
path	4
T	13
cut	51
Partition 0	3537,3541,3543,3542,3592,3593
Partition 1	3544,3545
Partition 2	3549,3546,3550
Partition 3	3547,3548
Partition 4	3551,3552,3553,3594
Partition 5	3535,3524,3536
Partition 6	3564,3560,3565
Partition 7	3580,3520,3581
Partition 8	3567,3566
Partition 9	3569,3568,3555
Partition 10	3558,3559,3554
Partition 11	3557,3556
Partition 12	3584,3582,3583
Partition 13	3539,3538
Partition 14	3540,3525
Partition 15	3528,3529
Partition 16	3522,3527,3530,3521
Partition 17	3533,3532,3534
Partition 18	3577,3578,3574
Partition 19	3561,3562
Partition 20	3575,3576
Partition 21	3585,3586,3589,3590
Partition 22	3526,3563
Partition 23	3571,3572,3573
Partition 24	3570,3588,3531,3523,3587
Partition 27	3579
Partition 28	3591
path	5
T	15
cut	51
Partition 0	3537,3541,3543,3542,3569,3584
Partition 1	3544,3545
Partition 2	3549,3546,3550
Partition 3	3547,3548
Partition 4	3551,3552,3553,3594
Partition 5	3535,3524,3536
Partition 6	3564,3560,3565
Partition 7	3580,3520,3581
Partition 8	3567,3566
Partition 9	3592,3593
Partition 10	3558,3559,3554
Partition 11	3557,3555,3556
Partition 12	3521,3582,3583
Partition 13	3539,3538
Partition 14	3540,3529,3525
Partition 15	3527,3528
Partition 16	3522
Partition 17	3533,3532,3534
Partition 18	3577,3578,3574
Partition 19	3561,3562
Partition 20	3575,3576
Partition 21	3585,3586
Partition 22	3589,3526,3563,3591,3590
Partition 23	3571,3572,3573
Partition 24	3570,3588,3523,3587
Partition 25	3530,3531
Partition 27	3579
Partition 29	3568
path	6
T	12
cut	49
Partition 0	3541,3543,3542
Partition 1	3544,3545
Partition 2	3549,3546,3550
Partition 3	3547,3548
Partition 4	3551,3552,3553,3594
Partition 5	3535,3524,3536
Partition 6	3564,3560,3565
Partition 7	3580,3579,3520,3581
Partition 8	3522,3530,3537,3567,3566
Partition 9	3591,3592,3593
Partition 10	3558,3559,3554
Partition 11	3557,3555,3556
Partition 12	3582,3583
Partition 13	3539,3538,3540
Partition 16	3521
Partition 17	3533,3532,3534
Partition 18	3577,3578,3574
Partition 19	3563,3562
Partition 20	3575,3576,3528,3523,3561,3529,3525
Partition 21	3585,3586,3589,3590
Partition 22	3527,3526
Partition 23	3572,3573
Partition 24	3588,3531,3587
Partition 26	3584
Partition 27	3570,3571
Partition 29	3568
Partition 32	3569
path	7
T	15
cut	52
Partition 0	3541,3543,3542
Partition 1	3544,3545
Partition 2	3549,3546,3550
Partition 3	3547,3548
Partition 4	3551,3552,3553,3594
Partition 5	3535,3524,3536
Partition 6	3564,3560,3565,3566
Partition 7	3592,3520,3581
Partition 8	3567,3580,3579
Partition 9	3568
Partition 10	3558,3559,3554
Partition 11	3557,3555,3556
Partition 13	3539,3538,3540
Partition 14	3529,3525
Partition 15	3523
Partition 16	3522,3527,3530,3528,3521
Partition 17	3533,3532,3534
Partition 18	3577,3578,3574
Partition 19	3563,3562
Partition 20	3575,3576,3561
Partition 21	3585,3586,3589,3590
Partition 22	3526,3591
Partition 23	3571,3572,3573
Partition 24	3588,3531,3587
Partition 25	3584,3583
Partition 27	3582
Partition 29	3570
Partition 30	3537,3569
Partition 31	3593
path	8
T	12
cut	53
Partition 0	3541,3543,3542
Partition 1	3544,3545
Partition 2	3549,3546,3550
Partition 3	3547,3548
Partition 4	3551,3552,3553,3594,3593
Partition 5	3535,3524,3536
Partition 6	3564,3560,3565
Partition 7	3580,3520,3581
Partition 8	3567,3566
Partition 9	3569,3568,3555
Partition 10	3558,3559,3554
Partition 11	3557,3556
Partition 12	3584,3582,3583
Partition 13	3537,3539,3538
Partition 14	3540,3525
Partition 15	3528,3529
Partition 16	3522,3527,3530,3521
Partition 17	3533,3532,3534
Partition 18	3577,3578,3574
Partition 19	3561,3562
Partition 20	3575,3576
Partition 21	3585,3586,3589,3590
Partition 22	3526,3563
Partition 23	3571,3572,3573
Partition 24	3588,3531,3587
Partition 27	3579
Partition 28	3591
Partition 30	3570
Partition 31	3523
Partition 32	3592
