cut	61
Partition 0	3525,3563,3565,3566
Partition 1	3529,3567,3570,3568,3569
Partition 2	3538,3539,3540,3548
Partition 3	3573,3572,3571,3551
Partition 4	3531,3521,3530,3549,3550,3532
Partition 5	3581,3580,3578,3579
Partition 6	3605,3526,3554,3586,3587
Partition 7	3536,3537,3533,3534
Partition 8	3545,3546,3547,3544
Partition 9	3543,3562,3541,3542,3561
Partition 10	3535,3559,3523,3560,3582,3592
Partition 11	3528,3596,3527,3597,3598
Partition 12	3594,3593,3595,3600,3599
Partition 13	3601,3555,3556,3564,3591
Partition 14	3575,3576,3553,3577,3583
Partition 15	3584,3524,3552,3557,3558
Partition 16	3585,3589,3590,3588
Partition 17	3621,3574,3620,3619
Partition 18	3520,3602,3617,3616,3618
Partition 19	3610,3522,3611,3612
Partition 20	3603,3604,3607,3606
Partition 21	3614,3615,3613,3609,3608
