path	1
T	10
cut	48
Partition 0	3539,3538,3540
Partition 1	3569
Partition 2	3588,3531,3587
Partition 3	3572,3573,3574
Partition 4	3585,3584,3586
Partition 5	3533,3532,3534
Partition 6	3550
Partition 7	3527,3528
Partition 8	3521,3582,3583
Partition 9	3568,3555,3525
Partition 10	3575,3576,3577,3578
Partition 11	3546,3545
Partition 12	3522,3537,3541,3543,3542,3544
Partition 13	3589,3591,3590
Partition 14	3526,3563,3562
Partition 15	3547,3548,3549,3560
Partition 16	3551,3524,3536,3552
Partition 17	3553,3594
Partition 18	3592,3520,3581,3593
Partition 19	3567,3580,3579
Partition 20	3564,3565,3566
Partition 21	3557,3558,3559,3554,3556
Partition 22	3570,3571,3523,3561
Partition 26	3529,3535
Partition 27	3530
path	2
T	14
cut	47
Partition 0	3539,3538,3540
Partition 1	3537,3569,3584
Partition 2	3588,3531,3587
Partition 3	3571,3572,3573,3574
Partition 4	3585,3586
Partition 5	3530,3533,3532,3534
Partition 6	3527,3526
Partition 7	3529,3535
Partition 8	3521,3582,3583
Partition 9	3568,3555,3525
Partition 10	3575,3576,3577,3578
Partition 11	3546,3550,3545
Partition 12	3541,3543,3542,3544
Partition 13	3589,3591,3590
Partition 14	3563,3564,3523,3561,3562
Partition 15	3547,3548,3549,3560
Partition 16	3551,3524,3536,3552
Partition 17	3553,3594
Partition 18	3592,3520,3581,3593
Partition 19	3522,3567,3580,3579
Partition 20	3559,3565,3566
Partition 21	3557,3558,3554,3556
Partition 22	3528
Partition 24	3570
path	3
T	14
cut	46
Partition 0	3539,3538,3540
Partition 3	3569,3572,3573,3574
Partition 4	3570,3571
Partition 5	3533,3532,3534
Partition 6	3527
Partition 7	3528,3523
Partition 8	3530,3588,3531,3587,3521
Partition 9	3568,3529,3582,3555,3583,3525,3535
Partition 10	3575,3576,3577,3578
Partition 11	3546,3550,3545
Partition 12	3537,3541,3543,3542,3584,3544
Partition 13	3585,3586,3589,3590
Partition 14	3526,3563,3562
Partition 15	3547,3548,3549,3560
Partition 16	3551,3524,3536,3552
Partition 17	3553,3594
Partition 18	3591,3592,3520,3581,3593
Partition 19	3567,3580,3579
Partition 20	3559,3565,3566
Partition 21	3557,3558,3554,3556
Partition 22	3522
Partition 24	3564
Partition 25	3561
path	4
T	12
cut	50
Partition 0	3522,3537,3539,3538
Partition 1	3584
Partition 2	3588,3531,3587
Partition 3	3569,3572,3573,3574
Partition 4	3570,3571
Partition 5	3533,3532,3534
Partition 7	3528,3523
Partition 8	3521,3582,3583
Partition 9	3568,3540,3555,3525
Partition 10	3575,3576,3577,3578
Partition 11	3546,3550,3545
Partition 12	3541,3543,3542,3544
Partition 13	3589,3591,3590
Partition 14	3526,3563
Partition 15	3547,3548,3549,3560
Partition 16	3529,3551,3535,3524,3536,3552
Partition 17	3553,3594
Partition 18	3592,3520,3581,3593
Partition 19	3567,3580,3579
Partition 20	3564,3565,3566
Partition 21	3557,3558,3554,3556
Partition 23	3561
Partition 26	3559
Partition 27	3585,3586
Partition 29	3562
Partition 30	3527
Partition 31	3530
path	5
T	10
cut	49
Partition 0	3539,3538,3540
Partition 2	3588,3531,3587
Partition 3	3570,3571,3572
Partition 4	3585,3584,3586
Partition 5	3533,3532,3534,3529,3535
Partition 7	3528,3523
Partition 8	3521,3582,3583
Partition 9	3568,3555
Partition 10	3575,3576,3577,3578,3574
Partition 11	3544,3546,3550,3545
Partition 12	3522,3537,3541,3543,3542
Partition 13	3589,3591,3590
Partition 14	3526,3563,3562
Partition 15	3547,3548,3549,3560
Partition 16	3551,3524,3536,3552
Partition 17	3553,3594
Partition 18	3592,3520,3581,3593
Partition 19	3567,3580,3579
Partition 20	3559,3565,3566
Partition 21	3557,3558,3554,3556
Partition 22	3564
Partition 23	3525
Partition 24	3561
Partition 25	3569,3573
Partition 26	3527
Partition 29	3530
path	6
T	10
cut	48
Partition 0	3539,3538,3540
Partition 1	3522
Partition 2	3588,3531,3587
Partition 3	3572,3573,3574
Partition 4	3585,3584,3586
Partition 5	3533,3532,3534
Partition 6	3550
Partition 7	3527,3528
Partition 8	3521,3582,3583
Partition 9	3568,3523,3561,3555,3525
Partition 10	3575,3576,3577,3578
Partition 11	3546,3545
Partition 12	3537,3541,3543,3542,3569,3544
Partition 13	3589,3591,3590
Partition 14	3526,3563,3562
Partition 15	3547,3548,3549,3560
Partition 16	3551,3524,3536,3552
Partition 17	3553,3594
Partition 18	3592,3520,3581,3593
Partition 19	3567,3580,3579
Partition 20	3564,3565,3566
Partition 21	3557,3558,3559,3554,3556
Partition 22	3570,3571
Partition 26	3529,3535
Partition 27	3530
path	7
T	11
cut	48
Partition 0	3539,3538,3540
Partition 1	3550
Partition 2	3588,3531,3587
Partition 3	3571,3569,3572,3573
Partition 4	3585,3586
Partition 5	3522,3530,3533,3532,3534
Partition 6	3527,3526
Partition 7	3529,3535
Partition 8	3521,3582,3583
Partition 9	3568,3561,3555,3525
Partition 10	3575,3576,3577,3578,3579
Partition 11	3546,3545
Partition 12	3537,3541,3543,3542,3584,3544
Partition 13	3589,3591,3590
Partition 14	3563,3564,3562
Partition 15	3547,3548,3549,3560
Partition 16	3551,3524,3536,3552
Partition 17	3553,3594
Partition 18	3592,3520,3581,3593
Partition 19	3567,3580
Partition 20	3559,3565,3566
Partition 21	3557,3558,3554,3556
Partition 22	3528,3523
Partition 24	3570
Partition 25	3574
path	8
T	13
cut	50
Partition 1	3584
Partition 2	3588,3531,3587
Partition 3	3569,3572,3573,3574
Partition 4	3570,3571
Partition 5	3533,3532,3534
Partition 7	3528,3523
Partition 8	3521,3582,3583
Partition 9	3539,3538,3568,3540,3529,3555,3525
Partition 10	3575,3576,3577,3578
Partition 11	3546,3550,3545
Partition 12	3522,3537,3541,3543,3542,3544
Partition 13	3589,3591,3590
Partition 14	3526,3563
Partition 15	3547,3548,3549,3560
Partition 16	3551,3524,3536,3552
Partition 17	3553,3594
Partition 18	3592,3520,3581,3593
Partition 19	3567,3580,3579
Partition 20	3564,3565,3566
Partition 21	3557,3558,3554,3556
Partition 23	3561
Partition 26	3559
Partition 27	3585,3586
Partition 29	3562
Partition 30	3527
Partition 31	3530
Partition 33	3535
