path	1
T	6
cut	47
Partition 0	3559,3564,3563
Partition 1	3565,3585,3584
Partition 2	3526,3552,3553
Partition 3	3557,3558
Partition 5	3524,3529,3535,3560,3554,3561
Partition 6	3577,3578
Partition 7	3533,3534
Partition 8	3548,3562
Partition 9	3545,3546,3547,3544,3520
Partition 10	3572,3575,3574
Partition 11	3522,3573,3537
Partition 13	3528,3532,3531
Partition 14	3571
Partition 15	3567,3556,3576
Partition 16	3580,3579
Partition 17	3543,3583,3540,3542,3541,3581,3582
Partition 18	3521,3566,3523,3550,3551
Partition 19	3527,3569,3570,3555,3525
Partition 20	3568
Partition 25	3530
Partition 26	3536
Partition 29	3549
Partition 30	3538
Partition 32	3539
path	2
T	8
cut	47
Partition 0	3559,3564,3563
Partition 1	3565,3585,3584
Partition 2	3526,3552,3553
Partition 3	3557,3558
Partition 4	3551,3560,3554,3561
Partition 5	3524,3529,3577
Partition 7	3535,3533,3534
Partition 8	3548,3562
Partition 9	3545,3546,3547,3544,3520
Partition 10	3572,3575,3574
Partition 11	3522,3573,3537,3538
Partition 12	3543,3583
Partition 13	3528,3532,3531
Partition 14	3540,3542,3541
Partition 15	3556,3576
Partition 16	3580,3578,3579
Partition 17	3581,3582
Partition 18	3521,3566,3567,3523,3550
Partition 19	3569,3571,3570
Partition 22	3568
Partition 23	3527,3555,3525,3539
Partition 25	3530
Partition 26	3536
Partition 29	3549
path	3
T	19
cut	48
Partition 0	3559,3525,3564,3563
Partition 1	3565,3585,3584
Partition 2	3526,3552,3553
Partition 3	3557,3558
Partition 4	3551,3560,3554
Partition 6	3524,3529,3577,3578
Partition 7	3523,3536,3535,3533,3534
Partition 8	3548,3562
Partition 9	3546,3547,3544,3520
Partition 10	3572,3575,3574
Partition 11	3522,3573,3537
Partition 12	3540,3542,3541
Partition 13	3532,3530,3531
Partition 14	3538,3539
Partition 15	3567,3556,3576
Partition 16	3580,3579
Partition 17	3583,3581,3582
Partition 18	3521,3543
Partition 19	3566
Partition 20	3545
Partition 21	3527,3528
Partition 22	3561
Partition 24	3555
Partition 26	3550,3569,3571,3570
Partition 27	3568,3549
path	4
T	9
cut	45
Partition 0	3559,3564,3563
Partition 1	3565,3585,3584
Partition 2	3526,3552,3553
Partition 3	3557,3558
Partition 4	3523,3536,3550,3551,3560,3554,3561
Partition 5	3524
Partition 6	3577,3578
Partition 7	3535,3533,3534
Partition 8	3562
Partition 9	3528,3545,3546,3532,3547,3544,3520
Partition 10	3572,3575,3580,3574
Partition 11	3530,3522,3573,3531,3537,3538,3539
Partition 12	3540,3542,3541
Partition 14	3527,3525
Partition 15	3555,3556
Partition 16	3579,3576
Partition 17	3583,3581,3582
Partition 18	3521,3543,3566,3567,3568
Partition 19	3569,3571,3570
Partition 20	3549
Partition 22	3548
Partition 25	3529
path	5
T	11
cut	49
Partition 0	3564,3563
Partition 1	3565,3585,3584
Partition 2	3526,3552,3553
Partition 3	3557,3558
Partition 4	3566,3523,3550,3551,3554
Partition 5	3560,3561
Partition 6	3524,3529,3577,3578
Partition 7	3545,3535,3533,3534
Partition 8	3562
Partition 9	3544,3549,3520
Partition 10	3572,3575,3574
Partition 11	3522,3573,3537
Partition 12	3540,3538,3525,3539,3542,3541
Partition 13	3532,3531
Partition 14	3527
Partition 15	3569,3555,3556,3576
Partition 16	3580,3579
Partition 17	3583,3581,3582
Partition 18	3521,3543
Partition 19	3568,3571,3570
Partition 21	3528
Partition 24	3530
Partition 25	3559
Partition 27	3536
Partition 29	3546,3548,3547
Partition 30	3567
path	6
T	7
cut	47
Partition 0	3559,3564,3563
Partition 1	3565,3585,3584
Partition 2	3526,3552,3553
Partition 3	3557,3558
Partition 5	3560,3554,3561
Partition 6	3524,3529,3577,3578
Partition 7	3535,3533,3534
Partition 8	3548,3562
Partition 9	3545,3546,3547,3544,3520
Partition 10	3572,3575,3574
Partition 11	3522,3573,3537
Partition 13	3528,3532,3531
Partition 14	3571
Partition 15	3567,3556,3576
Partition 16	3580,3579
Partition 17	3543,3583,3540,3542,3541,3581,3582
Partition 18	3521,3566,3523,3550,3551
Partition 19	3527,3569,3570,3555,3525
Partition 20	3568
Partition 25	3530
Partition 26	3536
Partition 29	3549
Partition 30	3538
Partition 32	3539
path	7
T	12
cut	48
Partition 0	3559,3564,3563
Partition 1	3565,3585,3583,3584,3581,3582
Partition 2	3526,3552,3553
Partition 3	3557,3558
Partition 4	3551,3560,3554
Partition 6	3524,3529,3577,3578
Partition 7	3523,3536,3550,3535,3533,3534
Partition 8	3548,3562
Partition 9	3546,3547,3544,3520
Partition 10	3572,3575,3574
Partition 11	3522,3573,3537
Partition 12	3540,3542,3541
Partition 13	3532,3530,3531
Partition 14	3538,3539
Partition 15	3567,3556,3576
Partition 16	3580,3579
Partition 17	3569,3571,3570
Partition 18	3521,3543
Partition 19	3566
Partition 20	3545
Partition 21	3527,3528
Partition 22	3561
Partition 24	3525
Partition 26	3555
Partition 27	3568,3549
path	8
T	8
cut	48
Partition 0	3559,3564,3563
Partition 1	3565,3585,3584
Partition 2	3526,3552,3553
Partition 3	3557,3558
Partition 4	3523,3536,3550,3551,3560,3554,3561
Partition 5	3524
Partition 6	3577,3578
Partition 7	3535,3533,3534
Partition 8	3562
Partition 9	3545,3546,3547,3544,3520
Partition 10	3575,3580,3574
Partition 11	3529,3530,3522,3573,3531,3537,3538
Partition 12	3540,3542,3541
Partition 14	3527,3528
Partition 16	3579,3576
Partition 17	3583,3581,3582
Partition 18	3521,3566,3567
Partition 19	3569,3571,3570
Partition 20	3568
Partition 22	3548
Partition 25	3555,3556,3525,3539
Partition 26	3572
Partition 28	3543
Partition 30	3532
Partition 33	3549
path	9
T	10
cut	48
Partition 0	3564,3563
Partition 1	3565,3585,3584
Partition 2	3526,3552,3553
Partition 3	3557,3558
Partition 4	3566,3567,3523,3550,3551,3554
Partition 5	3560,3561
Partition 6	3524,3529,3577,3578
Partition 7	3545,3535,3533,3534
Partition 8	3562
Partition 9	3544,3549,3520
Partition 10	3572,3575,3574
Partition 11	3522,3573,3537
Partition 12	3540,3538,3539,3541
Partition 13	3532,3531
Partition 14	3527,3569,3555,3525
Partition 15	3556,3576
Partition 16	3580,3579
Partition 17	3583,3581,3582
Partition 18	3521,3543,3542
Partition 19	3568,3571,3570
Partition 21	3528
Partition 24	3530
Partition 25	3559
Partition 27	3536
Partition 29	3546,3548,3547
