cut	112
Partition 0	2066,2131
Partition 1	2132,2135
Partition 2	2134,2136,2133
Partition 3	2129,2068
Partition 4	2130,2076,2139
Partition 5	2142,2138,2140
Partition 6	2146,2147
Partition 7	2145,2148
Partition 8	2141,2149,2150
Partition 9	2151,2152
Partition 10	2143,2095,2144
Partition 11	2094,2098
Partition 12	2100,2105,2104
Partition 13	2069,2111
Partition 14	2109,2110
Partition 15	2083,2087,2137
Partition 16	2107,2108
Partition 17	2093,2106
Partition 18	2082,2062
Partition 19	2063,2088,2099,2089
Partition 20	2065,2079
Partition 21	2080,2085,2081
Partition 22	2096,2075,2084,2086
Partition 23	2090,2092
Partition 24	2078,2091
Partition 25	2102,2101,2103
Partition 26	2077,2097,2067
Partition 27	2185,2186
Partition 28	2124,2183
Partition 29	2200,2199,2184
Partition 30	2196,2194
Partition 31	2198,2195,2197
Partition 32	2192,2193
Partition 33	2191,2189,2190
Partition 34	2073,2119
Partition 35	2121,2122
Partition 36	2116,2117,2118
Partition 37	2064,2125
Partition 38	2126,2123,2188
Partition 39	2187,2181,2182
Partition 40	2120,2180,2179
Partition 41	2153,2170
Partition 42	2164,2166,2168
Partition 43	2070,2163
Partition 44	2161,2165
Partition 45	2162,2155,2159
Partition 46	2157,2074
Partition 47	2072,2156,2158,2160
Partition 48	2127,2128
Partition 49	2071,2115
Partition 50	2112,2113,2114
Partition 51	2174,2175,2172
Partition 52	2154,2169
Partition 53	2176,2167,2171
Partition 54	2173,2177,2178
