path	1
T	3
cut	8
Partition 0	815,816,797,817
Partition 1	819,803,811,812,818
Partition 2	800,813,796
Partition 3	808,809,810,806,801,802,814
Partition 4	798,804,799,805,807
path	2
T	2
cut	9
Partition 0	815,816,797,817,796
Partition 1	819,803,811,812,818,802
Partition 2	800,813,814
Partition 3	808,809,807,810
Partition 4	806,798,804,799,805,801
path	3
T	3
cut	8
Partition 0	815,816,797,817
Partition 1	819,803,811,812,818,802
Partition 2	800,813,814,796,807
Partition 3	808,809,810
Partition 4	806,798,804,799,805,801
path	4
T	2
cut	9
Partition 0	815,816,797,796
Partition 1	819,803,811,812,818,817,802
Partition 2	800,813,814
Partition 3	808,809,807,810
Partition 4	806,798,804,799,805,801
path	5
T	3
cut	9
Partition 0	815,816,797,817
Partition 1	819,803,811,812,818
Partition 2	800,801,813,814,796,807
Partition 3	808,809,810,802,806
Partition 4	798,804,799,805
path	6
T	1
cut	9
Partition 0	815,816,797,817
Partition 1	819,803,811,812,818,802
Partition 2	800,801,813,814,796,808
Partition 3	809,810,806
Partition 4	798,804,799,805,807
path	7
T	3
cut	8
Partition 0	815,816,797,817
Partition 1	819,803,811,812,818,810
Partition 2	800,813,796
Partition 3	808,809,806,801,802,814
Partition 4	798,804,799,805,807
path	8
T	2
cut	9
Partition 0	815,816,797,817,796
Partition 1	819,803,811,812,818,802,810
Partition 2	800,813,814
Partition 3	808,809,807
Partition 4	806,798,804,799,805,801
path	9
T	2
cut	9
Partition 0	815,816,797,817,796
Partition 1	819,803,811,812,818,802
Partition 2	800,813,814
Partition 3	808,809,807,810
Partition 4	806,798,804,799,805,801
path	10
T	3
cut	8
Partition 0	815,816,797,817
Partition 1	819,803,811,812
Partition 2	800,813,814,796,807,818
Partition 3	808,809,810
Partition 4	806,798,804,799,805,801,802
