cut	42
Partition 0	7554,7529,7553
Partition 1	7559,7558,7557
Partition 2	7534,7552,7551
Partition 3	7532,7533,7500
Partition 4	7536,7537,7538
Partition 5	7555,7556
Partition 6	7503,7502,7501
Partition 7	7514,7513,7499,7504
Partition 8	7491,7546,7547
Partition 9	7542,7549,7550
Partition 10	7530,7531,7548
Partition 11	7506,7511,7512
Partition 12	7508,7509,7510
Partition 13	7505,7507,7493
Partition 14	7544,7495,7498
Partition 15	7518,7497,7535
Partition 16	7494,7543,7490,7545
Partition 17	7522,7528
Partition 18	7523,7524
Partition 19	7525,7496,7526,7527
Partition 20	7520,7519,7517
Partition 21	7540,7539,7541
Partition 22	7521,7516,7515,7492
