path	1
T	9
cut	35
Partition 0	3571,3525,3529,3530
Partition 1	3573,3580,3581,3579
Partition 2	3559,3577,3524,3568,3578
Partition 3	3543,3538,3539
Partition 4	3542,3522,3536,3540,3537,3541
Partition 5	3527,3528,3534,3533,3535
Partition 6	3531,3532,3520
Partition 7	3574,3575,3576,3567,3521
Partition 8	3556,3557,3558,3555,3523
Partition 9	3526,3547,3549,3548,3569,3570
Partition 10	3554,3565,3566,3564
Partition 11	3560,3561,3562,3563
Partition 12	3546,3584,3585,3582,3583
Partition 13	3551,3552,3553,3550
Partition 15	3544,3545
Partition 17	3572
path	2
T	11
cut	36
Partition 0	3571,3525,3529,3530
Partition 1	3573,3580,3581,3579
Partition 2	3559,3577,3524,3568,3578
Partition 3	3543,3538,3539,3520
Partition 4	3522,3536,3540,3537,3541
Partition 5	3527,3528,3534,3533,3535
Partition 6	3531,3532
Partition 7	3574,3575,3576,3567,3521
Partition 8	3556,3557,3558,3555,3523
Partition 9	3526,3547,3549,3548
Partition 10	3554,3565,3566,3564
Partition 11	3560,3561,3562,3563
Partition 12	3546,3584,3585,3582,3583
Partition 13	3551,3552,3553,3550
Partition 14	3572,3570
Partition 16	3544,3545
Partition 17	3542
Partition 19	3569
path	3
T	13
cut	38
Partition 0	3571,3525,3529,3567,3530
Partition 1	3573,3580,3581,3579
Partition 2	3559,3577,3524,3568,3578
Partition 3	3543,3538,3539
Partition 4	3522,3536,3540,3537,3541
Partition 5	3527,3528,3534,3533,3535
Partition 6	3531,3532,3520
Partition 7	3575,3576,3521
Partition 8	3556,3557,3555,3523,3570
Partition 9	3526,3547,3549,3548
Partition 10	3554,3565,3566,3564
Partition 11	3558,3560,3561,3562,3563
Partition 12	3546,3584,3585,3582,3583
Partition 13	3551,3552,3553,3550
Partition 16	3572
Partition 18	3545
Partition 22	3544
Partition 24	3542
Partition 25	3569
Partition 27	3574
path	4
T	8
cut	36
Partition 0	3571,3525,3529,3530
Partition 1	3573,3580,3581,3579
Partition 2	3559,3569,3577,3524,3568,3578
Partition 3	3542,3543
Partition 4	3522,3536,3538
Partition 5	3527,3528,3534,3533,3535,3545
Partition 6	3531,3532,3539,3520
Partition 7	3574,3575,3576,3567,3521
Partition 8	3556,3557,3558,3555,3523
Partition 9	3526,3547,3549,3548,3572,3550,3570
Partition 10	3553,3554,3565,3566,3564
Partition 11	3560,3561,3562,3563
Partition 12	3546,3584,3585,3582,3583
Partition 13	3551,3552,3537
Partition 14	3544
Partition 17	3540
Partition 18	3541
path	5
T	8
cut	41
Partition 0	3571,3525,3529,3530
Partition 1	3573,3572
Partition 2	3559,3569,3577,3524,3568,3578,3520
Partition 3	3543,3538,3539
Partition 4	3540,3541
Partition 5	3528,3534,3533,3535
Partition 6	3531,3532
Partition 7	3574,3575,3576,3567,3521
Partition 8	3556,3557,3555,3523,3570
Partition 9	3547,3549,3548
Partition 10	3554,3565,3566,3564
Partition 11	3560,3561,3562,3563
Partition 12	3546,3584,3585,3582,3583
Partition 13	3551,3552,3553,3550
Partition 14	3580,3581,3579
Partition 15	3527
Partition 16	3544,3545
Partition 17	3526
Partition 18	3542
Partition 19	3537
Partition 20	3522
Partition 21	3536
Partition 23	3558
path	6
T	13
cut	37
Partition 0	3571,3541,3525,3529,3530
Partition 1	3573,3580,3581,3579
Partition 2	3569,3577,3524,3568,3578
Partition 3	3542,3543
Partition 4	3532,3522
Partition 5	3527,3528,3534,3533,3535,3545
Partition 6	3531,3520
Partition 7	3574,3575,3576,3567,3521
Partition 8	3556,3557,3558,3555,3523
Partition 9	3526,3547,3549,3548,3550
Partition 10	3553,3554,3565,3566,3564
Partition 11	3560,3561,3562,3563
Partition 12	3546,3584,3585,3582,3583
Partition 13	3551,3552,3537
Partition 14	3544
Partition 17	3540
Partition 19	3536,3538,3539
Partition 21	3572,3570
Partition 23	3559
path	7
T	8
cut	41
Partition 0	3571
Partition 1	3573,3580,3581,3579
Partition 2	3577,3578
Partition 3	3543,3538,3539
Partition 4	3522,3536,3540,3537,3541,3525
Partition 5	3527,3528,3534,3533,3530,3535
Partition 6	3531,3520
Partition 7	3574,3575,3576,3567,3521
Partition 8	3556,3557,3558,3555,3523
Partition 9	3526,3547,3549,3548
Partition 10	3554,3565,3566,3564
Partition 11	3560,3561,3562,3563
Partition 12	3546,3584,3585,3582,3583
Partition 13	3551,3552,3553,3550
Partition 14	3572,3570
Partition 16	3544,3545
Partition 17	3542
Partition 19	3569
Partition 20	3524
Partition 22	3559
Partition 24	3568
Partition 25	3532
Partition 27	3529
