path	1
T	12
cut	39
Partition 0	1712,1691,1710,1711,1713
Partition 1	1689,1690
Partition 2	1709,1669
Partition 3	1663,1670,1672,1671,1674
Partition 4	1688,1687
Partition 5	1715,1717,1716,1718,1714
Partition 6	1693,1676,1675,1694,1695
Partition 7	1662,1680,1696,1697,1679
Partition 8	1700,1701,1698,1666
Partition 9	1681,1682,1683
Partition 11	1673,1702,1665
Partition 12	1684,1685,1686
Partition 13	1703
Partition 14	1667
Partition 15	1692
Partition 16	1664
Partition 17	1705,1706
Partition 18	1704
Partition 20	1708,1707
Partition 21	1699
Partition 23	1677,1668
Partition 24	1678
path	2
T	12
cut	37
Partition 0	1712,1691,1710,1711
Partition 1	1689,1690,1692
Partition 2	1667,1668,1669
Partition 3	1663,1670,1672,1674,1678
Partition 4	1687
Partition 5	1715,1717,1716,1718,1714
Partition 6	1693,1676,1677,1675,1694
Partition 7	1680,1681,1679
Partition 8	1699,1700,1701,1698,1666
Partition 9	1664,1708,1705,1706,1707
Partition 10	1703,1704
Partition 11	1702,1665,1682,1683
Partition 13	1686
Partition 14	1695
Partition 15	1684,1685
Partition 17	1671
Partition 18	1673
Partition 19	1662,1696,1697
Partition 22	1688
Partition 23	1709,1713
path	3
T	7
cut	38
Partition 0	1673,1712,1710,1711,1713
Partition 1	1689,1690,1692
Partition 2	1667,1668,1691,1669
Partition 3	1663,1672
Partition 4	1688,1687
Partition 5	1708,1715,1717,1716,1714
Partition 6	1676,1675,1694,1695,1707
Partition 7	1662,1680,1696,1681,1679
Partition 8	1699,1700,1701,1698,1666
Partition 10	1705,1704,1706
Partition 12	1684,1685,1686,1683
Partition 13	1693
Partition 14	1718
Partition 15	1703
Partition 16	1664
Partition 17	1709
Partition 18	1674,1677,1678
Partition 19	1670,1671,1697
Partition 20	1702
Partition 21	1665,1682
path	4
T	10
cut	37
Partition 0	1710,1711,1666
Partition 1	1689,1690,1692
Partition 2	1709,1668,1669,1713
Partition 3	1663,1670,1672,1674,1678
Partition 4	1688,1687
Partition 5	1715,1717,1716,1718,1714
Partition 6	1693,1676,1675,1694,1695
Partition 7	1662,1680,1696,1681,1679
Partition 8	1699,1700,1701,1698
Partition 9	1664,1708,1707
Partition 10	1703,1705,1704
Partition 11	1683
Partition 14	1671,1697
Partition 17	1686
Partition 19	1667,1691
Partition 20	1684
Partition 22	1685
Partition 24	1673,1702,1712,1665,1682
Partition 25	1706
Partition 27	1677
path	5
T	10
cut	41
Partition 0	1690
Partition 1	1689,1692
Partition 2	1709,1669
Partition 3	1663,1670,1672,1674,1673
Partition 4	1688,1687
Partition 5	1715,1717,1716,1718,1714
Partition 6	1693,1676,1677,1675,1694
Partition 7	1680,1679
Partition 8	1699,1700,1701,1698,1666
Partition 9	1681,1683
Partition 10	1705,1704,1706
Partition 11	1665,1682
Partition 12	1684,1685,1686
Partition 14	1703
Partition 15	1713
Partition 16	1667,1668
Partition 17	1712,1691,1710,1711
Partition 18	1671,1662,1696,1697
Partition 19	1678
Partition 20	1664
Partition 22	1702
Partition 23	1708
Partition 24	1707
Partition 25	1695
