path	1
T	NA
cut	62
Partition 0	3526,3527
Partition 1	3556,3567,3564,3566,3565
Partition 2	3605,3607,3561,3606
Partition 3	3601,3602,3603,3553,3554
Partition 4	3528,3537,3538
Partition 5	3579,3580,3581,3582,3583
Partition 6	3585,3586,3587,3588
Partition 7	3547,3558,3591,3521,3557,3525
Partition 8	3578,3559,3532,3600,3560
Partition 9	3573,3574,3562,3563
Partition 10	3534,3535,3536,3576,3575
Partition 11	3545,3550,3548,3549
Partition 12	3529
Partition 13	3530,3540,3531,3577,3524,3541,3542
Partition 14	3599,3608,3610,3609,3611
Partition 15	3543,3571,3572,3520,3570
Partition 16	3522,3544,3568
Partition 17	3589,3596,3595,3597,3598
Partition 18	3569,3593,3546,3552,3594,3551
Partition 20	3604
Partition 22	3539
Partition 23	3555
Partition 25	3592
Partition 27	3523
Partition 28	3533
Partition 29	3590
Partition 30	3584
path	2
T	NA
cut	60
Partition 0	3526
Partition 1	3563,3538,3556,3567,3564,3566,3565
Partition 2	3604,3605,3607,3561,3606
Partition 3	3601,3602,3603,3555,3553,3554
Partition 4	3527,3528,3537
Partition 5	3579,3580,3581,3582
Partition 6	3585,3586,3587,3588
Partition 7	3547,3558,3591,3521,3557
Partition 8	3578,3523,3559,3532,3600,3560
Partition 9	3573,3574,3584,3583
Partition 10	3534,3535,3576,3575,3577
Partition 11	3592,3550,3533,3590,3548,3549
Partition 12	3545
Partition 13	3530,3531,3541,3542
Partition 14	3599,3608,3610,3609,3611
Partition 15	3543,3571,3572,3520,3570
Partition 16	3522,3544,3568
Partition 17	3589,3596,3595,3597,3598
Partition 18	3569,3593,3546,3552,3594,3551
Partition 22	3562
Partition 24	3525
Partition 25	3539
Partition 26	3540
Partition 28	3536
Partition 29	3524
Partition 31	3529
path	3
T	NA
cut	64
Partition 0	3526,3562,3563
Partition 1	3556,3567,3564,3566,3565
Partition 2	3604,3605,3607,3561,3606
Partition 3	3601,3602,3603,3553,3554
Partition 4	3527,3528,3537
Partition 5	3579,3580,3581,3582
Partition 6	3585,3586,3587,3588
Partition 7	3591,3594
Partition 8	3559,3532,3600,3560,3525
Partition 9	3573,3574,3584,3555,3583
Partition 10	3535,3536,3576,3575
Partition 11	3533,3590,3548,3549
Partition 12	3529
Partition 13	3530,3531,3577,3524,3541,3542
Partition 14	3599,3608,3610,3609,3611
Partition 15	3543,3571,3569,3572,3520,3570
Partition 16	3522,3544,3568
Partition 17	3589,3596,3595,3597,3598
Partition 18	3546,3552,3551
Partition 21	3593
Partition 22	3534
Partition 23	3540
Partition 24	3545,3550
Partition 25	3592
Partition 26	3521
Partition 27	3578
Partition 31	3523
Partition 33	3557
Partition 34	3547
Partition 35	3558
Partition 37	3538,3539
