path	1
T	11
cut	62
Partition 0	3560,3566,3563,3567
Partition 1	3575,3586,3587,3588,3585
Partition 2	3594,3572,3590,3591,3596,3595
Partition 3	3569,3573,3584,3583
Partition 4	3568,3574,3561,3554,3521
Partition 5	3589,3614,3609,3612,3613
Partition 6	3598,3610,3611,3597
Partition 7	3524,3559,3616,3615,3617
Partition 8	3593,3545,3523,3602
Partition 9	3562,3601,3546,3599,3608,3600
Partition 10	3520,3540,3576,3604
Partition 11	3603,3522,3538,3539
Partition 12	3577,3580,3582
Partition 13	3550,3605,3606,3607,3571
Partition 14	3565,3551,3552,3581,3564,3525
Partition 15	3549,3556,3553,3555,3557
Partition 16	3548,3529,3547
Partition 17	3578,3579
Partition 18	3541,3543,3537,3542
Partition 19	3527,3530,3535,3536,3528
Partition 20	3531
Partition 21	3533,3534
Partition 22	3532
Partition 23	3570
Partition 24	3592
Partition 25	3544,3558
Partition 26	3526
path	2
T	14
cut	60
Partition 0	3565,3560,3566,3563,3567
Partition 1	3575,3586,3587,3588,3585
Partition 2	3592,3594,3590,3591,3596,3595
Partition 3	3569,3573,3584,3583
Partition 4	3568,3574,3528,3521,3570
Partition 5	3589,3614,3609,3612,3613
Partition 6	3598,3610,3611,3597
Partition 7	3524,3559,3616,3615,3558,3617
Partition 8	3593,3523,3602
Partition 9	3562,3601,3546,3599,3608,3600
Partition 10	3520,3532,3540,3576
Partition 11	3603,3522,3538,3539
Partition 12	3577,3580,3582
Partition 13	3550,3551,3605,3606,3607,3571
Partition 14	3581,3564,3525
Partition 15	3556,3554,3555,3557
Partition 16	3549,3548,3529,3547
Partition 17	3533,3526,3534,3578,3579
Partition 18	3541,3543,3544,3542
Partition 19	3527,3530,3535,3531,3536,3537
Partition 23	3604
Partition 25	3572
Partition 31	3561
Partition 32	3552,3553
Partition 34	3545
path	3
T	13
cut	65
Partition 0	3560,3566,3563,3567
Partition 1	3575,3586,3587,3588,3585
Partition 2	3594,3590,3591,3596,3595
Partition 3	3569,3573,3584,3583
Partition 4	3568,3574,3561,3521,3570
Partition 5	3589,3614,3609,3612,3613
Partition 6	3607,3598,3610,3611,3597
Partition 7	3524,3559,3616,3615,3617
Partition 8	3593,3545,3523,3602
Partition 9	3562,3601,3546,3599,3608,3600
Partition 10	3520,3532,3592
Partition 11	3603,3522,3538,3539
Partition 12	3605,3571
Partition 13	3550,3551,3577,3552,3581,3580,3582
Partition 14	3564,3525,3544
Partition 15	3549,3556,3555,3557
Partition 16	3548,3529,3547
Partition 17	3533,3526,3534,3578,3579
Partition 18	3541,3543,3537,3542
Partition 19	3527,3530,3535,3531,3536
Partition 21	3572
Partition 23	3604
Partition 24	3540
Partition 26	3576
Partition 30	3528
Partition 31	3606
Partition 33	3558
Partition 34	3554
Partition 36	3565
Partition 38	3553
path	4
T	11
cut	59
Partition 0	3560,3566,3563,3567
Partition 1	3575,3586,3587,3588,3585
Partition 2	3594,3590,3591,3596,3595
Partition 3	3569,3573,3584,3583
Partition 4	3568,3574,3561,3572,3521,3570
Partition 5	3589,3614,3609,3612,3613
Partition 6	3598,3610,3611,3597
Partition 7	3524,3559,3616,3615,3617
Partition 8	3592,3593,3523,3602
Partition 9	3562,3601,3599,3608,3600
Partition 10	3520,3532,3540,3576
Partition 11	3603,3522,3538,3539,3553
Partition 12	3580,3582
Partition 13	3550,3605,3606,3607,3571
Partition 14	3565,3551,3552,3581,3564,3525
Partition 15	3549,3556,3554,3548,3555,3547,3557
Partition 16	3544,3558
Partition 17	3533,3526,3534,3578,3579
Partition 18	3541,3531,3543,3542
Partition 19	3527,3535,3536,3537
Partition 21	3528,3529
Partition 22	3545,3546
Partition 24	3530
Partition 26	3604
Partition 27	3577
path	5
T	13
cut	63
Partition 0	3560,3566,3563,3567
Partition 1	3575,3586,3587,3588,3585
Partition 2	3594,3590,3591,3596,3595
Partition 3	3569,3573,3584,3583
Partition 4	3568,3574,3561,3521,3570
Partition 5	3589,3614,3609,3612,3613
Partition 6	3598,3610,3611,3597
Partition 7	3524,3559,3616,3615,3558,3617
Partition 8	3593,3545,3523,3602
Partition 9	3562,3601,3546,3599,3608,3600
Partition 10	3520,3532,3540,3576
Partition 11	3603,3522,3538,3539
Partition 12	3577,3580,3582
Partition 13	3550,3605,3606,3607,3571
Partition 14	3565,3551,3581,3564,3525,3544
Partition 15	3556,3553,3555,3557
Partition 16	3529,3547
Partition 17	3533,3552,3526,3534,3578,3579
Partition 18	3541,3537,3542
Partition 19	3527,3530,3535,3536,3528
Partition 22	3572
Partition 24	3592
Partition 28	3604
Partition 29	3531
Partition 30	3543
Partition 31	3548
Partition 32	3549
Partition 33	3554
