path	1
T	7
cut	39
Partition 0	3577,3578
Partition 1	3531,3520
Partition 2	3573,3580,3581,3572
Partition 3	3571,3525,3529,3567,3530
Partition 4	3535,3544,3545
Partition 5	3527,3528,3532,3534,3533
Partition 6	3543,3538,3539
Partition 7	3522,3536
Partition 8	3556,3557,3558,3555,3523
Partition 9	3560,3561,3562,3559,3563
Partition 10	3569,3570
Partition 11	3574,3575,3576,3521
Partition 12	3526,3547,3549,3548
Partition 13	3551,3552,3553,3550
Partition 14	3546,3584,3585,3583
Partition 15	3554,3565,3566,3564,3582
Partition 16	3542
Partition 17	3540,3541,3524
Partition 20	3537
Partition 22	3579
Partition 25	3568
path	2
T	9
cut	36
Partition 0	3559,3577,3524,3568,3578
Partition 1	3531,3520
Partition 2	3573,3580,3581,3572,3523,3570
Partition 3	3571,3525,3529,3530
Partition 4	3535,3544,3545
Partition 5	3527,3528,3532,3534,3533
Partition 6	3543,3538,3539
Partition 7	3522,3536,3540,3537,3541
Partition 8	3556,3557,3558,3555
Partition 9	3560,3561,3562,3563
Partition 10	3567,3569
Partition 11	3574,3575,3576,3521
Partition 12	3526,3547,3549,3548
Partition 13	3551,3552,3553,3550
Partition 14	3546,3584,3585,3583
Partition 15	3554,3565,3566,3564,3582
Partition 16	3542
Partition 19	3579
path	3
T	11
cut	39
Partition 0	3577,3578
Partition 1	3531,3532,3568,3520,3579
Partition 2	3573,3580,3581
Partition 3	3571,3525,3529,3567
Partition 4	3534,3535,3544,3545
Partition 5	3527,3528,3533,3530
Partition 6	3543,3538,3539
Partition 7	3542,3522,3536,3540,3537,3541
Partition 8	3556,3557,3558,3555
Partition 9	3560,3561,3562,3559,3563
Partition 10	3523,3570
Partition 11	3575,3576,3521
Partition 12	3526,3547,3549,3548
Partition 13	3551,3552,3553,3550
Partition 14	3546,3584,3585,3583
Partition 15	3554,3565,3566,3564,3582
Partition 16	3569
Partition 17	3572
Partition 18	3574
Partition 20	3524
path	4
T	11
cut	39
Partition 0	3577,3578
Partition 1	3531,3532,3568,3520,3579
Partition 2	3573,3580,3581,3572
Partition 3	3571,3525,3529,3567,3530
Partition 4	3534,3535,3544,3545
Partition 5	3527,3528
Partition 6	3538,3539
Partition 7	3522,3536,3540,3537,3541
Partition 8	3557,3558,3555
Partition 9	3560,3561,3562,3559,3563
Partition 10	3556,3523,3570
Partition 11	3574,3575,3576,3521
Partition 12	3526,3547,3549,3548
Partition 13	3551,3552,3553,3550
Partition 14	3546,3584,3585,3583
Partition 15	3554,3565,3566,3564,3582
Partition 17	3542
Partition 19	3543
Partition 21	3569
Partition 22	3533
Partition 25	3524
path	5
T	9
cut	36
Partition 0	3577,3578
Partition 1	3531,3569,3568,3520,3579
Partition 2	3573,3580,3581,3572
Partition 3	3571,3525,3529,3567,3530
Partition 4	3535,3544,3545
Partition 5	3527,3528,3532,3534,3533
Partition 6	3543,3538,3539
Partition 7	3542,3522,3536,3540,3537,3541
Partition 8	3556,3557,3558,3555
Partition 9	3560,3561,3562,3563
Partition 10	3523,3570
Partition 11	3574,3575,3576,3521
Partition 12	3526,3547,3549,3548
Partition 13	3551,3552,3553,3550
Partition 14	3546,3584,3585,3583
Partition 15	3554,3565,3566,3564,3582
Partition 19	3524
Partition 20	3559
path	6
T	8
cut	41
Partition 0	3559,3577,3524,3568,3578
Partition 1	3531,3520
Partition 2	3573,3580,3581,3572
Partition 3	3571,3525,3529,3567,3530
Partition 4	3535,3544,3545
Partition 5	3527,3528,3532,3534,3533
Partition 6	3543,3538,3539
Partition 7	3536,3537
Partition 8	3556,3557,3555
Partition 9	3560,3561,3562,3563
Partition 10	3569,3570
Partition 11	3574,3575,3576,3521
Partition 12	3526,3547,3549,3548
Partition 13	3551,3552,3553,3550
Partition 14	3546,3584,3585,3583
Partition 15	3554,3565,3566,3564,3582
Partition 16	3542
Partition 19	3579
Partition 20	3558
Partition 22	3523
Partition 23	3541
Partition 25	3540
Partition 26	3522
path	7
T	14
cut	44
Partition 0	3577,3578
Partition 1	3531,3532,3568,3520,3579
Partition 2	3573,3580,3581
Partition 3	3571,3572
Partition 4	3534,3535,3544,3545
Partition 5	3527,3528,3533,3530
Partition 6	3543,3538,3539
Partition 7	3522,3540
Partition 8	3556,3557,3558,3555
Partition 9	3560,3561,3562,3525,3559,3563
Partition 10	3523,3570
Partition 11	3575,3576,3521
Partition 12	3526,3542,3547,3541
Partition 13	3551,3552,3553,3550
Partition 14	3546,3584,3585,3583
Partition 15	3554,3565,3566,3564,3582
Partition 16	3569
Partition 18	3574
Partition 20	3524
Partition 22	3567
Partition 25	3537
Partition 27	3529
Partition 29	3536
Partition 30	3548
Partition 31	3549
path	8
T	10
cut	38
Partition 0	3577,3578
Partition 1	3531,3520
Partition 2	3573,3580,3581,3572
Partition 3	3571,3525,3529,3559,3530
Partition 4	3535,3544,3545
Partition 5	3527,3528,3532,3534,3533
Partition 6	3543,3538,3539
Partition 7	3542,3522,3536,3540,3537,3541
Partition 8	3556,3557,3558,3555
Partition 9	3560,3561,3562,3563
Partition 10	3523,3570
Partition 11	3574,3575,3576,3521
Partition 12	3526,3547,3549,3548
Partition 13	3551,3552,3553,3550
Partition 14	3546,3584,3585,3583
Partition 15	3554,3565,3566,3564,3582
Partition 19	3524
Partition 21	3579
Partition 22	3568
Partition 23	3567,3569
