cut	51
Partition 0	3523,3544,3576,3577
Partition 1	3561,3560,3562
Partition 2	3525,3534,3535,3586
Partition 3	3524,3550,3549,3548
Partition 4	3578,3579,3587,3580
Partition 5	3574,3575,3582,3581
Partition 6	3521,3598,3597,3596
Partition 7	3522,3553,3554
Partition 8	3572,3573,3546,3547
Partition 9	3545,3551,3555,3552,3556
Partition 10	3539,3540,3541,3542
Partition 11	3530,3533,3531,3532
Partition 12	3585,3584,3583,3595
Partition 13	3527,3528,3537,3567
Partition 14	3538,3588,3589,3594
Partition 15	3590,3591,3592,3593
Partition 16	3559,3599,3558,3600
Partition 17	3536,3520,3557,3543
Partition 18	3529,3563,3565,3564
Partition 19	3526,3568,3569,3570
Partition 20	3602,3601,3566,3571
