cut	59
Partition 0	3520,3559
Partition 1	3567,3566
Partition 2	3561,3562,3558
Partition 3	3563,3570
Partition 4	3542,3541
Partition 5	3523,3540,3557
Partition 6	3532,3531
Partition 7	3560,3544,3526
Partition 8	3577,3576
Partition 9	3573,3568,3565
Partition 10	3529,3530
Partition 11	3527,3564,3569
Partition 12	3524,3528,3572
Partition 13	3574,3575
Partition 14	3586,3587
Partition 15	3584,3585,3588
Partition 16	3598,3556,3521
Partition 17	3597,3571,3596
Partition 18	3594,3595
Partition 19	3583,3582,3581
Partition 20	3593,3592
Partition 21	3589,3590,3591
Partition 22	3525,3543
Partition 23	3545,3546
Partition 24	3534,3536
Partition 25	3535,3580,3578
Partition 26	3537,3538,3533
Partition 27	3522,3539
Partition 28	3579,3551,3550
Partition 29	3553,3552
Partition 30	3548,3549,3547
Partition 31	3555,3554
