cut	87
Partition 0	502,386,501,387
Partition 1	357,384,376,385,358
Partition 2	355,378,377,356
Partition 3	500,379,499,380
Partition 4	338,381,382,383
Partition 5	484,398,483,399
Partition 6	339,396,374,397,340
Partition 7	353,375,354,394,395
Partition 8	498,388,389,393
Partition 9	390,391,392,497
Partition 10	490,422,489,423
Partition 11	345,420,370,421,346
Partition 12	504,503,413
Partition 13	414,415,416,417
Partition 14	359,371,360,418,419
Partition 15	508,412,410,507,411
Partition 16	363,408,372,409,364
Partition 17	361,373,362,406,407
Partition 18	402,403,404
Partition 19	506,400,505,401,405
Partition 20	438,431,437
Partition 21	433,434,436,435
Partition 22	367,369,368,430
Partition 23	512,424,425,429
Partition 24	426,427,428,511
Partition 25	492,451,452,456
Partition 26	453,454,455,491
Partition 27	336,432,337,445
Partition 28	510,446,450,449,509
Partition 29	365,447,444,448,366
Partition 30	496,463,464,468
Partition 31	465,466,467,495
Partition 32	347,443,348,457
Partition 33	494,461,493,458,462
Partition 34	349,459,442,460,350
Partition 35	351,441,352,469
Partition 36	486,485,470,474
Partition 37	341,471,440,472,342,473
Partition 38	482,343,439,344,481
Partition 39	477,478,479,487
Partition 40	488,475,476,480
