path	1
T	2
cut	7
Partition 0	804,805,806,803
Partition 1	813,814,812,815,816
Partition 2	809,810,811
Partition 3	798,801,799,800,802,797
Partition 4	807,817,808,818,796
path	2
T	2
cut	8
Partition 0	796,817,816
Partition 1	813,814,812,815
Partition 2	809,810,811,797,799
Partition 3	798,801,800,802
Partition 4	803,806,804,805,807,808,818
path	3
T	2
cut	9
Partition 0	818,796,808
Partition 1	813,814,812,815,816
Partition 2	809,810,811,799,817,807
Partition 3	798,801,800,802
Partition 4	803,806,804,805,797
path	4
T	2
cut	8
Partition 0	796,805,804,803,807,806
Partition 1	813,814,812,815,816
Partition 2	809,810,811
Partition 3	798,801,799,800,802,797
Partition 4	817,818,808
path	5
T	3
cut	7
Partition 0	818,796,808,817,807
Partition 1	813,814,812,815,816
Partition 2	809,810,797
Partition 3	798,801,799,800,802,811
Partition 4	803,806,804,805
path	6
T	3
cut	8
Partition 0	796,805,804
Partition 1	813,814,812,815,816
Partition 2	809,810,797
Partition 3	798,801,799,800,802,811
Partition 4	803,806,807,817,808,818
path	7
T	3
cut	7
Partition 0	818,796,808
Partition 1	813,814,812,815,816,817
Partition 2	809,810,811,797,799
Partition 3	798,801,800,802
Partition 4	803,806,804,805,807
path	8
T	3
cut	7
Partition 0	818,796,808,817,811
Partition 1	813,814,812,815,816
Partition 2	809,810,797
Partition 3	798,801,799,800,802
Partition 4	803,806,804,805,807
path	9
T	2
cut	9
Partition 0	815,816,811,810,809
Partition 1	813,814,812
Partition 2	796,808,817,818
Partition 3	798,801,799,800,802,797
Partition 4	803,806,804,805,807
path	10
T	2
cut	8
Partition 0	818,796,808,817,815,816
Partition 1	813,814,812
Partition 2	809,810,811
Partition 3	798,801,799,800,802,797
Partition 4	803,806,804,805,807
