path	1
T	30
cut	78
Partition 0	3576
Partition 2	3571,3570
Partition 3	3538,3539,3540,3521,3549,3605,3548
Partition 4	3536
Partition 5	3535,3594,3593,3595,3598
Partition 6	3546,3547,3544
Partition 7	3603,3560,3543,3561,3523
Partition 8	3563,3541,3542,3562,3592,3600,3599
Partition 9	3545
Partition 10	3611,3604,3607,3612,3606,3613
Partition 11	3533,3534,3537
Partition 12	3526,3554,3586,3587,3588
Partition 13	3572,3573,3551
Partition 14	3590,3619,3620
Partition 15	3617,3618
Partition 16	3602
Partition 17	3524,3557
Partition 19	3531,3530,3550,3532
Partition 20	3596,3597
Partition 21	3555,3556,3564,3591
Partition 22	3552,3553
Partition 23	3525,3529,3567,3528,3568
Partition 24	3581,3582,3583,3580
Partition 26	3601
Partition 28	3575
Partition 29	3565
Partition 31	3569
Partition 32	3608
Partition 34	3527
Partition 36	3566
Partition 37	3558
Partition 39	3578,3579
Partition 41	3559
Partition 43	3577
Partition 45	3574,3621
Partition 46	3520,3585,3589,3584
Partition 47	3614,3615,3609
Partition 50	3616
Partition 51	3610,3522
path	2
T	21
cut	82
Partition 0	3555,3556,3565,3564
Partition 1	3570
Partition 3	3538,3539,3540,3548
Partition 5	3594,3593
Partition 6	3546,3547,3544
Partition 7	3545,3543,3561,3523
Partition 8	3541,3542,3592
Partition 9	3611,3603,3604,3612
Partition 10	3521,3605,3606
Partition 11	3527,3522
Partition 12	3526,3578,3586,3587,3533,3534,3588
Partition 13	3574,3572,3573,3551
Partition 14	3621,3590,3619,3620
Partition 15	3617,3616,3618
Partition 16	3520,3585,3602,3584,3601
Partition 17	3524,3552,3557,3609
Partition 18	3614,3613
Partition 19	3531,3530,3550,3532
Partition 21	3595
Partition 22	3591,3575,3554,3553,3600,3598,3599
Partition 23	3525,3529,3563,3567,3562,3568
Partition 24	3581,3582,3579,3580
Partition 25	3576,3577
Partition 30	3569
Partition 32	3559
Partition 34	3537
Partition 36	3597
Partition 38	3560
Partition 39	3608
Partition 40	3566
Partition 42	3558
Partition 43	3535
Partition 45	3596
Partition 47	3571
Partition 48	3536
Partition 50	3549
Partition 51	3528
Partition 53	3583
Partition 54	3615
Partition 55	3589
Partition 56	3607
Partition 57	3610
path	3
T	28
cut	80
Partition 0	3563,3555,3556,3565,3564,3558
Partition 2	3560
Partition 3	3538,3539,3540,3548
Partition 4	3527
Partition 5	3594,3593,3595,3598
Partition 6	3610,3611,3546,3547,3612,3544,3613
Partition 7	3543,3561,3523
Partition 8	3541,3542,3562,3592
Partition 9	3604
Partition 12	3526,3578,3586,3579,3524,3552,3533
Partition 13	3574,3621,3573,3551
Partition 14	3589,3590,3619,3618,3620
Partition 16	3520,3585,3602,3617,3584
Partition 17	3557
Partition 18	3572
Partition 19	3531,3530,3550,3532
Partition 20	3521,3549,3614,3615,3616,3587,3588
Partition 21	3599
Partition 22	3591,3575,3554,3553,3600,3601
Partition 23	3529,3535,3567,3536,3568
Partition 24	3581,3582,3583,3580
Partition 25	3576,3577,3528
Partition 26	3566
Partition 29	3569
Partition 30	3559
Partition 31	3534
Partition 33	3571,3570
Partition 34	3607,3606,3608
Partition 35	3605
Partition 36	3596
Partition 38	3537
Partition 39	3522
Partition 41	3525
Partition 42	3545
Partition 43	3597
Partition 44	3603
Partition 46	3609
path	4
T	25
cut	84
Partition 0	3555,3556,3559,3564,3558
Partition 1	3565,3566
Partition 3	3529,3567,3549,3548
Partition 4	3594,3595
Partition 6	3545,3543
Partition 7	3560,3561,3523
Partition 8	3563,3541,3542,3562,3592,3600
Partition 9	3610,3611,3603,3604,3612
Partition 10	3617,3607,3605,3606,3524,3609,3618
Partition 11	3539,3540,3533,3534,3537,3522
Partition 12	3526,3554,3578,3586,3587,3588
Partition 13	3574,3572,3573,3571
Partition 14	3589,3590,3619,3620
Partition 15	3546,3547,3614,3544,3613
Partition 16	3585
Partition 17	3520,3602
Partition 19	3531,3530,3550,3532
Partition 20	3577,3527,3528
Partition 22	3591,3553
Partition 23	3575
Partition 26	3569
Partition 28	3525,3535
Partition 30	3579
Partition 31	3552
Partition 34	3616
Partition 35	3615
Partition 38	3557
Partition 39	3576
Partition 40	3536
Partition 42	3538
Partition 44	3568
Partition 45	3582,3583,3598,3599
Partition 49	3608
Partition 51	3621
Partition 53	3551
Partition 54	3521,3596,3581,3597,3580
Partition 57	3584
Partition 60	3601
Partition 64	3593
Partition 66	3570
path	5
T	30
cut	78
Partition 0	3559
Partition 2	3525,3529,3590,3528
Partition 3	3538,3539,3536,3540,3548,3537
Partition 5	3594,3593,3595
Partition 6	3546,3547,3544,3613
Partition 7	3545,3543,3561,3523
Partition 8	3563,3541,3586,3542,3562,3534,3592
Partition 9	3611,3603,3604,3612
Partition 11	3579
Partition 12	3605
Partition 13	3617,3615,3616
Partition 14	3588
Partition 16	3520,3585,3610,3589,3533,3584,3522
Partition 17	3524,3552,3557,3609
Partition 18	3602,3572,3573,3551,3601
Partition 19	3531,3530,3550,3532
Partition 20	3521,3596,3597,3527
Partition 21	3600,3599
Partition 22	3591,3575,3576,3577,3526,3554,3553
Partition 23	3566
Partition 24	3581,3582,3580
Partition 25	3549
Partition 26	3598
Partition 27	3535
Partition 29	3560,3571,3569,3570
Partition 30	3555
Partition 32	3608
Partition 33	3565,3564,3558
Partition 34	3556
Partition 37	3587
Partition 38	3614
Partition 39	3567,3568
Partition 41	3619,3618
Partition 42	3574,3621,3620
Partition 45	3583
Partition 46	3607,3606
Partition 48	3578
path	6
T	19
cut	76
Partition 0	3576
Partition 2	3571,3570
Partition 3	3538,3539,3540,3549,3548
Partition 4	3536
Partition 5	3535,3594,3593,3595
Partition 6	3546,3547
Partition 7	3555,3559,3603,3560,3543,3561,3523
Partition 8	3526,3541,3542,3562,3592
Partition 9	3545
Partition 10	3611,3604,3607,3612,3606,3544,3613
Partition 12	3589,3586,3587,3534,3588
Partition 13	3572,3573,3551
Partition 14	3590,3619,3620
Partition 15	3617,3618
Partition 16	3600,3598,3599
Partition 17	3524,3557
Partition 19	3531,3530,3550,3532
Partition 20	3521,3596,3605,3597
Partition 21	3520,3602,3610,3522,3601
Partition 22	3552,3553
Partition 23	3525,3529,3563,3567,3528,3568
Partition 24	3581,3582,3577,3583,3584,3580
Partition 28	3575
Partition 29	3565,3564
Partition 31	3569
Partition 32	3608
Partition 34	3527
Partition 36	3566
Partition 37	3558
Partition 39	3578,3579
Partition 41	3533,3537
Partition 45	3574,3621
Partition 46	3556,3591
Partition 47	3614,3615,3609
Partition 50	3616
Partition 53	3585
Partition 54	3554
path	7
T	21
cut	82
Partition 0	3555,3556,3559,3564,3560,3557,3558
Partition 1	3570
Partition 3	3538,3539,3540,3547,3548,3544
Partition 5	3594,3593
Partition 6	3546
Partition 7	3545,3543,3561,3592,3523
Partition 8	3542
Partition 9	3611,3603,3604,3612
Partition 10	3607,3605,3606
Partition 11	3527,3522
Partition 12	3526,3541,3578,3586,3533,3534
Partition 13	3574,3572,3573,3551
Partition 14	3621,3590,3619,3620
Partition 15	3617,3616,3618
Partition 16	3585,3584
Partition 17	3552,3553
Partition 18	3614,3615,3613
Partition 19	3531,3530,3550,3532
Partition 21	3595
Partition 22	3600,3598,3599
Partition 23	3525,3529,3563,3567,3562,3568
Partition 24	3581,3582,3579,3580
Partition 25	3575,3576,3577
Partition 30	3569
Partition 32	3591
Partition 34	3537
Partition 36	3597
Partition 39	3521
Partition 40	3565,3566
Partition 43	3535
Partition 47	3571
Partition 48	3536
Partition 50	3549
Partition 51	3528
Partition 53	3583
Partition 54	3524,3609
Partition 55	3589
Partition 57	3520,3602,3610,3601
Partition 59	3554
Partition 61	3596
Partition 62	3608
Partition 63	3588
Partition 64	3587
path	8
T	22
cut	78
Partition 0	3563,3565,3564,3562,3557,3558,3566
Partition 2	3560
Partition 3	3538,3539,3540,3548
Partition 4	3527
Partition 5	3594,3593,3595,3598
Partition 6	3610,3611,3546,3547,3612,3544,3613
Partition 7	3543,3561,3523
Partition 8	3542,3592
Partition 9	3604
Partition 12	3526,3578,3586,3524,3552
Partition 13	3574,3621,3573,3551
Partition 14	3589,3590,3619,3587,3588,3618,3620
Partition 16	3520,3585,3602,3617,3584
Partition 18	3572
Partition 19	3531,3530,3550,3532
Partition 20	3521,3549,3614,3615,3616
Partition 21	3599
Partition 22	3556,3591,3575,3554,3553,3600,3601
Partition 23	3529,3535,3567,3536,3568
Partition 24	3581,3582,3583,3580
Partition 25	3576,3577,3528
Partition 29	3569
Partition 30	3534
Partition 33	3571,3570
Partition 34	3607,3606,3608
Partition 35	3605
Partition 36	3596
Partition 38	3555
Partition 41	3525
Partition 42	3545
Partition 43	3597
Partition 44	3603
Partition 46	3609
Partition 47	3579
Partition 48	3559,3533,3537,3522
Partition 50	3541
path	9
T	27
cut	82
Partition 0	3555,3556,3564,3558
Partition 1	3559,3560
Partition 3	3540,3549,3548
Partition 4	3594,3595
Partition 6	3545,3543
Partition 7	3561,3523
Partition 8	3563,3541,3542,3562,3592,3600
Partition 9	3611,3603,3604,3612
Partition 10	3607,3605,3606
Partition 11	3539,3527,3533,3534,3537,3522
Partition 12	3526,3578,3586,3587,3588
Partition 13	3574,3572,3573,3571
Partition 14	3585,3589,3525,3590,3619,3584,3620
Partition 15	3546,3547,3614,3544,3613
Partition 19	3531,3530,3550,3532
Partition 20	3576,3582,3577,3583,3528
Partition 23	3591,3575,3554,3552,3553,3601
Partition 26	3569
Partition 30	3579
Partition 34	3616
Partition 35	3615
Partition 40	3536
Partition 42	3538
Partition 44	3568
Partition 45	3598,3599
Partition 49	3609,3608
Partition 51	3621
Partition 53	3551
Partition 54	3521,3596,3581,3597,3580
Partition 64	3593
Partition 66	3570
Partition 70	3557
Partition 71	3524
Partition 74	3535
Partition 76	3602
Partition 78	3610
Partition 81	3520
Partition 84	3529
Partition 85	3567
Partition 86	3617,3618
Partition 89	3565
Partition 90	3566
path	10
T	19
cut	86
Partition 0	3559,3560
Partition 2	3590
Partition 3	3538,3539,3536,3540,3548,3537
Partition 5	3594,3593,3595
Partition 6	3546,3547,3544,3613
Partition 7	3545,3543,3561,3523
Partition 8	3563,3541,3586,3542,3562,3534,3592
Partition 9	3611,3603,3604,3612
Partition 11	3579
Partition 12	3521
Partition 13	3617,3615,3616
Partition 14	3588
Partition 16	3585,3610,3589,3533,3584,3522
Partition 17	3524,3552,3557
Partition 18	3572,3573,3551
Partition 19	3531,3550,3532
Partition 20	3596,3597,3527
Partition 21	3602,3601
Partition 22	3591,3575,3576,3577,3526,3554,3553
Partition 23	3566
Partition 24	3581,3582,3580
Partition 25	3549
Partition 26	3598
Partition 27	3535
Partition 29	3571,3569,3570
Partition 30	3555
Partition 32	3609,3608
Partition 33	3565,3564,3558
Partition 34	3556
Partition 37	3587
Partition 38	3614
Partition 39	3567,3568
Partition 41	3619,3618
Partition 42	3574,3621,3620
Partition 45	3583
Partition 46	3607,3606
Partition 48	3578
Partition 50	3528
Partition 51	3529
Partition 53	3525
Partition 56	3530
Partition 57	3605
Partition 61	3520
Partition 62	3600
Partition 64	3599
