path	1
T	11
cut	45
Partition 0	3565,3585,3564,3584
Partition 1	3523,3550,3557,3558,3559
Partition 2	3551,3560,3554,3552,3553
Partition 3	3529,3577,3578
Partition 4	3524,3535,3533,3534
Partition 5	3536,3548,3547,3561,3562,3563
Partition 6	3545,3546,3544,3549,3520
Partition 7	3530,3522,3573,3531
Partition 8	3527,3528,3540,3538,3525,3539
Partition 9	3532,3542,3541
Partition 10	3568,3571,3570
Partition 11	3543,3583,3582
Partition 12	3567,3579,3556,3576
Partition 13	3572,3575,3580,3574
Partition 15	3526
Partition 17	3581
Partition 18	3521
Partition 20	3566
Partition 22	3569
Partition 24	3555
Partition 25	3537
path	2
T	14
cut	47
Partition 0	3565,3585,3564,3584
Partition 1	3523,3550,3551,3557,3569,3558,3559
Partition 2	3526,3552,3553
Partition 3	3577,3578,3579
Partition 4	3535,3533,3534
Partition 5	3548,3561,3562,3563
Partition 6	3545,3546,3547,3544,3520
Partition 7	3530,3522,3573
Partition 8	3537,3538,3539
Partition 9	3527,3525
Partition 10	3568,3571,3570
Partition 11	3583,3581,3582
Partition 12	3567,3556,3576
Partition 13	3572,3575,3580,3574
Partition 16	3531
Partition 17	3560,3554
Partition 19	3549
Partition 20	3540,3541
Partition 21	3528,3532,3542
Partition 23	3566
Partition 24	3555
Partition 25	3521,3543
Partition 27	3536
Partition 28	3524,3529
path	3
T	12
cut	46
Partition 0	3565,3585,3564,3584
Partition 1	3523,3550,3557,3549,3558,3559
Partition 2	3551,3554,3553
Partition 3	3529,3560,3577,3578,3579,3561
Partition 4	3524,3535,3572,3533,3534
Partition 5	3548,3562,3563
Partition 6	3528,3544,3520
Partition 7	3530,3522,3573
Partition 8	3540,3538,3539
Partition 9	3521,3543,3542,3541
Partition 10	3568,3571,3570
Partition 11	3583,3581,3582
Partition 12	3567,3569,3555,3556,3576
Partition 13	3575,3580,3574
Partition 16	3532,3531
Partition 17	3552
Partition 19	3526
Partition 21	3566
Partition 22	3545,3546
Partition 23	3537
Partition 26	3527,3525
Partition 28	3547
Partition 31	3536
path	4
T	8
cut	43
Partition 0	3565,3585,3583,3564,3584
Partition 1	3557
Partition 2	3550,3551,3560,3554,3552,3553
Partition 4	3524,3535,3533,3534
Partition 5	3548,3561,3562,3563
Partition 6	3566,3568,3549,3558
Partition 7	3532,3530,3522,3531
Partition 8	3523,3536,3540,3538,3539,3541
Partition 9	3527,3528,3544,3520
Partition 10	3569,3571,3570
Partition 11	3521,3543,3542
Partition 12	3567,3556,3576
Partition 13	3572,3575,3573,3574
Partition 15	3577,3580,3578,3579,3581,3582
Partition 16	3526,3537,3555
Partition 19	3559
Partition 20	3529
Partition 22	3525
Partition 23	3545,3546
Partition 24	3547
path	5
T	13
cut	45
Partition 0	3565,3585,3564,3584
Partition 1	3523,3550,3557,3558,3559
Partition 2	3526,3552,3553
Partition 3	3560,3561
Partition 4	3545,3524,3529,3535,3533,3534
Partition 5	3536,3548,3547,3562,3563
Partition 6	3544,3549,3520
Partition 7	3530,3522,3573,3531
Partition 8	3527,3540,3537,3538,3525,3539
Partition 9	3532,3542,3541
Partition 10	3521,3543,3566,3568,3571,3570
Partition 11	3583,3581,3582
Partition 12	3567,3579,3576
Partition 13	3572,3575,3580,3574
Partition 14	3551
Partition 16	3554
Partition 17	3577,3578
Partition 18	3546
Partition 19	3528
Partition 20	3556
Partition 21	3569
Partition 22	3555
path	6
T	13
cut	47
Partition 0	3565,3585,3564,3584
Partition 1	3523,3550,3551,3557,3569,3558,3559
Partition 2	3526,3552,3553
Partition 3	3577,3578,3579
Partition 4	3535,3533,3534
Partition 5	3548,3561,3562,3563
Partition 6	3545,3546,3547,3544,3520
Partition 7	3530,3522,3573
Partition 8	3537,3538,3539
Partition 9	3527,3525
Partition 10	3568,3571,3570
Partition 11	3583,3581,3582
Partition 12	3567,3556,3576
Partition 13	3572,3575,3580,3574
Partition 16	3531
Partition 17	3560,3554
Partition 19	3549
Partition 20	3540
Partition 21	3528,3532
Partition 23	3566
Partition 24	3555
Partition 25	3521,3543,3542,3541
Partition 27	3536
Partition 28	3524,3529
path	7
T	10
cut	49
Partition 0	3565,3585,3564,3584
Partition 1	3523,3550,3557,3549,3558,3559
Partition 2	3551,3554,3553
Partition 3	3529,3577,3578
Partition 4	3524,3535,3572,3533,3534
Partition 5	3548,3562,3563
Partition 6	3528,3544,3520
Partition 7	3530,3522,3573,3574
Partition 8	3540,3538,3539
Partition 9	3521,3543,3542,3541
Partition 10	3568,3571,3570
Partition 11	3583,3581,3582
Partition 12	3567,3569,3555,3556,3576
Partition 13	3580,3579
Partition 16	3532,3531
Partition 17	3552
Partition 19	3526
Partition 21	3566
Partition 22	3545,3546
Partition 23	3537
Partition 26	3527,3525
Partition 28	3547
Partition 31	3536
Partition 32	3560
Partition 33	3561
Partition 34	3575
path	8
T	6
cut	49
Partition 0	3565,3585,3583,3564,3584
Partition 1	3557
Partition 2	3560,3554,3552,3553
Partition 4	3523,3536,3524,3535,3533,3534
Partition 5	3548,3561,3562,3563
Partition 6	3568,3549
Partition 7	3532,3530,3522,3531
Partition 8	3540,3538,3539,3541
Partition 9	3527,3528,3544,3525,3520
Partition 10	3569,3570
Partition 11	3543,3542
Partition 12	3567,3556,3576
Partition 13	3572,3575,3573,3574
Partition 15	3577,3580,3578,3579
Partition 16	3537
Partition 19	3559
Partition 20	3529
Partition 22	3555
Partition 23	3545,3546
Partition 24	3547
Partition 25	3558
Partition 26	3521,3566
Partition 28	3550,3551
Partition 31	3581,3582
Partition 32	3571
Partition 33	3526
path	9
T	13
cut	45
Partition 0	3565,3585,3564,3584
Partition 1	3523,3550,3557,3558,3559
Partition 2	3526,3552,3553
Partition 3	3560,3561
Partition 4	3545,3524,3535,3533,3534
Partition 5	3536,3548,3547,3562,3563
Partition 6	3544,3549,3520
Partition 7	3530,3522,3573,3531
Partition 8	3527,3540,3537,3538,3525,3539
Partition 9	3532,3542,3541
Partition 10	3521,3543,3566,3568,3571,3570
Partition 11	3583,3581,3582
Partition 12	3567,3579,3576
Partition 13	3572,3575,3580,3574
Partition 14	3551
Partition 16	3554
Partition 17	3529,3577,3578
Partition 18	3546
Partition 19	3528
Partition 20	3556
Partition 21	3569
Partition 22	3555
