path	1
T	22
cut	81
Partition 0	3613,3612,3617,3618
Partition 1	3587,3565,3567,3610,3611,3588
Partition 2	3537,3538,3566
Partition 3	3554,3555,3556,3583,3557
Partition 4	3546,3581,3545
Partition 5	3549
Partition 6	3586
Partition 7	3577,3600
Partition 8	3521,3578,3579,3599,3580
Partition 9	3614,3607,3616,3615
Partition 10	3524,3544,3564,3522
Partition 11	3542,3543,3523
Partition 12	3589,3590,3520
Partition 13	3531,3532,3533,3528,3552
Partition 14	3558,3559,3568,3584,3585
Partition 15	3591,3592,3593,3594
Partition 16	3596,3597,3598,3534
Partition 18	3570,3569,3571,3572
Partition 19	3621,3622,3605,3619,3620
Partition 20	3574,3575,3576
Partition 21	3553,3623,3624
Partition 22	3535,3536,3551,3560,3561,3601,3602
Partition 23	3595
Partition 25	3562
Partition 26	3540
Partition 28	3563
Partition 29	3526
Partition 33	3573
Partition 34	3547
Partition 35	3539
Partition 36	3548
Partition 38	3541,3550
Partition 41	3603
Partition 42	3604
Partition 43	3609
Partition 44	3608
Partition 45	3582
Partition 46	3527
Partition 47	3529,3530,3606
Partition 50	3525
path	2
T	20
cut	85
Partition 0	3613,3612
Partition 1	3540,3541,3581,3587,3609,3610,3611
Partition 3	3571
Partition 4	3582
Partition 5	3548,3549,3550
Partition 7	3577,3600
Partition 8	3521,3578,3579,3523,3599,3580
Partition 9	3614,3607,3616,3615
Partition 10	3524,3544,3564,3522
Partition 11	3542,3543,3608,3531,3529,3530,3606
Partition 12	3525,3589,3590
Partition 13	3596,3597,3598,3534
Partition 14	3559,3584,3585
Partition 15	3591,3592,3593,3588,3594,3595
Partition 17	3561,3601,3602,3603,3604
Partition 18	3546,3545
Partition 19	3621,3622,3605,3619,3620
Partition 20	3574,3575,3576
Partition 21	3520,3553,3623,3624
Partition 22	3535,3536,3551,3560
Partition 23	3563
Partition 27	3537
Partition 29	3567
Partition 30	3538
Partition 32	3556
Partition 35	3554
Partition 37	3586
Partition 38	3552
Partition 40	3557
Partition 42	3566
Partition 44	3618
Partition 45	3573
Partition 46	3569
Partition 50	3570
Partition 51	3572
Partition 52	3555
Partition 55	3617
Partition 57	3583
Partition 58	3547
Partition 60	3539
Partition 61	3526
Partition 62	3562
Partition 64	3532,3533,3527,3558,3568,3528
Partition 65	3565
path	3
T	16
cut	80
Partition 0	3613,3612,3617,3618
Partition 1	3587,3610,3611,3588
Partition 2	3537,3538,3609
Partition 3	3554,3555,3556,3583
Partition 4	3581,3582
Partition 5	3543,3540,3608,3548,3541,3606,3549
Partition 7	3523
Partition 8	3521,3578,3579,3600,3530,3599,3580
Partition 9	3614,3607,3616,3615
Partition 10	3524,3544,3564,3545,3565,3522
Partition 11	3533,3528
Partition 12	3525,3589,3590
Partition 13	3529
Partition 14	3558,3559,3568,3584,3585
Partition 15	3591,3592,3593,3594
Partition 16	3596,3597,3598,3534
Partition 17	3601,3602,3603,3595,3604
Partition 18	3570,3569,3571,3572
Partition 19	3576,3621,3622,3605,3619,3620
Partition 20	3574,3567,3560,3563,3573
Partition 21	3520,3553,3623,3624
Partition 22	3526,3535,3536,3551
Partition 23	3561
Partition 25	3562
Partition 26	3539
Partition 29	3542
Partition 32	3552
Partition 33	3547
Partition 34	3550
Partition 35	3586
Partition 38	3527
Partition 41	3532
Partition 44	3531
Partition 45	3546
Partition 49	3575,3566
Partition 51	3577
Partition 52	3557
path	4
T	16
cut	79
Partition 0	3613,3612,3611,3617,3618
Partition 1	3609,3610
Partition 2	3541,3537,3538
Partition 3	3527,3554,3555,3556,3583,3525
Partition 4	3546,3540,3581,3545
Partition 6	3539,3547
Partition 7	3523,3577,3565,3567,3563
Partition 8	3521,3578,3579,3600,3599,3580
Partition 9	3614,3607,3616,3615
Partition 10	3524,3544,3564,3522
Partition 11	3543,3608
Partition 12	3589,3590
Partition 13	3532,3533,3528
Partition 14	3558,3559,3568,3562,3584,3585
Partition 15	3592,3593
Partition 16	3596,3597,3598,3534
Partition 17	3601,3602,3603,3595,3604
Partition 18	3570,3569,3571,3572
Partition 19	3621,3622,3605,3619,3620
Partition 20	3574,3575,3576
Partition 21	3553,3623,3624
Partition 22	3535,3536,3551,3552
Partition 23	3560,3561
Partition 25	3531
Partition 26	3548
Partition 27	3573
Partition 28	3529,3530,3606
Partition 30	3557
Partition 31	3566
Partition 32	3550
Partition 33	3549
Partition 34	3582
Partition 35	3542
Partition 36	3587,3591,3588
Partition 38	3594
Partition 40	3526
Partition 43	3520
Partition 44	3586
path	5
T	20
cut	76
Partition 0	3613,3612,3617,3618
Partition 1	3540,3587,3565,3580,3610,3611,3588
Partition 2	3537,3538,3566
Partition 3	3554,3555,3556,3583
Partition 4	3581,3582
Partition 5	3546,3548,3541,3551,3552,3549,3550
Partition 6	3531
Partition 8	3578,3579,3523,3609
Partition 9	3614,3607,3616,3615
Partition 10	3524,3544,3564
Partition 11	3542,3543,3608
Partition 12	3525,3589,3590
Partition 13	3539,3547,3532,3533,3586,3527,3528
Partition 14	3559,3562,3584,3585
Partition 15	3591,3592,3593,3594
Partition 16	3596,3597,3598,3534
Partition 17	3601,3602,3603,3595,3604
Partition 18	3570,3569,3571,3572
Partition 19	3621,3622,3605,3619,3620
Partition 20	3574,3575,3576,3573
Partition 21	3520,3553,3623,3624
Partition 22	3535,3536,3560,3563
Partition 23	3577,3600,3599
Partition 25	3568
Partition 28	3558
Partition 29	3567
Partition 30	3606
Partition 31	3529,3530
Partition 32	3521
Partition 33	3561
Partition 34	3526
Partition 35	3522
Partition 37	3545
Partition 38	3557
