path	1
T	10
cut	53
Partition 0	3563
Partition 1	3560,3561,3559,3562,3545,3544
Partition 2	3537,3567,3566,3538
Partition 3	3542,3540,3541,3523
Partition 4	3526,3531,3557,3532
Partition 5	3528,3529,3530,3558,3520
Partition 6	3573,3568,3527,3564,3565,3570,3569
Partition 7	3586,3585,3587,3588
Partition 8	3524,3572,3574,3584
Partition 9	3575,3577,3576
Partition 10	3579,3550,3551
Partition 11	3583,3594,3595,3596,3593
Partition 12	3521,3556,3598,3597
Partition 13	3589,3590,3591,3592
Partition 14	3571
Partition 15	3539
Partition 16	3534,3535,3536,3578
Partition 17	3553,3555,3554,3552
Partition 18	3548,3549,3546,3547
Partition 19	3543
Partition 20	3522
Partition 24	3580,3581,3582
Partition 26	3525
Partition 27	3533
path	2
T	15
cut	53
Partition 1	3560,3561,3559,3545,3544
Partition 3	3540,3523
Partition 4	3541,3526,3557
Partition 5	3528,3529,3530,3558,3520
Partition 6	3573,3568,3527,3564,3565,3569
Partition 7	3586,3585,3587,3588
Partition 8	3524,3572,3584
Partition 9	3574,3575,3577,3576
Partition 10	3579,3580,3581,3550,3551
Partition 12	3521,3556,3598
Partition 13	3589,3590,3562,3563,3570
Partition 14	3582
Partition 15	3525,3533,3543,3531,3532
Partition 16	3534,3535,3536,3578
Partition 17	3553,3555,3554,3552
Partition 18	3546
Partition 21	3567
Partition 24	3522,3539,3595,3571,3596,3597
Partition 25	3542,3548,3549,3591,3592,3547,3593
Partition 28	3583,3594
Partition 31	3566
Partition 32	3537,3538
path	3
T	9
cut	56
Partition 0	3563,3570,3571
Partition 1	3560,3545,3544
Partition 2	3522,3567,3566
Partition 3	3540,3541
Partition 4	3533,3526,3531,3557,3532
Partition 5	3528,3529,3530
Partition 6	3568,3564,3569
Partition 7	3586,3585,3587,3588
Partition 8	3584
Partition 10	3579,3551
Partition 11	3575,3583,3594,3595,3577,3576,3582
Partition 12	3521,3556,3598,3597
Partition 13	3589,3590,3591,3592,3593
Partition 15	3539,3538
Partition 16	3534,3535,3536,3578
Partition 17	3553,3555,3554,3552
Partition 18	3542,3548,3549,3546,3547
Partition 19	3525,3543
Partition 23	3537
Partition 24	3565
Partition 27	3596
Partition 29	3550
Partition 32	3580,3581
Partition 33	3561,3559,3562
Partition 35	3527
Partition 36	3524,3572,3574,3573
Partition 37	3520
Partition 38	3558
Partition 41	3523
path	4
T	9
cut	55
Partition 0	3563,3570
Partition 1	3560,3561,3559
Partition 2	3567,3566,3520
Partition 3	3542,3541
Partition 4	3526,3531,3557
Partition 5	3528,3529,3530
Partition 6	3568,3564,3569
Partition 7	3586,3585,3587,3588
Partition 8	3524,3572,3574,3584
Partition 9	3573,3575,3577,3576
Partition 10	3579,3580,3550,3551
Partition 11	3583,3594,3581,3582
Partition 12	3595,3521,3556,3596,3598,3597
Partition 13	3589,3590,3591,3592
Partition 14	3571
Partition 15	3537,3539,3538
Partition 16	3534,3535,3536,3578
Partition 17	3553,3555,3554,3552
Partition 18	3548,3549,3546,3547
Partition 19	3525,3543
Partition 20	3593
Partition 21	3522
Partition 22	3527
Partition 23	3565
Partition 24	3545,3544
Partition 25	3562,3558
Partition 26	3533,3532
Partition 27	3540,3523
path	5
T	11
cut	50
Partition 1	3560,3545,3544
Partition 2	3567,3566,3558,3520
Partition 3	3542,3540,3541
Partition 4	3531,3532
Partition 5	3528,3529,3530
Partition 6	3568,3527,3564,3565,3569
Partition 7	3586,3585,3587,3588
Partition 8	3524,3572,3574,3584
Partition 9	3573,3575,3577,3576
Partition 10	3579,3580,3550,3551
Partition 11	3583,3594,3581,3582
Partition 12	3521,3556,3598,3597
Partition 13	3589,3590,3591,3592,3593
Partition 14	3595,3571,3596
Partition 15	3537,3539,3538
Partition 16	3534,3535,3536,3578
Partition 17	3553,3555,3554,3552
Partition 18	3548,3561,3549,3559,3562,3546,3547
Partition 19	3525,3533,3543,3563,3570
Partition 20	3522
Partition 21	3526
Partition 22	3557,3523
path	6
T	7
cut	54
Partition 1	3560,3561,3559,3545,3546,3544
Partition 3	3540,3523
Partition 4	3557
Partition 5	3528,3529,3527,3530
Partition 6	3567,3568,3564,3570,3569
Partition 7	3586,3585,3587,3588
Partition 8	3524,3572,3584,3520
Partition 9	3574,3575,3577,3576
Partition 10	3579,3580,3581,3550,3551
Partition 12	3521,3556,3598
Partition 13	3589,3590
Partition 14	3582
Partition 15	3525,3533,3543,3531,3532
Partition 16	3534,3535,3536,3578
Partition 17	3553,3555,3554,3552
Partition 18	3558
Partition 24	3583,3594,3595,3571,3596,3597
Partition 25	3542,3548,3549,3591,3592,3547,3593
Partition 28	3522,3539
Partition 31	3566
Partition 32	3537,3538
Partition 34	3573
Partition 36	3565,3526
Partition 37	3541
Partition 40	3563
Partition 41	3562
path	7
T	11
cut	51
Partition 1	3560,3545,3544
Partition 2	3567,3566,3558,3520
Partition 3	3542,3540,3541
Partition 4	3531,3532
Partition 5	3528,3529,3530
Partition 6	3568,3564,3569
Partition 7	3586,3585,3587,3588
Partition 8	3524,3572,3574,3584
Partition 9	3573,3575,3577,3576
Partition 10	3579,3580,3550,3551
Partition 11	3583,3594,3581,3582
Partition 12	3521,3556,3598,3597
Partition 13	3589,3590,3591,3592,3593
Partition 14	3595,3571,3596
Partition 15	3537,3539,3538
Partition 16	3534,3535,3536,3578
Partition 17	3553,3555,3554,3552
Partition 18	3548,3561,3549,3559,3562,3546,3547
Partition 19	3525,3533,3543,3563,3570
Partition 20	3522
Partition 21	3565,3526
Partition 22	3557,3523
Partition 23	3527
