path	1
T	9
cut	60
Partition 0	3550,3551,3584
Partition 1	3553,3554,3552
Partition 2	3547,3548,3545,3546
Partition 3	3528,3541
Partition 4	3596,3542,3543,3595,3597,3603
Partition 5	3522,3578,3579,3577
Partition 6	3580,3576,3609,3610
Partition 7	3556,3549,3557
Partition 8	3555,3538,3529,3534,3536,3537
Partition 9	3523,3573,3574,3572
Partition 10	3585,3525
Partition 11	3558,3539,3520
Partition 12	3559,3560,3571
Partition 13	3606,3607,3608,3604
Partition 14	3564,3565,3566,3598
Partition 15	3601,3599,3602
Partition 16	3600,3535
Partition 17	3570,3594,3593
Partition 18	3568,3569
Partition 19	3583,3588,3589
Partition 20	3587,3590,3591,3592
Partition 21	3581,3582,3605,3563,3526,3561,3562
Partition 22	3540
Partition 23	3575
Partition 25	3533
Partition 27	3544
Partition 28	3527
Partition 29	3524
Partition 30	3567,3531,3532
Partition 31	3521
Partition 32	3586
Partition 33	3530
path	2
T	15
cut	56
Partition 0	3550,3551,3584
Partition 1	3553,3554,3552
Partition 2	3547,3548,3545,3546
Partition 3	3528,3541
Partition 4	3596,3542,3543,3595,3597
Partition 5	3522,3578,3579,3577
Partition 6	3580,3576,3609,3610
Partition 7	3556,3549,3557
Partition 8	3555,3538,3534,3536,3537
Partition 9	3523,3573,3574,3572
Partition 10	3586,3585,3527,3529,3530,3525
Partition 11	3558,3539,3520
Partition 12	3559,3560,3567,3571
Partition 13	3606,3607,3608
Partition 14	3564,3565,3598
Partition 15	3581,3600,3601,3599,3540,3602
Partition 16	3535,3531
Partition 17	3570,3594,3593
Partition 18	3566,3568,3521,3533,3563,3569,3575
Partition 19	3583,3588,3589
Partition 20	3587,3590,3591,3592
Partition 21	3582,3605
Partition 23	3524
Partition 25	3544
Partition 26	3604
Partition 27	3603
Partition 29	3532
Partition 30	3526,3561,3562
path	3
T	11
cut	60
Partition 0	3550,3551,3584
Partition 1	3553,3554,3555
Partition 2	3547,3548,3545,3546
Partition 3	3528,3541
Partition 4	3596,3597,3603
Partition 5	3522,3578,3577
Partition 6	3569,3575,3576
Partition 7	3556,3549,3557
Partition 8	3538,3534,3536,3537
Partition 9	3523,3573,3574,3572
Partition 10	3527
Partition 11	3558,3539,3520
Partition 12	3559,3560,3567,3571
Partition 13	3606,3607,3608,3580,3604,3609
Partition 14	3564,3565,3566,3598
Partition 15	3600,3601,3599,3540,3602
Partition 16	3533,3535
Partition 17	3570,3594,3593
Partition 18	3568,3563
Partition 19	3583,3532
Partition 20	3587,3590,3591,3592
Partition 21	3582,3605,3526,3531,3561,3562
Partition 22	3524
Partition 24	3581,3521
Partition 25	3544
Partition 28	3610
Partition 29	3552
Partition 30	3585,3529,3530,3525
Partition 31	3588,3589
Partition 34	3542,3543,3595
Partition 35	3586
Partition 36	3579
path	4
T	14
cut	57
Partition 0	3524,3542,3550
Partition 1	3553,3554,3552
Partition 2	3547,3548,3545,3546
Partition 3	3596,3595,3597
Partition 5	3522,3578,3579,3577
Partition 6	3580,3576,3609,3610
Partition 7	3556,3549,3557
Partition 8	3538,3534,3536,3537
Partition 9	3523,3573,3574,3572,3575
Partition 10	3586,3585,3529,3530,3525
Partition 11	3527,3528,3541,3558,3539,3540,3520
Partition 12	3559,3560,3567,3571
Partition 13	3606,3607,3608,3604
Partition 14	3565,3598,3599
Partition 15	3601,3602,3603
Partition 16	3581,3600,3535,3526,3531
Partition 17	3570,3594,3593
Partition 18	3568,3563,3569
Partition 19	3551,3584,3588,3589
Partition 20	3587,3590,3591,3592
Partition 21	3582,3583,3605,3561,3562
Partition 24	3533
Partition 28	3555
Partition 29	3532
Partition 30	3543
Partition 34	3521
Partition 35	3564
Partition 37	3566
Partition 39	3544
path	5
T	12
cut	56
Partition 0	3584
Partition 1	3553,3554,3552
Partition 2	3547,3548,3528,3541,3544,3545,3546
Partition 4	3596,3543,3595,3597
Partition 5	3522,3578,3579,3577
Partition 6	3580,3575,3576,3609,3610
Partition 7	3555,3556,3549,3557
Partition 8	3538,3536,3537
Partition 9	3523,3573,3574,3572
Partition 10	3586,3585,3529,3530,3525
Partition 11	3558,3539,3520
Partition 12	3559,3560,3567,3571
Partition 13	3606,3607,3608,3604
Partition 14	3564,3565,3566,3598
Partition 15	3601,3602,3603
Partition 16	3600,3533,3535,3526,3531
Partition 17	3570,3594,3593
Partition 18	3568,3569
Partition 19	3582,3583,3605,3532,3588,3589
Partition 20	3587,3590,3591,3592
Partition 21	3561,3562
Partition 23	3550,3551
Partition 24	3524,3542
Partition 25	3599,3540
Partition 26	3534
Partition 27	3527
Partition 28	3581
Partition 30	3521
Partition 31	3563
