path	1
T	6
cut	24
Partition 0	1666,1694,1695,1692,1693
Partition 1	1665
Partition 2	1687
Partition 3	1679,1664
Partition 4	1688,1689,1680
Partition 5	1667,1670,1668,1669
Partition 6	1677,1678
Partition 7	1701,1699,1700
Partition 8	1673,1674,1675
Partition 9	1671,1672,1676
Partition 10	1696,1697
Partition 11	1698
Partition 12	1690,1691,1663
Partition 14	1662,1681,1682
Partition 16	1683
Partition 17	1684
Partition 19	1686,1685
path	2
T	5
cut	22
Partition 0	1666,1694,1695,1692,1693
Partition 1	1688
Partition 2	1696,1690,1691
Partition 3	1682,1663
Partition 5	1667,1670,1668,1669
Partition 6	1684,1683
Partition 7	1686,1701,1685,1700
Partition 8	1673,1674,1675
Partition 9	1671,1672,1676
Partition 10	1665,1679,1664
Partition 11	1680
Partition 12	1689,1697,1698,1699
Partition 13	1687,1662,1681
Partition 14	1677
Partition 16	1678
path	3
T	4
cut	20
Partition 0	1666,1694,1695,1692,1693
Partition 1	1697,1698
Partition 2	1696,1690,1691
Partition 3	1663
Partition 4	1688,1689,1680
Partition 5	1668,1669
Partition 7	1701,1699,1700
Partition 8	1673,1674,1675,1676
Partition 9	1686,1677,1678,1684,1685
Partition 11	1665
Partition 13	1667,1670
Partition 14	1687,1662,1671,1672
Partition 15	1681,1682,1679,1683,1664
path	4
T	4
cut	20
Partition 0	1666,1694,1695,1693
Partition 1	1665,1692
Partition 2	1687
Partition 4	1688,1689,1680
Partition 5	1667,1670,1668,1669
Partition 6	1676
Partition 7	1701,1699,1700
Partition 8	1673,1674,1675
Partition 9	1686,1677,1678,1684,1685
Partition 10	1683
Partition 11	1696,1690,1691,1697,1698
Partition 13	1681,1682,1679,1663,1664
Partition 14	1662,1671,1672
path	5
T	6
cut	20
Partition 0	1666,1694,1695,1693,1698
Partition 1	1665,1692
Partition 2	1696,1690,1691,1663
Partition 3	1684
Partition 4	1688,1689,1680
Partition 5	1667,1670,1677,1668,1669
Partition 6	1681,1682,1679,1683,1664
Partition 7	1701,1699,1700
Partition 8	1673,1674,1675,1676,1685
Partition 12	1686
Partition 13	1697
Partition 15	1687,1662,1671,1672
Partition 16	1678
