path	1
T	11
cut	73
Partition 0	3559,3560
Partition 1	3591,3592
Partition 2	3553,3521
Partition 3	3549,3550
Partition 4	3570,3571,3619,3620
Partition 5	3546,3621,3622,3623
Partition 6	3557,3558
Partition 7	3607,3618,3616,3617
Partition 8	3612,3613,3614,3615
Partition 9	3593,3609,3610,3608,3525
Partition 10	3598,3599
Partition 11	3602,3604,3603
Partition 12	3596,3594,3595
Partition 14	3575,3576,3582,3585,3586
Partition 15	3533,3580,3547,3551,3581,3578,3579
Partition 16	3530,3536,3541,3535,3543,3542
Partition 17	3537,3597,3524,3583,3520
Partition 18	3528,3529,3545,3544
Partition 19	3522,3600,3601
Partition 20	3527,3555,3552,3573,3572
Partition 21	3587,3589,3590
Partition 22	3564,3566,3567
Partition 23	3531,3588
Partition 24	3563,3568,3569
Partition 25	3539,3556
Partition 29	3611
Partition 31	3561
Partition 32	3532,3534,3554,3523,3584
Partition 33	3538,3565
Partition 36	3526
Partition 37	3548
Partition 39	3562
Partition 40	3540
Partition 44	3577
Partition 46	3606
Partition 47	3574
Partition 49	3605
path	2
T	17
cut	67
Partition 0	3559,3560,3561
Partition 1	3601,3602
Partition 2	3527,3552,3553,3521,3570
Partition 3	3549,3524
Partition 4	3571,3619,3620,3592
Partition 5	3546,3621,3622,3623
Partition 6	3557,3558
Partition 7	3523,3584,3607,3618,3616,3617
Partition 8	3611,3612,3613,3614,3615
Partition 9	3593,3609,3608,3525,3537
Partition 10	3598,3599
Partition 11	3605,3604,3603,3606
Partition 12	3596,3594,3595,3574
Partition 13	3532,3534
Partition 14	3582,3585,3586,3587
Partition 15	3533,3580,3581,3578,3579
Partition 16	3536,3535,3543,3542
Partition 17	3597,3583,3520
Partition 18	3528,3529,3545,3544
Partition 19	3540,3541
Partition 20	3573,3572
Partition 21	3575,3576,3577,3589,3590
Partition 22	3565,3566,3567
Partition 24	3563,3568,3569
Partition 25	3539,3556,3562
Partition 26	3591
Partition 27	3530,3531,3551,3550,3588
Partition 31	3554,3555
Partition 32	3564,3526,3547,3548
Partition 35	3538
Partition 36	3610
Partition 37	3600
Partition 38	3522
path	3
T	17
cut	69
Partition 0	3559,3560,3561
Partition 1	3600,3601,3547,3551,3602
Partition 2	3527,3552,3553
Partition 3	3575,3576,3577
Partition 4	3619,3620,3592
Partition 5	3521,3546,3621,3622,3623
Partition 6	3557,3558
Partition 7	3607,3618,3616,3617
Partition 8	3612,3613,3614,3615
Partition 9	3593,3609,3608,3525,3598
Partition 10	3610,3611
Partition 11	3605,3599,3604,3603,3606
Partition 12	3596,3594,3595,3549,3550,3574
Partition 13	3532,3534
Partition 14	3582,3585,3586,3587
Partition 15	3533,3580,3581,3578,3579
Partition 16	3522,3530,3536,3535,3543
Partition 17	3597,3583,3520
Partition 18	3528,3529,3545,3544
Partition 19	3542
Partition 20	3573,3572
Partition 21	3589,3591,3590
Partition 22	3564,3548,3566,3567
Partition 23	3538,3565
Partition 24	3563,3568,3569
Partition 25	3540,3554,3555,3539,3556,3562
Partition 28	3570,3571
Partition 29	3524
Partition 30	3541,3537
Partition 33	3531,3588
Partition 37	3526
Partition 39	3523
Partition 40	3584
path	4
T	13
cut	68
Partition 0	3559,3560,3561
Partition 1	3552,3601,3526,3547,3551,3602
Partition 2	3553,3570,3569
Partition 3	3549,3550,3588
Partition 4	3571,3619,3620,3591,3592
Partition 5	3546,3621,3622,3623
Partition 6	3557,3558
Partition 7	3607,3618,3616,3617
Partition 8	3612,3613,3614,3615
Partition 9	3593,3609,3608,3525
Partition 10	3598,3599
Partition 11	3605,3604,3603,3606
Partition 12	3596,3594,3595,3574
Partition 13	3584
Partition 14	3582,3585,3586,3587
Partition 15	3533,3580,3581,3578,3579
Partition 16	3530,3534,3536,3535,3543,3542
Partition 17	3597,3583,3520
Partition 18	3528,3529,3545,3544
Partition 19	3522,3600
Partition 20	3573,3572
Partition 21	3575,3576,3577,3589,3590
Partition 22	3564,3548,3566,3567
Partition 23	3531,3565
Partition 24	3554,3555,3563,3523,3562,3568
Partition 25	3540,3539,3556
Partition 27	3532
Partition 28	3541,3537
Partition 29	3538
Partition 31	3527
Partition 32	3521
Partition 33	3611
Partition 34	3610
Partition 35	3524
path	5
T	13
cut	76
Partition 0	3559,3560,3561
Partition 1	3601,3602
Partition 2	3570,3569
Partition 3	3552,3551,3549,3550
Partition 4	3571,3619,3620,3592
Partition 5	3546,3621,3622,3623
Partition 6	3557,3558
Partition 7	3607,3618,3616,3617
Partition 8	3612,3613,3614,3615
Partition 9	3593,3609,3547,3608,3525
Partition 10	3598,3599
Partition 11	3605,3604,3603
Partition 12	3596,3594,3595,3574
Partition 13	3532,3534
Partition 14	3582,3585,3586,3587
Partition 15	3533,3580,3581,3578,3579
Partition 16	3541,3543,3542
Partition 17	3597,3583,3520
Partition 18	3528,3529,3545,3544
Partition 19	3522,3600
Partition 20	3527,3573,3572,3577
Partition 21	3531,3575,3576,3588,3589,3591,3590
Partition 22	3564,3548,3566,3567
Partition 23	3530,3536
Partition 24	3554,3555,3563
Partition 25	3539,3556,3562
Partition 26	3611
Partition 29	3610
Partition 31	3538
Partition 33	3565
Partition 34	3526
Partition 36	3606
Partition 39	3540
Partition 41	3568
Partition 43	3535
Partition 44	3523
Partition 45	3584
Partition 46	3537
Partition 47	3524
Partition 49	3553
Partition 50	3521
path	6
T	10
cut	75
Partition 0	3559,3560
Partition 1	3591,3592
Partition 2	3553,3521
Partition 3	3549,3550
Partition 4	3570,3571,3619,3620
Partition 5	3546,3621,3622,3623
Partition 6	3557,3558
Partition 7	3607,3618,3616,3617
Partition 8	3612,3613,3614,3615
Partition 9	3593,3609,3610,3608,3525
Partition 10	3598,3599
Partition 11	3526,3547,3548,3602,3603
Partition 12	3596,3594,3595
Partition 14	3575,3576,3582,3585,3586
Partition 15	3533,3580,3581,3578,3579
Partition 16	3536,3535,3543,3542
Partition 17	3597,3583,3520
Partition 18	3528,3529,3545,3544
Partition 19	3522,3600,3601
Partition 20	3527,3555,3552,3573,3572
Partition 21	3587,3589,3590
Partition 22	3564,3566,3567
Partition 23	3531,3588
Partition 24	3563,3568,3569
Partition 25	3539,3556
Partition 29	3611
Partition 31	3561
Partition 32	3532,3534,3554,3523,3584
Partition 33	3538,3565
Partition 36	3604
Partition 39	3562
Partition 40	3540,3541
Partition 44	3577
Partition 46	3606
Partition 47	3574
Partition 49	3605
Partition 53	3530
Partition 54	3537
Partition 57	3524
Partition 60	3551
path	7
T	15
cut	73
Partition 0	3559,3560,3521
Partition 1	3600,3601,3602
Partition 2	3553
Partition 3	3575,3576,3549,3550,3524
Partition 4	3619,3620,3592
Partition 5	3546,3621,3622,3623
Partition 6	3557,3558
Partition 7	3607,3618,3616,3617
Partition 8	3612,3613,3614,3615
Partition 9	3593,3609,3608,3525,3598
Partition 10	3610,3611
Partition 11	3605,3604,3603,3606
Partition 12	3596,3594,3595,3574
Partition 13	3532,3534
Partition 14	3582,3585,3586,3587,3589
Partition 15	3533,3580,3581,3578,3579
Partition 16	3536,3535,3543,3542
Partition 17	3597,3583,3520
Partition 18	3528,3529,3545,3544
Partition 19	3522
Partition 20	3573,3572
Partition 21	3588,3591,3590
Partition 22	3564,3547,3548,3566,3567
Partition 23	3538,3565
Partition 24	3554,3555,3563,3523,3568,3569
Partition 25	3540,3539,3556
Partition 28	3570
Partition 29	3577
Partition 30	3541,3537
Partition 33	3530,3531
Partition 37	3526
Partition 39	3571
Partition 40	3584
Partition 44	3527
Partition 47	3599
Partition 51	3562,3561
Partition 52	3551
Partition 53	3552
path	8
T	11
cut	70
Partition 0	3559,3560,3561
Partition 1	3552,3601,3526,3547,3551,3602
Partition 2	3553,3570,3569
Partition 3	3549,3550,3588
Partition 4	3571,3619,3620,3591,3592
Partition 5	3546,3621,3622,3623
Partition 6	3557,3558
Partition 7	3607,3618,3616,3617
Partition 8	3612,3613,3614,3615
Partition 9	3593,3609,3608,3525
Partition 10	3598,3599
Partition 11	3605,3604,3603,3606
Partition 12	3596,3594,3595,3574
Partition 13	3584
Partition 14	3582,3585,3586,3587
Partition 15	3533,3580,3581,3578,3579
Partition 16	3536,3535,3543,3542
Partition 17	3597,3583,3520
Partition 18	3528,3529,3545,3544
Partition 19	3522,3600
Partition 20	3573,3572
Partition 21	3575,3576,3577,3589,3590
Partition 22	3564,3548,3566,3567
Partition 23	3531,3565
Partition 24	3554,3555,3563,3523,3562,3568
Partition 25	3540,3539,3556
Partition 27	3532
Partition 28	3541,3537
Partition 29	3538
Partition 31	3527
Partition 32	3521
Partition 33	3611
Partition 34	3610
Partition 35	3524
Partition 36	3534
Partition 38	3530
