path	1
T	9
cut	43
Partition 0	7500,7536,7537
Partition 1	7502,7503,7501
Partition 2	7532,7533,7530,7531
Partition 3	7534,7551,7552
Partition 4	7518,7497
Partition 5	7557,7558
Partition 6	7529,7553,7554,7559
Partition 7	7555,7556,7550
Partition 8	7542,7549
Partition 9	7491,7514,7546,7547,7513
Partition 10	7494,7543
Partition 11	7540,7541,7539
Partition 12	7493
Partition 13	7507,7509,7510
Partition 14	7506,7511,7505,7512
Partition 15	7525,7496,7526
Partition 16	7544,7545,7499,7495,7498,7508
Partition 17	7523,7524
Partition 18	7522,7527,7528
Partition 19	7538,7535
Partition 20	7520,7521,7515,7519,7516,7517
Partition 22	7492
Partition 23	7490
Partition 25	7548
Partition 26	7504
path	2
T	10
cut	41
Partition 0	7504
Partition 1	7502,7503,7501
Partition 2	7532,7533,7530,7500,7531,7548
Partition 3	7534,7551,7552
Partition 4	7536,7537,7538,7535
Partition 5	7557,7558
Partition 6	7529,7553,7554,7559
Partition 7	7555,7556,7550
Partition 8	7542,7549
Partition 9	7491,7514,7546,7547,7513
Partition 10	7494,7543
Partition 11	7499,7515,7516,7492,7539,7493
Partition 13	7508,7507,7509,7510
Partition 14	7506,7511,7505,7512
Partition 15	7525,7496,7526
Partition 16	7498
Partition 17	7544,7545,7495
Partition 18	7522,7527,7528
Partition 19	7490,7518,7497
Partition 20	7520,7521,7519,7517
Partition 21	7541
Partition 22	7523,7524
Partition 24	7540
path	3
T	8
cut	41
Partition 0	7500
Partition 1	7504,7502,7503,7501
Partition 2	7532,7533,7490,7530,7531,7548
Partition 3	7534,7551,7552
Partition 4	7536,7537,7538
Partition 5	7545,7557,7558
Partition 6	7529,7553,7554,7559
Partition 7	7555,7556,7550
Partition 8	7542,7549
Partition 9	7491,7514,7546,7547,7513
Partition 10	7494,7543,7544
Partition 11	7540,7541,7492,7539
Partition 12	7516
Partition 13	7507,7509,7510
Partition 14	7506,7511,7505,7512
Partition 15	7524,7525,7496,7526
Partition 17	7499,7495,7498,7508
Partition 18	7522,7527,7528
Partition 19	7518,7535,7497
Partition 20	7520,7521,7519,7517
Partition 21	7523
Partition 23	7515
Partition 24	7493
path	4
T	11
cut	44
Partition 0	7504
Partition 1	7502,7501
Partition 2	7532,7533,7530,7499,7500,7531
Partition 3	7534,7551,7552
Partition 4	7536,7537,7538
Partition 5	7557,7558
Partition 6	7529,7553,7554,7559
Partition 7	7555,7556,7550
Partition 8	7548
Partition 9	7491,7514,7546,7547,7513
Partition 10	7494,7543
Partition 11	7540,7541,7492,7539
Partition 12	7515,7516,7493,7535
Partition 13	7507,7509,7510
Partition 14	7506,7511,7505,7512
Partition 15	7525,7496,7526
Partition 16	7498
Partition 17	7523,7524,7544,7545,7495
Partition 18	7522,7527,7528
Partition 19	7490,7518,7497
Partition 20	7520,7521,7519
Partition 22	7517
Partition 23	7542
Partition 24	7549
Partition 25	7508
Partition 27	7503
path	5
T	9
cut	41
Partition 0	7504
Partition 1	7502,7503,7501
Partition 2	7532,7533,7530,7531
Partition 3	7534,7551,7552
Partition 4	7500,7536,7537,7538
Partition 5	7557,7558
Partition 6	7529,7553,7554,7559
Partition 7	7555,7556,7550
Partition 8	7548,7549
Partition 9	7491,7514,7546,7547,7513
Partition 10	7494,7540,7543
Partition 11	7492,7539
Partition 13	7507,7509,7510
Partition 14	7506,7511,7505,7512
Partition 15	7525,7496,7526
Partition 16	7499,7495,7498,7508
Partition 17	7523,7524,7544,7545,7493,7535
Partition 18	7522,7527,7528
Partition 19	7490,7518,7497
Partition 20	7520,7521,7519,7517
Partition 22	7541,7515,7516,7542
