path	1
T	8
cut	36
Partition 0	1718,1719,1716,1715,1717
Partition 1	1677,1679,1680,1681
Partition 2	1678,1665
Partition 3	1687,1688
Partition 4	1672,1673,1674
Partition 5	1694,1693,1692
Partition 6	1703,1704,1713,1663,1714
Partition 7	1710,1711,1712
Partition 8	1676,1683,1696,1666,1709
Partition 9	1670,1671,1700,1706,1699
Partition 10	1697,1698
Partition 11	1708,1668,1669,1695,1664
Partition 12	1705
Partition 14	1702
Partition 15	1701
Partition 16	1662
Partition 17	1682,1685,1689,1690
Partition 19	1684
Partition 20	1686,1667
Partition 21	1675
Partition 22	1691
Partition 23	1707
path	2
T	8
cut	36
Partition 0	1718,1719,1716,1715,1717
Partition 1	1677,1679,1680,1681
Partition 2	1678,1665
Partition 4	1673,1675,1674
Partition 5	1694,1693,1692
Partition 6	1703,1663,1672
Partition 7	1704,1713,1711,1712,1714
Partition 8	1696,1666,1709
Partition 9	1670,1671,1700,1706,1699
Partition 10	1697,1698
Partition 11	1708,1668,1669,1695,1664
Partition 12	1705,1702
Partition 13	1710
Partition 14	1662
Partition 15	1682,1685,1684,1688,1689
Partition 16	1701
Partition 18	1690,1691
Partition 20	1686,1667
Partition 21	1687
Partition 22	1683
Partition 23	1676
Partition 24	1707
path	3
T	11
cut	35
Partition 0	1718,1719,1716,1715,1717
Partition 1	1676,1677
Partition 2	1679,1680
Partition 3	1686,1687,1688
Partition 4	1682,1685,1710,1701,1711
Partition 5	1694,1693,1692
Partition 6	1703,1663,1672
Partition 7	1704,1708,1713,1712,1714
Partition 8	1696,1666,1709
Partition 10	1695,1667
Partition 11	1668,1669,1664
Partition 13	1705
Partition 16	1675,1674
Partition 19	1689,1690,1681,1691
Partition 20	1683,1684
Partition 21	1673
Partition 22	1662,1670,1671,1700,1699
Partition 23	1702
Partition 25	1678,1706,1665,1707
Partition 27	1697,1698
path	4
T	10
cut	36
Partition 0	1718,1719,1716,1715,1717
Partition 1	1676,1677
Partition 2	1679,1678,1680
Partition 3	1687,1688
Partition 4	1672,1673,1674
Partition 5	1694,1693,1692
Partition 6	1703,1704,1713,1663,1714
Partition 7	1710,1711,1712
Partition 8	1701,1702
Partition 9	1670,1671,1700,1706,1699
Partition 10	1697,1698
Partition 11	1668,1664
Partition 12	1705
Partition 14	1696,1666,1709
Partition 15	1685,1689,1690,1681,1691
Partition 16	1684
Partition 18	1662,1682
Partition 19	1708
Partition 21	1686,1669,1695,1667
Partition 23	1675
Partition 24	1683,1665
Partition 25	1707
path	5
T	13
cut	34
Partition 0	1718,1719,1716,1715,1717
Partition 1	1677,1679,1680
Partition 2	1676,1683,1678,1665,1707
Partition 3	1690,1691
Partition 4	1663,1672,1673,1674
Partition 5	1694,1693,1692
Partition 6	1703,1704,1713,1714
Partition 7	1710,1711,1712
Partition 8	1696,1666,1709
Partition 9	1700,1699
Partition 10	1697,1698
Partition 11	1670,1671,1668,1669,1664
Partition 13	1705,1702
Partition 14	1662,1682,1685,1684,1689
Partition 15	1701
Partition 16	1675
Partition 17	1681
Partition 18	1686,1687,1688,1708,1667
Partition 19	1706
Partition 20	1695
