path	1
T	11
cut	36
Partition 0	3572,3573,3578
Partition 1	3540,3525,3579
Partition 2	3535,3533,3534,3522
Partition 3	3543,3541,3542
Partition 4	3537,3538,3539
Partition 5	3587,3588
Partition 6	3544,3532,3546,3545
Partition 7	3580,3581,3582,3528
Partition 8	3583,3584
Partition 9	3520,3571,3585,3586
Partition 10	3547,3548,3549,3550,3551,3523,3570
Partition 12	3568,3567,3569
Partition 13	3554,3559,3560
Partition 14	3556,3557,3558,3555
Partition 15	3524,3552,3553
Partition 16	3565
Partition 17	3561,3563,3564,3562
Partition 18	3529,3530,3527,3531
Partition 19	3536,3526
Partition 20	3575,3576,3577,3521,3574
Partition 21	3566
path	2
T	8
cut	38
Partition 0	3572,3573,3578
Partition 1	3540,3525,3579
Partition 2	3535,3533,3534
Partition 3	3543,3541,3542
Partition 4	3537,3538,3539
Partition 5	3587,3588
Partition 6	3544,3532,3546,3545
Partition 7	3580,3581,3582,3528
Partition 8	3583,3584
Partition 9	3520,3571,3585,3586
Partition 10	3548,3549,3550,3523
Partition 11	3551,3570
Partition 12	3568,3567,3569
Partition 13	3554,3559,3560,3522
Partition 14	3521,3556,3557,3558,3555
Partition 15	3524,3552,3553
Partition 16	3561
Partition 17	3563,3566,3536,3526,3564,3562
Partition 18	3529,3530,3531
Partition 19	3565
Partition 20	3575,3576,3577,3574
Partition 23	3527
Partition 24	3547
path	3
T	11
cut	41
Partition 0	3572,3573,3522
Partition 1	3578,3525,3579
Partition 2	3535,3543,3533,3534
Partition 3	3540,3541,3542
Partition 4	3537,3538,3539
Partition 5	3587,3588
Partition 6	3544,3532,3546,3545
Partition 7	3580,3581,3582,3528
Partition 8	3583,3584
Partition 9	3520,3571,3585,3586
Partition 10	3548,3549,3550,3523,3527,3536
Partition 11	3551,3570
Partition 12	3568,3567,3569
Partition 13	3560
Partition 14	3556,3557,3558,3555
Partition 15	3524,3552,3553
Partition 16	3561
Partition 17	3563,3562
Partition 18	3529,3530,3531
Partition 20	3575,3576,3577,3574
Partition 21	3564
Partition 22	3521,3565,3566
Partition 24	3547
Partition 25	3559
Partition 26	3554
Partition 27	3526
path	4
T	8
cut	42
Partition 0	3572,3573,3578
Partition 1	3540,3525,3579
Partition 2	3535,3533,3534
Partition 3	3539,3541,3542
Partition 4	3538,3536
Partition 5	3587,3588
Partition 6	3543,3544,3532,3546,3545
Partition 7	3580,3581,3582,3528
Partition 8	3583,3584
Partition 9	3520,3571,3585,3586
Partition 10	3548,3549,3550
Partition 11	3570
Partition 12	3568,3567,3569
Partition 13	3554,3559,3560
Partition 14	3556,3557,3555
Partition 15	3524,3552,3553
Partition 16	3558
Partition 17	3565,3566
Partition 18	3529,3530,3531
Partition 19	3523,3527
Partition 20	3561,3575,3576,3577,3521,3574
Partition 21	3551
Partition 22	3547
Partition 24	3522
Partition 26	3563,3564,3562
Partition 27	3537
Partition 28	3526
path	5
T	9
cut	39
Partition 0	3572,3573,3578
Partition 1	3540,3525,3579
Partition 2	3539,3535,3533,3534,3522
Partition 3	3543,3541,3542
Partition 4	3537,3538,3523,3536
Partition 5	3587,3588
Partition 6	3544,3532,3546,3545
Partition 7	3580,3581,3582,3527,3528
Partition 8	3583,3584
Partition 9	3520,3571,3585,3586
Partition 10	3548,3550
Partition 11	3547
Partition 12	3568,3567,3569
Partition 13	3554,3559,3560
Partition 14	3521,3556,3557,3558,3555
Partition 15	3524,3552
Partition 16	3553,3565
Partition 17	3561,3563,3562
Partition 18	3529,3530,3531
Partition 19	3526,3564
Partition 20	3575,3576,3577,3574
Partition 21	3549
Partition 22	3551,3570
Partition 23	3566
path	6
T	8
cut	39
Partition 0	3572,3573,3578
Partition 1	3540,3525,3579
Partition 2	3535,3533,3534
Partition 3	3543,3541,3542
Partition 4	3537,3538,3539,3536
Partition 5	3587,3588
Partition 6	3544,3532,3546,3545
Partition 7	3580,3581,3582,3528
Partition 8	3583,3584
Partition 9	3520,3571,3585,3586
Partition 10	3548,3549,3550,3523
Partition 11	3551,3570
Partition 12	3566,3568,3567,3569
Partition 13	3554,3559,3560
Partition 14	3556,3557,3558,3555
Partition 15	3524,3552,3553
Partition 16	3561,3521
Partition 17	3563,3526,3564,3562
Partition 18	3529,3530,3531
Partition 19	3565
Partition 20	3575,3576,3577,3574
Partition 23	3527
Partition 24	3547
Partition 28	3522
path	7
T	8
cut	41
Partition 0	3572,3573,3522
Partition 1	3578,3525,3579
Partition 2	3535,3543,3533,3534
Partition 3	3540,3541,3542
Partition 4	3537,3538,3539,3536
Partition 5	3587,3588
Partition 6	3544,3532,3546,3545
Partition 7	3580,3581,3582,3527,3528
Partition 8	3583,3584
Partition 9	3520,3571,3585,3586
Partition 10	3548,3549,3550,3523
Partition 11	3551,3570
Partition 12	3568,3567,3569
Partition 13	3560
Partition 14	3561,3521,3556,3557,3558,3555
Partition 15	3524,3552,3553
Partition 16	3565
Partition 17	3563,3562
Partition 18	3529,3530,3531
Partition 20	3575,3576,3577,3574
Partition 21	3564
Partition 22	3566
Partition 24	3547
Partition 25	3559
Partition 26	3554
Partition 27	3526
