cut	62
Partition 0	3538,3540
Partition 1	3541,3535
Partition 2	3558,3543
Partition 3	3533,3542,3532
Partition 4	3523,3539
Partition 5	3530,3529,3531
Partition 6	3561,3560
Partition 7	3562,3563,3564
Partition 8	3586,3587
Partition 9	3588,3589
Partition 10	3537,3536
Partition 11	3527,3528,3567
Partition 12	3559,3599,3600
Partition 13	3521,3598
Partition 14	3602,3601
Partition 15	3565,3566,3571
Partition 16	3568,3569,3570
Partition 17	3573,3522
Partition 18	3572,3546,3547
Partition 19	3544,3545
Partition 20	3555,3553,3554
Partition 21	3582,3581
Partition 22	3574,3575
Partition 23	3597,3596
Partition 24	3585,3584,3595
Partition 25	3525,3534
Partition 26	3524,3578,3548
Partition 27	3549,3583
Partition 28	3550,3551,3552
Partition 29	3590,3591,3592
Partition 30	3526,3593,3594
Partition 31	3579,3580
Partition 32	3576,3577
Partition 33	3556,3520,3557
