cut	55
Partition 0	3522,3527,3555
Partition 1	3540,3541,3548
Partition 2	3536,3537,3538
Partition 3	3549,3551,3550
Partition 4	3528,3535,3552
Partition 5	3532,3530,3533,3534
Partition 6	3566,3567,3568
Partition 7	3561,3562,3563
Partition 8	3564,3569,3570
Partition 9	3596,3553,3597
Partition 10	3599,3576,3598
Partition 11	3575,3574,3520
Partition 12	3556,3573,3557
Partition 13	3565,3521,3539
Partition 14	3525,3554,3523
Partition 15	3590,3591,3592
Partition 16	3589,3587,3588
Partition 17	3585,3595,3594,3593
Partition 18	3586,3531,3524
Partition 19	3579,3578,3577
Partition 20	3580,3583,3584,3582
Partition 21	3543,3544,3547
Partition 22	3558,3559,3560
Partition 23	3542,3545,3546
Partition 24	3526,3572,3571,3529,3581
