path	1
T	3
cut	9
Partition 0	804,805,800,814,796
Partition 1	806,799,807,808,797,812
Partition 2	798,801,811
Partition 3	802,803,810,813
Partition 4	818,809,815,816,817
path	2
T	3
cut	9
Partition 0	804,805,800,814,796
Partition 1	806,799,807,808
Partition 2	798,801,811
Partition 3	802,803,810,813,797,812
Partition 4	818,809,815,816,817
path	3
T	4
cut	10
Partition 0	804,805,800,814,796,810
Partition 1	806,807,808,809
Partition 2	797,812,811,799,813
Partition 3	802,803,801,798
Partition 4	818,815,816,817
path	4
T	3
cut	9
Partition 0	804,805,800,814,796
Partition 1	806,799,807,808,797,812
Partition 2	798,801,811
Partition 3	802,803,810,813
Partition 4	818,809,815,816,817
path	5
T	4
cut	10
Partition 0	804,805,800,814,796
Partition 1	806,799,807,797
Partition 2	812,798,801,811,808
Partition 3	802,803,810,813
Partition 4	818,809,815,816,817
path	6
T	3
cut	9
Partition 0	804,805,800,814,796
Partition 1	806,799,807,808,797,813,812
Partition 2	798,801,811
Partition 3	802,803,810
Partition 4	818,809,815,816,817
path	7
T	3
cut	9
Partition 0	804,805,800,814,796
Partition 1	806,799,807,808,797,812
Partition 2	798,801,811
Partition 3	802,803,810,813
Partition 4	818,809,815,816,817
path	8
T	3
cut	9
Partition 0	804,805,800,814,796
Partition 1	806,799,807,808,797,812
Partition 2	798,801,811
Partition 3	802,803,810,813
Partition 4	818,809,815,816,817
path	9
T	4
cut	10
Partition 0	804,805,800,814,796
Partition 1	806,799,807,808,798,797
Partition 2	812,801,811
Partition 3	802,803,810,813
Partition 4	818,809,815,816,817
path	10
T	3
cut	10
Partition 0	804,805,800,814,796
Partition 1	806,799,807,808,797,812,802
Partition 2	798,801,811
Partition 3	803,810,813
Partition 4	818,809,815,816,817
