path	1
T	19
cut	55
Partition 0	3565,3566,3567,3587,3521,3526,3581
Partition 1	3590,3591,3563,3592,3564
Partition 2	3561,3562
Partition 3	3585,3595,3596,3553,3597
Partition 4	3576,3520,3599,3598
Partition 5	3593,3594
Partition 7	3534,3535,3552
Partition 8	3532,3533,3530
Partition 9	3550,3551
Partition 10	3536,3537,3538,3527,3528
Partition 11	3540,3541,3548,3549
Partition 12	3531,3577,3578,3524,3557
Partition 13	3525,3554,3523
Partition 14	3569
Partition 16	3579,3584
Partition 17	3580,3583,3586,3589,3588,3582
Partition 19	3558,3559,3560
Partition 20	3543,3544
Partition 22	3547,3542,3545,3546
Partition 23	3573,3570,3575,3574
Partition 25	3568
Partition 26	3539
Partition 29	3556
Partition 31	3555
Partition 34	3522
Partition 37	3572,3571
Partition 38	3529
path	2
T	15
cut	56
Partition 0	3565,3566
Partition 2	3562,3563,3568,3564
Partition 3	3596,3553,3597,3552
Partition 4	3576,3520,3599,3598
Partition 5	3570,3575,3574
Partition 6	3561,3522
Partition 7	3528,3535
Partition 8	3532,3533,3534,3530
Partition 9	3548,3549,3550,3551
Partition 10	3536,3537,3538
Partition 11	3540,3541,3539
Partition 12	3577,3587,3588
Partition 13	3554,3556
Partition 14	3525,3590,3591
Partition 15	3592,3593,3594
Partition 16	3585,3595
Partition 17	3583,3584,3582
Partition 18	3543,3544
Partition 19	3558,3559,3560,3571
Partition 20	3527,3567,3529,3526,3581
Partition 21	3579,3578
Partition 22	3547,3545,3546
Partition 23	3542,3572,3573,3524,3557
Partition 28	3521
Partition 29	3569
Partition 30	3555
Partition 31	3523
Partition 32	3580,3586,3531,3589
path	3
T	13
cut	55
Partition 0	3566,3567,3568,3569
Partition 1	3562,3563,3564
Partition 2	3591
Partition 3	3551
Partition 4	3576,3520,3599,3598
Partition 6	3561,3522,3527
Partition 7	3596,3553,3597,3552
Partition 8	3555,3531,3532,3529,3530
Partition 9	3550
Partition 10	3536,3537,3538
Partition 11	3540,3541,3539,3548,3549
Partition 12	3543,3544,3579,3528,3587,3588,3521
Partition 13	3554,3523
Partition 14	3525,3590
Partition 15	3586,3589,3592,3593
Partition 16	3584,3585,3595
Partition 17	3533,3534,3535
Partition 18	3558,3559,3560
Partition 19	3542,3572,3573,3571,3570,3575,3574
Partition 22	3547,3545,3546
Partition 23	3580,3556,3583,3577,3524,3557
Partition 26	3594
Partition 30	3578
Partition 31	3565
Partition 33	3526,3581,3582
path	4
T	14
cut	58
Partition 0	3566,3567,3568
Partition 1	3562,3563,3564
Partition 2	3591
Partition 3	3596,3553,3597
Partition 4	3576,3520,3599,3598
Partition 5	3575,3574
Partition 6	3561,3522
Partition 7	3528,3535
Partition 8	3555,3532,3533,3530
Partition 9	3552,3550,3551
Partition 10	3536,3537,3538
Partition 11	3540,3541,3548,3549
Partition 12	3587,3588
Partition 13	3554,3556,3523
Partition 14	3525,3590
Partition 15	3589,3592,3569,3570,3593,3594
Partition 16	3584,3585,3595
Partition 17	3580,3586,3531
Partition 18	3543
Partition 19	3544,3547,3558,3559,3545,3546
Partition 20	3527,3529,3526,3581
Partition 21	3579,3577,3578
Partition 23	3542,3572,3573,3524,3557
Partition 24	3539
Partition 25	3565,3560,3521
Partition 30	3534
Partition 32	3571
Partition 34	3582
Partition 35	3583
path	5
T	17
cut	59
Partition 0	3565
Partition 1	3562,3563,3568,3564
Partition 2	3590,3591
Partition 3	3596,3553,3597
Partition 4	3576,3520,3599,3598
Partition 5	3569,3570,3575,3574
Partition 6	3561,3522,3527
Partition 7	3528,3535,3521
Partition 8	3532,3533,3534,3530
Partition 9	3552,3550,3551
Partition 10	3536,3537,3538
Partition 11	3540,3541,3548,3549
Partition 12	3587,3588
Partition 13	3525,3554,3556,3523,3539
Partition 15	3589,3593,3594
Partition 16	3584,3585,3595
Partition 17	3580,3586
Partition 18	3543,3544,3566,3558,3567,3529,3526
Partition 19	3559,3560
Partition 20	3581
Partition 21	3579,3577,3578
Partition 22	3547,3545,3546
Partition 23	3542,3572
Partition 27	3531
Partition 28	3555
Partition 29	3583,3582
Partition 31	3571
Partition 32	3592
Partition 33	3557
Partition 34	3524
Partition 35	3573
path	6
T	13
cut	57
Partition 0	3565,3566,3567,3526,3581
Partition 1	3590,3591,3563,3592,3564
Partition 2	3561,3562
Partition 3	3585,3595,3596,3553,3597
Partition 4	3576,3520,3599,3598
Partition 5	3593,3594
Partition 7	3528,3534,3535
Partition 8	3532,3533,3530
Partition 9	3550,3551
Partition 10	3536,3537,3538,3527
Partition 11	3540,3541,3548,3549
Partition 12	3531,3577,3578,3524,3557
Partition 13	3554,3523
Partition 14	3569
Partition 16	3579,3584
Partition 17	3580,3583,3586,3589,3587,3588,3582
Partition 19	3558,3559,3560
Partition 20	3543,3544
Partition 22	3547,3542,3545,3546
Partition 23	3573,3570,3575,3574
Partition 25	3568
Partition 26	3539,3521
Partition 29	3556
Partition 31	3555
Partition 34	3522
Partition 37	3572,3571
Partition 38	3529
Partition 40	3525
Partition 42	3552
path	7
T	11
cut	57
Partition 0	3565,3566,3521
Partition 2	3562,3563,3568,3564
Partition 3	3596,3553,3597,3552
Partition 4	3576,3520,3599,3598
Partition 5	3570,3575,3574
Partition 6	3561,3522
Partition 7	3528,3535
Partition 8	3532,3533,3534,3530
Partition 9	3548,3549,3550,3551
Partition 10	3536,3537,3538
Partition 11	3540,3541,3539
Partition 12	3577,3587,3588
Partition 13	3556,3557
Partition 14	3525,3554,3580,3590,3591
Partition 15	3592,3593,3594
Partition 16	3585,3595
Partition 17	3583,3584,3582
Partition 18	3543,3544
Partition 19	3558,3559,3560
Partition 20	3527,3567,3529,3526,3581
Partition 21	3579,3578
Partition 22	3547,3545,3546
Partition 23	3542,3572,3573
Partition 29	3569
Partition 30	3555
Partition 31	3523
Partition 32	3586,3589
Partition 33	3571
Partition 35	3531,3524
path	8
T	12
cut	57
Partition 0	3566,3567,3568,3569
Partition 1	3563,3564
Partition 2	3591
Partition 3	3551
Partition 4	3576,3520,3599,3598
Partition 6	3561,3562,3522
Partition 7	3596,3553,3597,3552
Partition 8	3555,3531,3532,3529,3530
Partition 10	3536,3537,3538
Partition 11	3541,3548,3549,3550
Partition 12	3543,3544,3579,3528,3587,3588,3521
Partition 13	3554,3523
Partition 14	3525,3590
Partition 15	3586,3589,3592,3593
Partition 16	3584,3585,3595
Partition 17	3533,3534,3535
Partition 18	3558,3559,3560
Partition 19	3542,3572,3573,3571,3570,3575,3574
Partition 22	3547,3545,3546
Partition 23	3580,3556,3583,3577,3524,3557
Partition 26	3594
Partition 30	3578
Partition 31	3565
Partition 33	3526,3581,3582
Partition 37	3527
Partition 39	3539
Partition 40	3540
path	9
T	13
cut	56
Partition 0	3566,3567,3568
Partition 1	3562,3563,3592,3564
Partition 2	3591
Partition 3	3596,3553,3597
Partition 4	3576,3520,3599,3598
Partition 5	3577
Partition 6	3561,3522
Partition 7	3528,3535
Partition 8	3532,3533,3534,3529,3530,3571,3526
Partition 9	3552,3550,3551
Partition 10	3536,3537,3538,3527
Partition 11	3540,3541,3548,3549
Partition 12	3569,3570,3575,3574
Partition 13	3554,3556,3523,3539,3524,3557
Partition 14	3525,3590
Partition 15	3589,3593,3594
Partition 16	3584,3585,3595
Partition 17	3580,3586,3531,3559,3560
Partition 18	3543
Partition 19	3544,3547,3558,3546
Partition 20	3581,3582
Partition 21	3579,3578
Partition 23	3542,3572,3587,3573,3588
Partition 24	3565,3521
Partition 35	3583
Partition 36	3545
Partition 40	3555
path	10
T	13
cut	60
Partition 0	3565
Partition 1	3562,3563,3568,3564
Partition 2	3590,3591
Partition 3	3596,3553,3597
Partition 4	3576,3520,3599,3598
Partition 5	3569,3570,3575,3574
Partition 6	3561
Partition 7	3528,3535
Partition 8	3532,3533,3534,3530
Partition 9	3552,3550,3551
Partition 10	3536,3537,3538
Partition 11	3540,3541,3548,3549
Partition 12	3587,3588,3521
Partition 13	3554,3523,3539
Partition 15	3589,3593,3594
Partition 16	3584,3585,3595
Partition 17	3525
Partition 18	3543,3544,3566,3558,3567,3529,3526
Partition 19	3559,3560
Partition 20	3581
Partition 21	3579,3577,3578
Partition 22	3547,3545,3546
Partition 23	3542,3572
Partition 28	3555
Partition 29	3580,3583,3586,3531,3582
Partition 31	3571
Partition 32	3592
Partition 33	3556,3557
Partition 34	3524
Partition 35	3573
Partition 37	3527
Partition 38	3522
