path	1
T	12
cut	42
Partition 0	3527,3528,3534
Partition 1	3535,3544,3545
Partition 2	3532,3533
Partition 3	3525,3529,3559,3530
Partition 4	3524
Partition 5	3542,3543
Partition 6	3540,3541
Partition 8	3573,3580,3581
Partition 9	3577,3578
Partition 10	3531,3539,3568,3520,3579
Partition 11	3566,3582,3583
Partition 12	3546,3584,3585
Partition 13	3526,3547,3549
Partition 14	3551,3552,3553,3522,3536,3537,3550
Partition 15	3554,3565
Partition 16	3560,3561
Partition 17	3562,3563,3564
Partition 18	3556,3557,3558,3548,3555,3523
Partition 19	3569
Partition 20	3574,3575,3576
Partition 21	3567,3521
Partition 23	3571
Partition 26	3572,3570
Partition 27	3538
path	2
T	7
cut	43
Partition 0	3527,3528,3534
Partition 1	3535,3544,3545
Partition 2	3532,3533
Partition 3	3529,3530
Partition 4	3540,3571,3541,3525,3559
Partition 5	3543,3539
Partition 6	3531,3524,3568,3520
Partition 7	3522,3536,3538
Partition 8	3573,3580,3581,3579
Partition 9	3577,3578
Partition 11	3566,3582,3583
Partition 12	3546,3584,3585
Partition 13	3526,3547,3549
Partition 14	3551
Partition 15	3552,3553,3550,3554,3565
Partition 16	3560,3561
Partition 17	3562,3563,3564
Partition 18	3556,3557,3558,3555
Partition 19	3548,3523
Partition 20	3574,3575,3576
Partition 21	3567,3521
Partition 24	3537
Partition 25	3542
Partition 26	3569,3570
Partition 30	3572
path	3
T	11
cut	43
Partition 0	3527,3528,3534
Partition 1	3535,3544,3545
Partition 2	3532,3533
Partition 3	3529,3530
Partition 4	3571
Partition 5	3531,3543,3538,3539,3520,3579
Partition 6	3540,3541
Partition 7	3522,3536
Partition 8	3573,3580,3581
Partition 9	3524
Partition 10	3568
Partition 11	3566,3582,3583
Partition 12	3546,3584,3585
Partition 13	3526,3542,3547,3549
Partition 14	3551,3552
Partition 15	3554,3565
Partition 16	3560,3561,3559
Partition 17	3562,3563,3564
Partition 18	3556,3557,3558,3555
Partition 19	3548,3523,3570
Partition 20	3574,3575,3537,3576,3577,3578,3521
Partition 21	3525,3567,3569
Partition 23	3550
Partition 24	3553
Partition 27	3572
path	4
T	7
cut	43
Partition 0	3527,3528,3534,3535,3545
Partition 1	3542,3543,3544
Partition 2	3532,3533
Partition 3	3530
Partition 5	3551,3537,3577
Partition 6	3538,3539
Partition 7	3522,3536
Partition 8	3573,3580,3581
Partition 9	3578,3579
Partition 10	3531,3548,3559,3524,3568,3520,3523
Partition 11	3566,3582,3583
Partition 12	3546,3584,3585
Partition 13	3526,3547,3549
Partition 14	3552,3553,3550
Partition 15	3565
Partition 16	3560,3561
Partition 17	3562,3563,3564
Partition 18	3556,3557,3558,3555
Partition 19	3569,3570
Partition 20	3574,3575,3576
Partition 21	3525,3529,3567,3521
Partition 23	3554
Partition 27	3571,3572
Partition 28	3540,3541
path	5
T	8
cut	43
Partition 0	3527,3528,3534
Partition 1	3535,3544,3545
Partition 2	3532,3533
Partition 3	3541,3525,3529,3567,3530
Partition 4	3559
Partition 5	3543,3538,3539
Partition 6	3522,3540
Partition 7	3537
Partition 8	3573,3580,3581,3579
Partition 9	3536
Partition 10	3531,3520
Partition 11	3566,3582,3583
Partition 12	3546,3584,3585
Partition 13	3526,3547,3549
Partition 14	3551,3552,3553
Partition 15	3554,3565
Partition 16	3560,3561
Partition 17	3562,3563,3564
Partition 18	3556,3557,3558,3555
Partition 19	3548,3523,3570
Partition 20	3574,3575,3576,3577,3524,3578,3521
Partition 21	3569,3568
Partition 23	3542
Partition 24	3550
Partition 25	3571,3572
path	6
T	9
cut	40
Partition 0	3527,3528,3534
Partition 1	3535,3544,3545
Partition 2	3531,3532,3533
Partition 3	3529,3530
Partition 4	3524
Partition 5	3542,3543
Partition 6	3522,3536,3540,3571,3541,3525
Partition 8	3573,3580,3581,3579
Partition 9	3577,3578
Partition 10	3569,3568
Partition 11	3566,3582,3583
Partition 12	3546,3584,3585
Partition 13	3526,3547,3549
Partition 14	3551,3552,3553,3537,3550
Partition 15	3554,3565
Partition 16	3560,3561,3559
Partition 17	3562,3563,3564
Partition 18	3556,3557,3558,3548,3555,3523
Partition 20	3574,3575,3576
Partition 21	3567,3521
Partition 26	3572,3570
Partition 27	3538,3539,3520
path	7
T	6
cut	45
Partition 0	3527,3528,3534
Partition 1	3535,3544,3545
Partition 2	3532,3533
Partition 3	3529,3530
Partition 4	3540,3541
Partition 5	3543,3539
Partition 6	3531,3520
Partition 7	3522,3536,3538
Partition 8	3573,3580,3581,3579
Partition 9	3577,3578
Partition 11	3566,3582,3583
Partition 12	3546,3584,3585
Partition 13	3526,3547,3549
Partition 14	3551
Partition 15	3552,3553,3550,3554,3565
Partition 16	3560,3561,3559
Partition 17	3562,3563,3564
Partition 18	3556,3557,3558,3555
Partition 19	3548,3523
Partition 20	3574,3575,3576
Partition 21	3525,3567,3521
Partition 24	3537
Partition 25	3542
Partition 26	3569,3570
Partition 30	3571,3572
Partition 32	3524
Partition 33	3568
path	8
T	14
cut	45
Partition 0	3527,3528,3534
Partition 1	3535,3544,3545
Partition 2	3532,3533
Partition 3	3541,3525,3529,3567,3530
Partition 4	3559
Partition 5	3543,3538,3539
Partition 6	3522,3540
Partition 7	3537
Partition 8	3573,3580,3581,3579
Partition 9	3536
Partition 10	3531,3520
Partition 11	3566,3582,3583
Partition 12	3546,3584,3585
Partition 13	3526,3547,3549
Partition 14	3551,3552,3553
Partition 15	3554,3565
Partition 16	3560,3561
Partition 17	3562,3563,3564
Partition 18	3556,3557,3558,3555
Partition 19	3548,3523,3570
Partition 20	3574,3575,3576,3578,3521
Partition 21	3569,3568
Partition 23	3542
Partition 24	3550
Partition 25	3571,3572
Partition 29	3577
Partition 31	3524
path	9
T	9
cut	44
Partition 0	3527,3528,3534
Partition 1	3535,3544,3545
Partition 2	3532,3533
Partition 3	3529,3530
Partition 4	3571,3572,3525
Partition 5	3543,3538,3539
Partition 6	3522,3540
Partition 7	3537
Partition 8	3573,3580,3581,3579
Partition 9	3536
Partition 10	3531,3520
Partition 11	3566,3582,3583
Partition 12	3546,3584,3585
Partition 13	3526,3547,3549
Partition 14	3551,3552,3553
Partition 15	3554,3565
Partition 16	3560,3561,3559
Partition 17	3562,3563,3564
Partition 18	3556,3557,3558,3555
Partition 19	3548,3523,3570
Partition 20	3574,3575,3576,3577,3578
Partition 21	3569,3568
Partition 23	3542,3541
Partition 24	3550
Partition 26	3524
Partition 30	3567,3521
