path	1
T	3
cut	8
Partition 0	804,808,803,796,807
Partition 1	818,799,809,817
Partition 2	810,811,816
Partition 3	797,805,800,806,798
Partition 4	813,801,802,814,815,812
path	2
T	3
cut	9
Partition 0	804,808,803,796,807,806
Partition 1	818,799,809,817,816
Partition 2	810,811,798,805
Partition 3	797,812,800
Partition 4	813,801,802,814,815
path	3
T	3
cut	8
Partition 0	804,808,803,796,807
Partition 1	818,799,809,817
Partition 2	810,811,816
Partition 3	797,805,812,800,806,798
Partition 4	813,801,802,814,815
path	4
T	3
cut	8
Partition 0	804,808,803,796,807
Partition 1	818,799,809,817
Partition 2	810,811,816
Partition 3	797,805,812,800,806,798
Partition 4	813,801,802,814,815
path	5
T	4
cut	9
Partition 0	804,808,803,807
Partition 1	818,799,809,817
Partition 2	810,811,798,796
Partition 3	797,805,812,800,806
Partition 4	813,801,802,814,815,816
path	6
T	3
cut	9
Partition 0	804,808,803,796,807
Partition 1	818,817,816
Partition 2	810,811,798
Partition 3	797,805,812,800,806,799,809
Partition 4	813,801,802,814,815
path	7
T	4
cut	8
Partition 0	804,808,803,796,807,802
Partition 1	818,799,809,817
Partition 2	810,811,798
Partition 3	797,805,812,800,806,801,813
Partition 4	814,815,816
path	8
T	4
cut	10
Partition 0	804,803,796,807
Partition 1	818,799,809,817
Partition 2	802,801,813,814
Partition 3	797,805,812,800,806,798
Partition 4	815,816,811,810,808
path	9
T	4
cut	8
Partition 0	804,808,803,796,807,802
Partition 1	818,799,809,817
Partition 2	810,811,798
Partition 3	797,805,800,806,801
Partition 4	813,814,815,816,812
path	10
T	3
cut	9
Partition 0	804,808,803,796,807,801,802
Partition 1	818,799,809,817
Partition 2	810,811,812,813
Partition 3	797,805,800,806,798
Partition 4	814,815,816
