path	1
T	9
cut	47
Partition 0	3539,3538,3534
Partition 1	3537,3535,3536
Partition 2	3527,3528,3585
Partition 3	3529,3530,3533,3524,3545
Partition 5	3588,3589
Partition 6	3520,3583,3582
Partition 7	3564,3584,3590,3563
Partition 8	3562,3560,3561
Partition 9	3543,3544,3550,3572,3525,3551
Partition 10	3587,3586
Partition 11	3578,3581,3580
Partition 12	3574,3575
Partition 13	3573,3576,3577
Partition 14	3521,3565
Partition 15	3531,3526
Partition 16	3547,3548,3546,3549
Partition 17	3570,3571,3552
Partition 18	3566,3567,3568,3540
Partition 19	3522
Partition 20	3541
Partition 21	3542,3554,3553
Partition 22	3557,3558,3555,3556
Partition 25	3532
Partition 26	3523
Partition 29	3569,3579
Partition 31	3559
path	2
T	12
cut	46
Partition 0	3539,3538,3534
Partition 1	3537,3535,3536
Partition 2	3527,3528,3585
Partition 3	3529,3530,3545
Partition 4	3533,3532
Partition 5	3588,3589
Partition 6	3520,3583,3582
Partition 7	3564,3584,3590,3563
Partition 8	3551,3562
Partition 9	3586
Partition 10	3587
Partition 11	3581,3579,3580
Partition 12	3574,3575,3578
Partition 13	3573,3576,3577,3541
Partition 15	3531,3526
Partition 16	3548,3549
Partition 17	3571,3552
Partition 18	3566,3567,3555
Partition 19	3540,3543,3524,3570,3522
Partition 20	3523,3546
Partition 21	3542,3554,3553
Partition 22	3557,3558,3559,3556,3560
Partition 24	3544,3550,3572,3525
Partition 25	3521,3547,3565,3569,3568
Partition 28	3561
path	3
T	8
cut	46
Partition 0	3528,3534
Partition 1	3539,3537,3538,3535,3536
Partition 2	3524,3527,3585
Partition 3	3529,3530
Partition 4	3533,3532
Partition 5	3588,3589
Partition 6	3520,3583,3582
Partition 7	3564,3584,3590,3563
Partition 8	3551,3562,3561
Partition 9	3544,3550
Partition 10	3587,3526,3586
Partition 11	3581,3579,3580
Partition 12	3574,3575,3578
Partition 13	3573,3576,3577
Partition 14	3565,3569,3568
Partition 15	3521,3547,3548
Partition 16	3531
Partition 17	3571,3552,3572,3525
Partition 18	3566,3567,3555
Partition 19	3541,3540,3543,3570,3522
Partition 20	3523,3546
Partition 21	3542,3554,3553
Partition 22	3557,3558,3559,3556,3560
Partition 25	3549
Partition 26	3545
path	4
T	8
cut	45
Partition 0	3528,3534
Partition 1	3537,3535,3536
Partition 2	3524,3527,3570,3585,3522
Partition 3	3529,3530,3545
Partition 4	3533,3532
Partition 5	3563
Partition 6	3520,3583,3582
Partition 7	3539,3564,3584,3538,3589,3590
Partition 8	3551,3562,3561
Partition 9	3549,3544,3550,3572,3525
Partition 10	3587,3588,3586
Partition 11	3581,3579,3580
Partition 12	3574,3575,3578
Partition 13	3576,3577
Partition 14	3565,3569,3568
Partition 15	3531,3526
Partition 16	3521,3547,3548
Partition 17	3571,3552
Partition 18	3566,3567,3555
Partition 19	3540,3543
Partition 20	3523,3546
Partition 21	3542,3554,3553
Partition 22	3557,3558,3559,3556,3560
Partition 23	3573,3541
path	5
T	11
cut	43
Partition 0	3539,3538,3534
Partition 1	3537,3535,3536
Partition 2	3527,3528,3585
Partition 3	3530,3545
Partition 4	3523,3529,3546,3533,3532
Partition 5	3588,3589
Partition 6	3520,3583,3582
Partition 7	3564,3584,3590,3563
Partition 8	3562,3561
Partition 10	3587,3526,3586,3525
Partition 11	3581,3579,3580
Partition 12	3574,3575,3578
Partition 13	3573,3576,3577,3541,3543,3544,3550
Partition 14	3565,3569,3568
Partition 15	3521
Partition 16	3547,3548,3549
Partition 17	3571,3552,3572
Partition 18	3566,3567,3540,3570,3522,3555
Partition 21	3542,3554,3553
Partition 22	3557,3558,3559,3556,3560
Partition 24	3531
Partition 25	3551
Partition 29	3524
