path	1
T	3
cut	6
Partition 0	798,805,796,806,797
Partition 1	814,807,813,804,812,801,799
Partition 2	809,810,811
Partition 3	803,800,802,808
path	2
T	1
cut	4
Partition 0	799,801,798,805,796
Partition 1	814,807,806,813,804,812
Partition 2	797,808,809,810,811
Partition 3	803,800,802
path	3
T	1
cut	4
Partition 0	799,801,798,805,796
Partition 1	814,807,806,813,804,812
Partition 2	797,808,809,810,811
Partition 3	803,800,802
path	4
T	1
cut	4
Partition 0	799,801,798,805,796
Partition 1	814,807,806,813,804,812
Partition 2	797,808,809,810,811
Partition 3	803,800,802
path	5
T	1
cut	4
Partition 0	798,805,796,806
Partition 1	814,807,813,804,799,801,812
Partition 2	797,808,809,810,811
Partition 3	803,800,802
path	6
T	1
cut	4
Partition 0	799,801,798,805,796,806
Partition 1	814,807,813,812,804
Partition 2	797,808,809,810,811
Partition 3	803,800,802
path	7
T	2
cut	5
Partition 0	798,805,796,806
Partition 1	814,813,812,801,804,799
Partition 2	797,808,809,810,811,807
Partition 3	803,800,802
path	8
T	1
cut	4
Partition 0	799,801,798,805,796
Partition 1	814,807,806,813,804,812
Partition 2	797,808,809,810,811
Partition 3	803,800,802
path	9
T	1
cut	4
Partition 0	799,801,798,805,796,806
Partition 1	814,807,813,804,812
Partition 2	797,808,809,810,811
Partition 3	803,800,802
path	10
T	1
cut	4
Partition 0	799,801,798,805,796
Partition 1	814,807,806,813,804,812
Partition 2	797,808,809,810,811
Partition 3	803,800,802
