path	1
T	17
cut	66
Partition 0	3562,3572,3573,3571
Partition 1	3553,3554
Partition 2	3563,3557,3558,3559,3555,3556,3570
Partition 4	3587,3588,3589
Partition 5	3537,3538,3539,3582,3583
Partition 6	3608,3609,3610,3604,3605
Partition 7	3560,3561
Partition 8	3548,3552
Partition 9	3590,3595,3530,3528,3531,3522
Partition 10	3547,3574,3575,3618
Partition 11	3614,3616,3617,3615
Partition 12	3535,3576,3577
Partition 13	3526,3580
Partition 14	3585
Partition 15	3593,3594,3591,3592
Partition 16	3600,3601,3599,3520
Partition 17	3596,3597
Partition 19	3525,3564,3569
Partition 20	3527
Partition 21	3578,3606,3603,3607
Partition 22	3533,3532
Partition 23	3529,3541,3551,3542,3549,3543
Partition 24	3540,3536,3565,3566,3544,3523
Partition 26	3613,3550
Partition 28	3545
Partition 30	3602
Partition 31	3586,3598
Partition 32	3524
Partition 34	3534,3611,3521,3612,3546
Partition 37	3581,3584
Partition 38	3579
Partition 40	3567,3568
path	2
T	18
cut	69
Partition 0	3572,3573,3571
Partition 1	3560,3557,3558,3559
Partition 2	3563,3556
Partition 4	3582,3524,3587,3588,3589
Partition 5	3537
Partition 6	3608,3604,3605
Partition 7	3551,3549,3550
Partition 8	3548,3552
Partition 9	3534,3611,3555,3521,3612,3546
Partition 10	3547,3574,3575,3618
Partition 11	3614,3616,3617,3615
Partition 12	3554,3579,3535,3576,3577,3585
Partition 13	3581,3584,3580
Partition 14	3586,3598,3599
Partition 15	3593,3594,3591,3592
Partition 16	3600,3601,3520
Partition 17	3595,3596,3597
Partition 18	3590,3528
Partition 19	3525,3564,3569
Partition 20	3567,3568,3566
Partition 21	3578,3606,3603,3607
Partition 22	3533
Partition 23	3541,3542,3543,3544
Partition 24	3527,3602,3553,3565,3523
Partition 25	3583
Partition 29	3529
Partition 30	3613
Partition 33	3570
Partition 34	3538
Partition 35	3539
Partition 38	3530,3540,3536,3531,3532,3545
Partition 40	3526
Partition 41	3561,3562
Partition 42	3522
Partition 43	3609,3610
path	3
T	15
cut	64
Partition 0	3572,3573,3571
Partition 1	3560,3559,3561
Partition 2	3557,3558,3522,3555
Partition 3	3563,3556
Partition 4	3587,3588,3589
Partition 5	3537,3538,3539,3582,3583
Partition 6	3608,3604,3605,3613
Partition 7	3551,3549,3550
Partition 8	3548,3609,3552,3610,3611
Partition 9	3534,3546
Partition 10	3547,3574,3575,3618,3617
Partition 11	3612,3614,3615
Partition 12	3554,3579,3576,3577
Partition 13	3553,3581,3580
Partition 14	3585,3586,3598
Partition 15	3593,3594,3591,3592
Partition 16	3600,3601,3599,3520,3616
Partition 17	3595,3596,3597
Partition 18	3525,3529,3530,3531
Partition 19	3564,3569,3570
Partition 20	3567,3568,3566
Partition 21	3578,3606,3603,3607
Partition 22	3527,3533,3602,3532,3523
Partition 23	3541,3542,3543,3544
Partition 24	3540,3545
Partition 25	3584
Partition 26	3562
Partition 27	3535,3536
Partition 28	3524
Partition 29	3590,3526,3528
Partition 30	3565
Partition 31	3521
path	4
T	21
cut	66
Partition 0	3572,3573,3571
Partition 1	3560,3561
Partition 2	3557,3558,3522,3555
Partition 3	3563,3556
Partition 5	3537,3538,3539,3582,3583
Partition 6	3608,3604,3605
Partition 7	3551,3613,3549,3550
Partition 8	3548,3609,3552,3610,3611,3612
Partition 9	3534,3521
Partition 10	3546,3547,3574,3575,3618
Partition 11	3614,3616,3617,3615
Partition 12	3535,3576,3577
Partition 13	3554,3579
Partition 14	3584,3585,3586
Partition 15	3590,3595,3528,3593,3594,3591,3592
Partition 16	3600,3601,3599,3520
Partition 17	3596,3598,3597
Partition 18	3530,3531
Partition 19	3525,3564,3569
Partition 20	3567,3568
Partition 21	3602,3578,3606,3603,3607
Partition 22	3533,3532
Partition 23	3541,3542,3543,3544
Partition 24	3540,3536
Partition 26	3524,3562,3587,3588
Partition 27	3559
Partition 28	3545
Partition 29	3589
Partition 30	3570
Partition 32	3529
Partition 33	3526,3580
Partition 34	3565,3566
Partition 36	3553,3581,3523
Partition 38	3527
path	5
T	11
cut	69
Partition 0	3572,3573,3571
Partition 1	3560,3559,3561
Partition 2	3557,3558,3522,3555
Partition 3	3563,3570
Partition 4	3556,3588,3589
Partition 5	3537,3538,3582,3583,3524
Partition 6	3608,3604,3605,3613
Partition 7	3548,3551,3552,3549,3550
Partition 8	3609,3610,3611
Partition 9	3534,3521
Partition 10	3547,3574,3575,3618
Partition 11	3614,3616,3617,3615
Partition 12	3535,3576,3577
Partition 13	3553,3581,3580,3523
Partition 14	3554,3579
Partition 15	3593,3594,3591,3592
Partition 16	3600,3601,3599,3520
Partition 17	3595,3596,3597
Partition 18	3530,3531
Partition 19	3525,3564,3569
Partition 20	3567,3565,3566
Partition 21	3578,3606,3603,3607
Partition 22	3544
Partition 23	3527,3533,3541,3542,3543
Partition 24	3539,3540,3536
Partition 26	3562
Partition 27	3584
Partition 29	3585,3586,3598
Partition 30	3529
Partition 32	3568
Partition 33	3587
Partition 34	3526,3528
Partition 35	3590
Partition 36	3546,3545
Partition 38	3612
Partition 39	3532
Partition 42	3602
path	6
T	14
cut	71
Partition 0	3562,3572,3573,3571
Partition 1	3560,3559,3561
Partition 2	3563,3556
Partition 4	3587,3588,3589
Partition 5	3537
Partition 6	3608,3604,3605
Partition 7	3551,3549,3550
Partition 8	3548,3552
Partition 9	3534,3611,3555,3521,3612,3546
Partition 10	3547,3574,3575,3618
Partition 11	3614,3616,3617,3615
Partition 12	3554,3579,3576,3577
Partition 13	3581,3584,3580
Partition 14	3586,3598,3599
Partition 15	3593,3594,3591,3592
Partition 16	3600,3601,3520
Partition 17	3595,3596,3597
Partition 18	3590,3528
Partition 19	3525,3564,3569
Partition 20	3567,3568,3566
Partition 21	3578,3606,3603,3607
Partition 22	3533
Partition 23	3541,3542,3543,3544
Partition 24	3527,3602,3553,3565,3523
Partition 25	3583
Partition 29	3529
Partition 30	3613
Partition 33	3570
Partition 34	3538,3582
Partition 35	3539
Partition 38	3530,3540,3535,3536,3531,3532,3545
Partition 40	3526
Partition 41	3524
Partition 42	3522
Partition 43	3609,3610
Partition 44	3585
Partition 49	3557,3558
path	7
T	13
cut	67
Partition 0	3562,3572,3573,3571
Partition 1	3552
Partition 2	3557,3558,3522,3555
Partition 3	3563,3556
Partition 4	3587,3588,3589
Partition 5	3537,3538,3539,3582,3583
Partition 6	3608,3604,3605
Partition 7	3529
Partition 8	3548,3609,3610
Partition 9	3534,3546
Partition 10	3547,3574,3575,3618,3617
Partition 11	3612,3614,3615
Partition 12	3554,3579,3576,3577
Partition 13	3553,3581,3580
Partition 14	3585,3586,3598
Partition 15	3593,3594,3591,3592
Partition 16	3600,3601,3599,3520,3616
Partition 17	3596,3597
Partition 18	3551,3613,3549,3550
Partition 19	3564,3569,3570
Partition 20	3567,3568,3566
Partition 21	3578,3606,3603,3607,3611
Partition 22	3527,3533,3602,3590,3595,3532,3523
Partition 23	3541,3542,3543,3544
Partition 24	3540,3545
Partition 25	3584
Partition 26	3560,3559,3561
Partition 27	3535,3536,3531
Partition 28	3524
Partition 29	3530
Partition 30	3565
Partition 31	3521
Partition 34	3526,3528
Partition 35	3525
path	8
T	16
cut	69
Partition 0	3572,3573,3571
Partition 1	3560,3559,3561
Partition 2	3557,3558,3522,3555
Partition 3	3563,3570
Partition 4	3556,3588,3589
Partition 5	3537,3538,3582,3583
Partition 6	3604,3524
Partition 7	3551,3552,3549,3550
Partition 8	3608,3609,3610,3605,3613,3611
Partition 9	3534,3521
Partition 10	3547,3574,3575,3618
Partition 11	3614,3616,3617,3615
Partition 12	3535,3576,3577
Partition 13	3553,3581,3580
Partition 14	3554,3579
Partition 15	3593,3594,3591,3592
Partition 16	3600,3601,3599,3520
Partition 17	3595,3596,3597
Partition 18	3530,3531
Partition 19	3529
Partition 20	3567,3565,3566
Partition 21	3578,3606,3603,3607
Partition 22	3544
Partition 23	3541,3542,3543
Partition 24	3539,3540,3536
Partition 26	3562
Partition 27	3584
Partition 29	3585,3586,3598
Partition 32	3568
Partition 35	3590
Partition 36	3546,3545
Partition 38	3612
Partition 39	3587,3523
Partition 43	3533,3532
Partition 44	3527,3602,3526,3528
Partition 46	3525,3548
Partition 47	3564,3569
