path	1
T	11
cut	56
Partition 0	3586,3525
Partition 1	3524,3550,3578,3548,3549
Partition 2	3523,3544,3561,3562,3560
Partition 3	3577,3579,3580
Partition 4	3572,3573,3574,3575,3582
Partition 5	3521,3598,3596,3597
Partition 6	3555,3522,3553,3554
Partition 7	3551,3547,3552,3546
Partition 8	3563,3565,3564,3568,3566,3569
Partition 9	3600,3571,3601,3570
Partition 10	3526,3590
Partition 11	3559,3543,3558
Partition 12	3539,3529,3530
Partition 13	3540,3533,3541,3531,3532,3542
Partition 14	3527,3528,3538,3567,3536,3537
Partition 15	3591,3592,3593,3594,3595
Partition 16	3588,3585,3584,3583,3589
Partition 17	3545
Partition 18	3581
Partition 19	3534
Partition 22	3535
Partition 23	3587
Partition 24	3576
Partition 25	3602
Partition 27	3599
Partition 29	3557
Partition 32	3556
Partition 34	3520
path	2
T	13
cut	58
Partition 0	3548
Partition 1	3550,3549
Partition 2	3523,3544,3561,3562,3560
Partition 3	3577,3580
Partition 4	3572,3573,3574,3575,3582
Partition 5	3521,3598,3596,3597
Partition 6	3522,3553,3554
Partition 7	3551,3547,3552
Partition 8	3563,3565,3564,3566,3571,3569,3570
Partition 9	3600,3601,3602
Partition 10	3536,3557,3590,3520
Partition 11	3559,3543,3558
Partition 12	3539,3529,3530
Partition 13	3533,3532,3542
Partition 14	3527,3528,3538,3567,3537,3568
Partition 15	3585,3591,3592,3593,3594,3595
Partition 16	3588,3589
Partition 17	3599
Partition 18	3578,3579
Partition 19	3581
Partition 20	3576,3586,3587,3525
Partition 21	3545,3555
Partition 23	3526
Partition 25	3556
Partition 26	3546
Partition 27	3541
Partition 29	3540
Partition 31	3531
Partition 33	3535
Partition 34	3524,3534
Partition 35	3584,3583
path	3
T	11
cut	55
Partition 0	3586,3587,3525
Partition 1	3550,3549
Partition 2	3523,3544,3561,3576,3562,3577,3560
Partition 3	3578,3579,3580
Partition 4	3572,3573,3574,3575,3582
Partition 5	3521,3598,3596,3597
Partition 6	3555,3522,3553,3554
Partition 7	3551,3547,3552,3546
Partition 8	3565,3564,3566,3571,3570
Partition 9	3599,3600,3601,3602
Partition 10	3536,3526,3590,3520
Partition 11	3568,3569
Partition 12	3539,3529,3530
Partition 13	3533,3541,3535,3531,3532,3542
Partition 14	3527,3528,3567
Partition 15	3591,3592,3593,3594,3595
Partition 16	3588,3585,3584,3583,3589
Partition 17	3545
Partition 19	3581
Partition 26	3534
Partition 27	3559,3556,3557,3558
Partition 28	3538,3540
Partition 30	3563
Partition 33	3543
Partition 35	3537
Partition 36	3548
Partition 38	3524
path	4
T	11
cut	57
Partition 0	3586,3587,3525
Partition 1	3524,3550,3578,3548,3549,3583
Partition 2	3523,3544,3561,3545,3560
Partition 3	3577,3579,3580
Partition 4	3572,3573,3574,3575
Partition 5	3521,3598,3582,3581,3596,3597
Partition 6	3555,3522,3553,3554
Partition 7	3551,3547,3552,3546
Partition 8	3565,3564,3566,3571,3570
Partition 9	3599,3600,3601,3602
Partition 10	3536,3557,3590,3520
Partition 11	3559,3543,3558
Partition 12	3529,3530,3563
Partition 13	3533,3532,3542
Partition 14	3527,3528,3567
Partition 15	3591,3592,3593,3594,3595
Partition 16	3585,3584
Partition 17	3562
Partition 18	3539,3540
Partition 19	3569
Partition 20	3568
Partition 24	3538,3537
Partition 25	3541
Partition 26	3531
Partition 27	3535
Partition 29	3534
Partition 30	3576
Partition 31	3526
Partition 32	3556
Partition 34	3588
Partition 35	3589
path	5
T	10
cut	54
Partition 1	3550,3549
Partition 2	3523,3544,3561,3576,3545,3562,3560
Partition 3	3524,3578,3579,3580,3581
Partition 4	3572,3573,3574,3575,3582
Partition 5	3521,3598,3596,3597
Partition 6	3555,3522,3553,3554
Partition 7	3551,3547,3552,3546
Partition 8	3568,3566,3571,3569,3570
Partition 9	3599,3600,3601,3602
Partition 10	3577,3536,3526,3548,3590,3520
Partition 11	3559,3543,3558
Partition 12	3529,3530,3563
Partition 13	3533,3531,3532
Partition 14	3527,3528,3567
Partition 15	3591,3592,3593,3594,3595
Partition 16	3585,3584
Partition 17	3540,3541,3534,3535,3542
Partition 20	3539
Partition 21	3525
Partition 22	3586
Partition 23	3588,3587,3589
Partition 24	3557
Partition 26	3556
Partition 27	3565,3564
Partition 28	3538
Partition 30	3537
Partition 32	3583
path	6
T	14
cut	58
Partition 0	3586,3525
Partition 1	3524,3550
Partition 2	3523,3544,3561,3562,3560
Partition 3	3578,3579,3580
Partition 4	3572,3573,3574,3575,3582
Partition 5	3521,3598,3595,3596,3597
Partition 6	3555,3522,3553,3554
Partition 7	3551,3547,3552,3546
Partition 8	3563,3565,3564,3566
Partition 9	3600,3571,3569,3601,3570
Partition 10	3520
Partition 11	3559,3543,3558
Partition 12	3529,3530,3531
Partition 13	3533,3532,3542
Partition 14	3527,3528,3538,3567,3588,3536,3537
Partition 15	3590,3591,3592,3593,3589,3594
Partition 16	3585,3584
Partition 17	3545
Partition 18	3581
Partition 19	3534
Partition 22	3540,3541,3535
Partition 23	3587
Partition 25	3602
Partition 27	3599
Partition 29	3557
Partition 32	3556
Partition 34	3576,3577
Partition 36	3526,3568
Partition 37	3539
Partition 38	3548
Partition 40	3549,3583
path	7
T	10
cut	59
Partition 0	3548
Partition 1	3550,3549
Partition 2	3523,3544,3561,3562,3560
Partition 3	3576,3577
Partition 4	3572,3573,3574,3575,3582
Partition 5	3521,3598,3596,3597
Partition 6	3522,3536,3553,3554,3520
Partition 7	3551,3547,3552
Partition 8	3568,3566,3571,3569,3570
Partition 9	3600,3601,3602
Partition 11	3559,3557,3543,3558
Partition 12	3539,3529,3530
Partition 13	3533,3532,3542
Partition 14	3565,3564
Partition 15	3591,3592,3593,3594,3595
Partition 16	3527,3528,3588,3589
Partition 17	3599
Partition 18	3578,3579,3580
Partition 19	3581
Partition 20	3586,3587,3525
Partition 21	3545
Partition 23	3526,3590
Partition 25	3555,3556
Partition 26	3546
Partition 27	3541
Partition 29	3538,3540
Partition 31	3531
Partition 33	3535
Partition 34	3524,3534
Partition 39	3585
Partition 41	3563
Partition 42	3567,3537,3584,3583
path	8
T	13
cut	58
Partition 0	3586,3587,3525
Partition 1	3550,3549
Partition 2	3523,3544,3561,3576,3545,3562,3560
Partition 3	3578,3579,3580
Partition 4	3572,3573,3574,3575,3582
Partition 5	3521,3598,3596,3597
Partition 6	3555,3522,3553,3554
Partition 7	3551,3547,3552,3546
Partition 8	3565,3564,3566,3571,3570
Partition 9	3599,3600,3601,3602
Partition 10	3536,3537,3526,3590,3520
Partition 11	3568,3569
Partition 12	3529,3530
Partition 13	3531,3532,3584
Partition 14	3527,3528,3533
Partition 15	3585,3591,3592,3593,3594,3595
Partition 16	3541,3534,3535
Partition 17	3577
Partition 19	3581
Partition 26	3583
Partition 27	3559,3557,3558
Partition 28	3538,3540
Partition 30	3563
Partition 33	3543,3542
Partition 35	3567
Partition 36	3548
Partition 38	3524
Partition 41	3556
Partition 42	3589
Partition 45	3588
Partition 47	3539
path	9
T	13
cut	56
Partition 1	3550,3549
Partition 2	3523,3544,3561,3562,3560
Partition 3	3578,3579,3580,3581
Partition 4	3572,3573,3574,3575,3582
Partition 5	3521,3598,3596,3597
Partition 6	3555,3522,3553,3554
Partition 7	3551,3547,3552,3546
Partition 8	3568,3566,3571,3569,3570
Partition 9	3599,3600,3601,3602
Partition 10	3577,3536,3526,3548,3590,3520
Partition 11	3559,3543,3558
Partition 12	3529,3530,3563
Partition 13	3533,3531,3532
Partition 14	3527,3528,3567
Partition 15	3591,3592,3593,3594,3595
Partition 16	3585,3584
Partition 17	3540,3541,3524,3534,3535,3542
Partition 20	3539
Partition 21	3525
Partition 22	3586
Partition 23	3588,3587,3589
Partition 24	3557
Partition 26	3556
Partition 27	3565,3564
Partition 28	3538
Partition 30	3537
Partition 32	3583
Partition 33	3576
Partition 36	3545
path	10
T	16
cut	62
Partition 0	3586,3525
Partition 1	3524,3550
Partition 2	3523,3544,3561,3562,3560
Partition 3	3578,3579,3580
Partition 4	3572,3573,3574,3575,3582
Partition 5	3521,3598,3595,3596,3597
Partition 6	3555,3522,3553,3554
Partition 7	3551,3547,3552,3546
Partition 8	3563,3565,3564,3566
Partition 9	3600,3571,3569,3601,3570
Partition 10	3520
Partition 11	3559,3543,3558
Partition 12	3529,3530,3531
Partition 13	3533,3532,3542
Partition 14	3537
Partition 15	3590,3591,3592,3593,3589,3594
Partition 16	3585,3584
Partition 17	3545
Partition 18	3581
Partition 19	3534
Partition 22	3540,3541,3535
Partition 23	3587
Partition 25	3602
Partition 27	3599
Partition 29	3557
Partition 32	3556
Partition 34	3576,3577
Partition 36	3526,3568
Partition 37	3539
Partition 38	3548
Partition 40	3549,3583
Partition 42	3527,3528,3567
Partition 43	3536
Partition 44	3538
Partition 45	3588
