cut	51
Partition 0	3541,3542,3543
Partition 1	3594,3593
Partition 2	3522,3538,3592
Partition 3	3581,3536,3537
Partition 4	3584,3582,3585
Partition 5	3583,3540,3539
Partition 6	3598,3596,3597
Partition 7	3588,3591,3590
Partition 8	3554,3595,3589
Partition 9	3602,3601,3547
Partition 10	3586,3587,3520
Partition 11	3535,3544,3545,3546
Partition 12	3580,3599,3600
Partition 13	3575,3574,3573
Partition 14	3534,3524,3533
Partition 15	3525,3569,3568
Partition 16	3555,3552,3556
Partition 17	3521,3553,3565
Partition 18	3530,3531,3532,3523
Partition 19	3527,3528,3529
Partition 20	3576,3577,3572
Partition 21	3526,3558,3570
Partition 22	3566,3571,3567
Partition 23	3551,3563,3562
Partition 24	3578,3579,3564
Partition 25	3548,3550,3549
Partition 26	3557,3560,3561,3559
