path	1
T	8
cut	24
Partition 0	1679,1680
Partition 1	1665,1669,1668,1686,1664
Partition 2	1674,1675
Partition 3	1681,1682
Partition 4	1697,1695,1696
Partition 5	1684,1683,1662,1685,1704
Partition 6	1666,1672,1670,1671
Partition 7	1691,1692,1694
Partition 8	1677,1678,1689,1688,1690
Partition 9	1701,1702,1703
Partition 11	1667
Partition 12	1663,1676
Partition 13	1693,1698,1673,1700,1699
Partition 14	1687
path	2
T	9
cut	23
Partition 0	1663,1676
Partition 1	1679,1680,1669,1668,1664
Partition 2	1674,1665,1673
Partition 3	1675,1681,1682,1683,1667
Partition 6	1672,1684,1670,1671,1685
Partition 7	1666,1687,1691,1692,1694
Partition 8	1677,1678,1689,1688
Partition 9	1701,1690,1702,1703
Partition 10	1704
Partition 11	1662
Partition 12	1686
Partition 14	1693,1697,1698,1695,1696
Partition 16	1700,1699
path	3
T	11
cut	31
Partition 0	1674,1675,1663,1676
Partition 2	1677,1678
Partition 3	1666,1687,1668,1686
Partition 4	1689,1688,1697,1696,1690
Partition 5	1684,1683,1662,1685
Partition 6	1691,1692,1665,1673
Partition 7	1672,1671
Partition 8	1667
Partition 9	1700,1701,1702,1703,1699
Partition 11	1664
Partition 13	1669
Partition 14	1704
Partition 15	1670
Partition 17	1681,1682,1679,1680
Partition 18	1694
Partition 22	1698
Partition 23	1693
Partition 24	1695
path	4
T	9
cut	28
Partition 0	1667
Partition 1	1669,1671,1676,1668,1686
Partition 2	1674,1675,1665,1673
Partition 3	1681,1679,1680
Partition 4	1697,1698,1695,1696,1699
Partition 5	1684,1683,1662,1685,1704
Partition 7	1691,1692
Partition 8	1677,1678,1689,1688,1690
Partition 9	1701,1702,1703
Partition 10	1693
Partition 11	1664
Partition 12	1663
Partition 14	1682
Partition 15	1666
Partition 16	1687
Partition 18	1694,1700
Partition 21	1670
Partition 22	1672
path	5
T	3
cut	29
Partition 1	1695
Partition 2	1662
Partition 3	1675,1682
Partition 4	1667,1697,1698,1696,1668
Partition 5	1663,1676
Partition 6	1672,1684,1670,1671,1685
Partition 7	1666,1687,1691,1679,1664
Partition 8	1677,1678,1689,1688,1690
Partition 9	1694,1700,1701,1702,1703
Partition 10	1692
Partition 12	1681,1680
Partition 13	1686
Partition 15	1699
Partition 16	1683
Partition 17	1704
Partition 20	1674
Partition 21	1693
Partition 22	1665,1673
Partition 23	1669
