path	1
T	12
cut	69
Partition 0	3545,3546,3599,3600
Partition 1	3552,3562,3601,3526,3554
Partition 2	3524,3559,3616,3558,3617
Partition 3	3598,3610,3611,3597
Partition 4	3614,3615,3609,3612,3613
Partition 5	3560,3563
Partition 6	3574,3575,3586,3587
Partition 7	3566,3589,3567,3588
Partition 8	3594,3596,3595
Partition 9	3568,3569,3573,3584,3585
Partition 10	3572,3590,3591,3521,3570
Partition 11	3603,3522,3538
Partition 12	3553,3555
Partition 13	3605,3604,3606,3607
Partition 15	3576
Partition 16	3520,3565,3564,3525
Partition 17	3549,3556,3557
Partition 18	3532,3533
Partition 19	3541,3531,3543,3542
Partition 20	3530,3548,3528,3529,3547
Partition 21	3527,3535,3536,3534,3537
Partition 24	3571
Partition 25	3578
Partition 26	3583
Partition 28	3577,3580,3579,3582
Partition 30	3561
Partition 31	3602,3608
Partition 32	3523
Partition 33	3544
Partition 34	3592,3593
Partition 35	3540
Partition 37	3539
Partition 39	3550,3551,3581
path	2
T	15
cut	68
Partition 0	3545,3546,3599,3600
Partition 1	3562
Partition 2	3524,3559,3616,3617
Partition 3	3598,3610,3611,3597
Partition 4	3614,3615,3609,3612,3613
Partition 5	3560,3563,3561
Partition 6	3574,3575,3586,3587,3585
Partition 7	3567,3588
Partition 8	3592,3593,3594
Partition 9	3568,3569,3573,3584,3583
Partition 10	3572,3590,3521,3570
Partition 11	3603,3522,3538
Partition 12	3553,3555
Partition 13	3605,3606,3571
Partition 14	3576,3604,3577,3580
Partition 15	3550,3551,3581,3582
Partition 16	3565,3564,3525
Partition 17	3549,3556,3557
Partition 18	3520,3532,3540,3533,3539
Partition 19	3541,3531,3543,3542
Partition 20	3530,3548,3528,3529,3547
Partition 21	3527,3535,3536,3534,3537
Partition 25	3607
Partition 26	3526,3554,3578,3579,3523,3602
Partition 27	3589
Partition 28	3566
Partition 30	3596
Partition 32	3601,3608
Partition 35	3544,3558
Partition 36	3595
Partition 37	3591
Partition 38	3552
path	3
T	15
cut	64
Partition 0	3545,3546,3599,3600
Partition 1	3562,3601,3602,3608
Partition 2	3524,3559,3616,3617
Partition 3	3596,3598,3610,3611,3597
Partition 4	3614,3615,3609,3612,3613
Partition 5	3560,3563,3561
Partition 6	3575,3586,3587,3585
Partition 7	3566,3589,3567,3588
Partition 8	3592,3593,3594,3595
Partition 9	3568,3569,3573,3584,3583
Partition 10	3572,3590,3591,3554,3521,3570
Partition 11	3603,3522
Partition 12	3552,3553,3555
Partition 13	3605,3606,3607,3571
Partition 14	3576,3604,3577,3580,3579
Partition 15	3550,3551,3581,3582
Partition 16	3564,3525,3544
Partition 17	3549,3556,3557
Partition 18	3520,3532,3540,3533,3539
Partition 19	3541,3531,3543,3542
Partition 20	3530,3548,3528,3529,3547
Partition 21	3527,3535,3536,3534,3537
Partition 23	3523
Partition 27	3578
Partition 30	3574
Partition 31	3565
Partition 33	3538
Partition 34	3558
Partition 35	3526
path	4
T	14
cut	74
Partition 0	3545,3546,3599,3600
Partition 1	3562,3601,3602,3608
Partition 2	3524,3559,3616,3617
Partition 3	3598,3610,3611,3597
Partition 4	3614,3615,3609,3612,3613
Partition 5	3560,3563
Partition 6	3586,3587,3585
Partition 7	3566,3589,3567,3588
Partition 8	3592,3593,3594,3595
Partition 9	3568,3569,3573,3584
Partition 11	3522
Partition 12	3552,3538,3553,3526
Partition 13	3550,3605,3606,3571
Partition 14	3540,3539,3580,3554,3555,3579
Partition 16	3565,3564,3525
Partition 17	3556,3558,3557
Partition 18	3520,3532,3576,3604,3533,3577
Partition 19	3531,3543,3544,3542
Partition 20	3530,3548,3528,3529,3547
Partition 21	3527,3535,3536,3534,3537
Partition 24	3578
Partition 26	3596
Partition 28	3574
Partition 29	3575
Partition 31	3582
Partition 33	3523
Partition 39	3561,3572,3591
Partition 40	3590
Partition 41	3521,3570
Partition 45	3549
Partition 48	3541
Partition 51	3581
Partition 52	3551
Partition 54	3607
Partition 55	3603
Partition 59	3583
path	5
T	14
cut	66
Partition 0	3545,3546,3599,3600
Partition 1	3601,3602,3608
Partition 2	3524,3559,3616,3617
Partition 3	3598,3610,3611,3597
Partition 4	3614,3615,3609,3612,3613
Partition 5	3560,3563
Partition 6	3575,3586,3587,3585
Partition 7	3565,3566,3589,3567,3588
Partition 8	3592,3593,3594,3595
Partition 9	3568,3569,3573,3584,3583
Partition 10	3572,3590,3591,3521,3570
Partition 11	3603,3522,3538,3553,3578,3579
Partition 12	3554,3555
Partition 13	3605,3606,3607,3571
Partition 14	3576,3604,3577,3580
Partition 15	3550,3551,3581,3582
Partition 16	3564,3525,3544
Partition 17	3549,3556,3557
Partition 18	3520,3532,3540,3533,3539
Partition 19	3541,3531,3543,3542
Partition 20	3530,3548,3528,3529,3547
Partition 21	3527,3535,3536,3534,3537
Partition 23	3574
Partition 24	3523
Partition 25	3562
Partition 26	3596
Partition 27	3561
Partition 29	3558
Partition 30	3552
Partition 31	3526
