path	1
T	9
cut	55
Partition 0	3565,3566,3524
Partition 1	3571,3572
Partition 2	3570,3568,3569
Partition 3	3530,3531,3529
Partition 4	3527,3528
Partition 5	3533,3525
Partition 6	3574,3523
Partition 7	3580,3564,3579
Partition 8	3576,3577,3578,3575
Partition 9	3550,3549
Partition 10	3557,3560,3561
Partition 11	3551,3563,3562
Partition 12	3595,3596,3597
Partition 13	3542,3538,3543
Partition 14	3594,3592,3593,3522
Partition 15	3521,3541,3539,3540
Partition 16	3581,3536,3537
Partition 17	3583,3584,3585,3582
Partition 18	3558,3559
Partition 19	3554,3589
Partition 20	3587,3588,3591,3590
Partition 21	3535,3544,3545,3534
Partition 22	3586,3520,3547,3546
Partition 23	3599,3601,3600,3598,3602
Partition 24	3567
Partition 25	3573
Partition 27	3532
Partition 28	3553,3555
Partition 29	3556
Partition 30	3526
Partition 33	3552
Partition 35	3548
path	2
T	9
cut	50
Partition 0	3565,3566,3524
Partition 1	3571,3567,3572
Partition 2	3570,3568,3569
Partition 3	3531,3529
Partition 4	3527,3528
Partition 5	3530,3533,3525
Partition 6	3574,3523
Partition 7	3580,3564,3579
Partition 8	3576,3577,3578,3575
Partition 9	3550,3549
Partition 10	3557,3560,3561,3556
Partition 11	3551,3563,3562
Partition 12	3595,3596,3597
Partition 13	3542,3538,3543
Partition 14	3552,3594,3592,3593,3522
Partition 15	3521,3541,3548,3539,3540
Partition 16	3581,3536,3537
Partition 17	3583,3584,3585,3582
Partition 18	3526,3558,3559
Partition 19	3554,3589
Partition 20	3587,3588,3591,3590
Partition 21	3535,3544,3545,3534
Partition 22	3586,3520,3547,3546
Partition 23	3599,3601,3600,3598,3602
Partition 25	3553,3555
Partition 26	3573
Partition 28	3532
path	3
T	12
cut	50
Partition 0	3565,3566,3524
Partition 1	3571,3567,3572
Partition 2	3570,3568,3569
Partition 3	3530,3531,3532,3529
Partition 4	3527,3528
Partition 5	3533,3525
Partition 6	3574,3523
Partition 7	3580,3564,3579
Partition 8	3576,3577,3578
Partition 9	3548,3550,3549
Partition 10	3557,3560,3555,3561,3552,3559,3556
Partition 11	3551,3563,3562
Partition 12	3595,3596,3597
Partition 13	3542,3538,3543
Partition 14	3594,3592,3593,3522
Partition 15	3521,3541,3539,3540
Partition 16	3581,3536,3537
Partition 17	3583,3584,3585,3582
Partition 19	3553,3554,3589
Partition 20	3587,3588,3526,3591,3590
Partition 21	3535,3544,3545
Partition 22	3586,3520,3547,3546
Partition 23	3599,3601,3600,3598,3602
Partition 24	3534
Partition 29	3573
Partition 33	3575
Partition 34	3558
path	4
T	9
cut	46
Partition 0	3534,3524
Partition 1	3571,3567,3572
Partition 2	3568,3569,3573
Partition 3	3530,3531,3532,3529
Partition 6	3574,3523
Partition 7	3580,3564,3579
Partition 8	3576,3577,3578,3575
Partition 9	3521,3527,3541,3548,3528,3550,3549
Partition 10	3557,3560,3561,3556
Partition 11	3551,3563,3562
Partition 12	3595,3596,3597
Partition 13	3542,3538,3543
Partition 14	3594,3592,3593,3522
Partition 15	3539,3540
Partition 16	3581,3536,3537
Partition 17	3583,3584,3585,3582
Partition 18	3555,3526,3552,3558,3570,3559
Partition 19	3553,3554,3533,3525,3589
Partition 20	3587,3588,3591,3590
Partition 21	3535,3544,3545
Partition 22	3586,3520,3547,3546
Partition 23	3599,3601,3600,3598,3602
Partition 24	3565,3566
path	5
T	8
cut	49
Partition 0	3565,3566,3524
Partition 1	3571,3567,3572
Partition 2	3568,3569,3573
Partition 3	3530,3531,3529
Partition 4	3589
Partition 6	3574,3523
Partition 7	3580,3564,3579
Partition 8	3576,3577,3578,3575
Partition 9	3521,3527,3548,3528,3550,3549
Partition 10	3557,3560,3561,3556
Partition 11	3551,3563,3562
Partition 12	3595,3596,3597
Partition 13	3542,3538,3543
Partition 14	3552,3594,3592,3593,3522
Partition 15	3541,3539,3540
Partition 16	3581,3536,3537
Partition 17	3583,3584,3585,3582
Partition 18	3526,3558,3559
Partition 19	3553,3554,3533,3525
Partition 20	3587,3588,3591,3590
Partition 21	3535,3544,3545,3534
Partition 22	3586,3520,3547,3546
Partition 23	3599,3601,3600,3598,3602
Partition 24	3570
Partition 28	3555
Partition 29	3532
path	6
T	11
cut	52
Partition 0	3565,3566,3524
Partition 1	3571,3567,3572
Partition 2	3570,3568,3569
Partition 3	3531,3529
Partition 4	3527,3528
Partition 5	3530,3533,3525
Partition 6	3574,3523
Partition 7	3580,3564,3579
Partition 8	3576,3577,3578,3575
Partition 9	3550,3539,3540,3549
Partition 10	3557,3560,3561,3556
Partition 11	3551,3563,3562
Partition 12	3595,3596,3597
Partition 13	3542,3538,3543
Partition 14	3594,3592,3593,3522
Partition 15	3548
Partition 16	3581,3536,3537
Partition 17	3583,3584,3585,3582
Partition 18	3526,3558,3559
Partition 19	3521,3553,3554,3555,3589
Partition 20	3587,3588,3591,3590
Partition 21	3535,3544,3545,3534
Partition 22	3586,3520,3547,3546
Partition 23	3599,3601,3600,3598,3602
Partition 26	3573
Partition 28	3532
Partition 30	3552
Partition 31	3541
path	7
T	7
cut	52
Partition 0	3565,3566,3524
Partition 1	3571,3567,3572
Partition 2	3570,3568,3569
Partition 3	3530,3531,3532,3529
Partition 4	3521,3527,3528
Partition 5	3533,3525
Partition 6	3574,3523
Partition 7	3580,3564,3579
Partition 8	3576,3577,3578
Partition 9	3548,3550,3549
Partition 10	3557,3560,3561,3559,3556
Partition 11	3551,3563,3562
Partition 12	3595,3596,3597
Partition 13	3542,3538,3543
Partition 14	3594,3592,3593,3522
Partition 15	3541,3539,3540
Partition 16	3553,3581,3536,3537
Partition 17	3583,3584,3585,3582
Partition 19	3554,3589
Partition 20	3587,3588,3591,3590
Partition 21	3535,3544,3545
Partition 22	3586,3520,3547,3546
Partition 23	3599,3601,3600,3598,3602
Partition 24	3534
Partition 29	3573
Partition 33	3575
Partition 34	3526,3558
Partition 37	3555
Partition 40	3552
path	8
T	8
cut	52
Partition 0	3521,3565,3566,3524
Partition 1	3571,3567,3572
Partition 2	3568,3569,3573
Partition 3	3530,3531,3529
Partition 4	3554,3589
Partition 6	3574,3523
Partition 7	3580,3564,3579
Partition 8	3576,3577,3578,3575
Partition 9	3527,3528,3550,3549
Partition 10	3557,3560,3561,3556
Partition 11	3551,3563,3562
Partition 12	3595,3596,3597
Partition 13	3542,3538,3543
Partition 14	3594,3592,3593,3522
Partition 15	3541,3539,3540
Partition 16	3553,3581,3536,3537
Partition 17	3583,3584,3585,3582
Partition 18	3526,3558,3559
Partition 19	3533,3525
Partition 20	3587,3588,3591,3590
Partition 21	3535,3544,3545,3534
Partition 22	3586,3520,3547,3546
Partition 23	3599,3601,3600,3598,3602
Partition 24	3570
Partition 28	3555
Partition 29	3532
Partition 30	3552
Partition 34	3548
