path	1
T	3
cut	8
Partition 0	805,806,807,798,808
Partition 1	796,802,803,804,797,800
Partition 2	818,809,817,816
Partition 3	812,813,814,815
Partition 4	810,801,811,799
path	2
T	2
cut	8
Partition 0	805,806,798
Partition 1	796,802,803,804
Partition 2	818,809,817,816,808,815,807
Partition 3	812,813,799,814,810,811
Partition 4	797,800,801
path	3
T	2
cut	8
Partition 0	805,806,807,798
Partition 1	796,802,803,804
Partition 2	818,809,817,816,815,808
Partition 3	812,813,814
Partition 4	797,800,810,801,811,799
path	4
T	3
cut	8
Partition 0	805,806,807,808,804
Partition 1	796,802,803
Partition 2	818,809,817
Partition 3	812,813,799,814,798
Partition 4	797,800,810,801,811,816,815
path	5
T	2
cut	9
Partition 0	812,799,813,814
Partition 1	796,802,803,804
Partition 2	818,809,817,816,815,808
Partition 3	807,805,806,798,811,810
Partition 4	797,800,801
path	6
T	2
cut	8
Partition 0	805,806,798
Partition 1	796,802,803,804,808,807
Partition 2	818,809,817,816
Partition 3	812,813,814,815
Partition 4	797,800,810,801,811,799
path	7
T	2
cut	8
Partition 0	805,806,807,798
Partition 1	796,802,803,797
Partition 2	818,809,817,808,804
Partition 3	812,813,799,814
Partition 4	800,810,801,811,815,816
path	8
T	4
cut	9
Partition 0	805,806,798,815
Partition 1	796,802,803,804,808,807
Partition 2	818,809,817,816
Partition 3	812,813,799,814
Partition 4	797,800,810,801,811
path	9
T	2
cut	8
Partition 0	805,806,798
Partition 1	796,802,803,804,808,807
Partition 2	818,809,817,816
Partition 3	812,813,814,815
Partition 4	797,800,810,801,811,799
path	10
T	2
cut	8
Partition 0	805,806,798
Partition 1	796,802,803,804
Partition 2	818,809,817,808,807
Partition 3	812,813,800,801,797
Partition 4	810,811,799,816,815,814
