path	1
T	17
cut	55
Partition 0	3576,3520,3599,3598
Partition 1	3568,3569,3570,3575,3574
Partition 2	3562,3591,3563,3592,3564
Partition 3	3585,3595,3593,3594
Partition 4	3561,3522,3527,3540,3555
Partition 5	3536,3537,3538,3541,3548
Partition 6	3532,3533,3530
Partition 7	3528,3534,3535,3596,3553,3597,3552
Partition 8	3549,3550,3551
Partition 9	3565
Partition 11	3547,3542,3545,3546,3581,3582
Partition 12	3572,3571
Partition 13	3586,3589,3588
Partition 14	3583
Partition 15	3543,3579,3566,3584,3567,3578,3526
Partition 16	3523,3539
Partition 17	3525,3554,3590,3556,3573,3557
Partition 19	3580
Partition 20	3558
Partition 21	3544
Partition 23	3531,3524
Partition 25	3560,3521
Partition 26	3559
Partition 27	3587
Partition 28	3577
Partition 30	3529
path	2
T	17
cut	58
Partition 0	3576,3520,3599,3598
Partition 1	3568,3569,3570,3575
Partition 2	3562,3591,3563,3592,3564
Partition 3	3585,3595,3593,3594
Partition 4	3522,3540,3555
Partition 5	3536,3537,3538,3541,3548
Partition 6	3532,3533,3530
Partition 7	3534,3535,3553,3552
Partition 9	3531,3559,3560,3529,3526,3581,3524
Partition 11	3579,3584,3578
Partition 12	3573,3574
Partition 13	3586,3589,3587,3588
Partition 14	3543
Partition 15	3547,3542,3545,3572,3546
Partition 16	3565,3523,3539,3521,3550,3551
Partition 17	3525,3554,3590,3556,3557
Partition 18	3596,3597
Partition 19	3577
Partition 20	3580
Partition 22	3582
Partition 23	3558
Partition 26	3544
Partition 28	3583
Partition 30	3566,3567
Partition 31	3571
Partition 32	3549
Partition 33	3561
Partition 34	3527,3528
path	3
T	13
cut	51
Partition 0	3576,3520,3599,3598
Partition 1	3568,3569,3570,3575
Partition 2	3562,3591,3563,3592,3564
Partition 3	3585,3595,3594
Partition 4	3561,3522,3527,3540,3555
Partition 5	3536,3537,3538,3541,3548,3549,3550
Partition 6	3532,3533,3530
Partition 7	3528,3534,3535
Partition 8	3596,3553,3597,3552,3551
Partition 9	3543,3566,3567,3529,3526
Partition 11	3547,3542,3545,3546
Partition 12	3572,3571
Partition 13	3586,3589,3587,3588,3593
Partition 14	3579,3583,3584,3578
Partition 15	3531,3559,3560,3524
Partition 16	3565,3523,3539,3521
Partition 17	3525,3554,3590,3556,3573,3557
Partition 19	3577
Partition 21	3580
Partition 22	3581,3582
Partition 23	3544
Partition 24	3558
Partition 25	3574
path	4
T	17
cut	57
Partition 0	3576,3520,3597,3599,3598
Partition 1	3568,3569,3570,3575
Partition 2	3562,3591,3563,3592,3564
Partition 3	3589,3593
Partition 4	3561,3522
Partition 5	3536,3537,3538,3541,3548
Partition 6	3555,3532,3533,3530
Partition 7	3534,3535,3553,3552
Partition 8	3549,3550
Partition 9	3566,3567
Partition 11	3547,3542,3545,3546
Partition 12	3572,3573,3529,3571,3574
Partition 13	3587,3588
Partition 14	3584,3585,3595,3594
Partition 15	3558,3531,3559
Partition 16	3565,3540,3528,3539,3521
Partition 17	3525,3554,3556,3524,3557
Partition 18	3577
Partition 19	3551
Partition 21	3590
Partition 23	3581
Partition 24	3544
Partition 26	3560
Partition 27	3580,3583,3582
Partition 28	3586
Partition 32	3596
Partition 33	3543,3579,3578
Partition 35	3527,3526
Partition 36	3523
path	5
T	14
cut	56
Partition 0	3576,3520,3599,3598
Partition 1	3568,3569,3570,3575
Partition 2	3562,3591,3563,3592
Partition 3	3584,3585,3595
Partition 4	3561
Partition 5	3536,3537,3538,3541,3548
Partition 6	3522,3555,3532,3533,3530
Partition 7	3528,3534,3535,3596,3553,3597,3552
Partition 8	3549,3550,3551
Partition 9	3543,3544
Partition 10	3577
Partition 11	3547,3542,3545,3546
Partition 12	3560,3572,3573,3529,3571,3574
Partition 13	3580,3586,3531,3559,3589,3581,3582
Partition 15	3558
Partition 16	3523
Partition 17	3525,3554,3590,3556,3557
Partition 19	3564
Partition 20	3565,3566,3567,3587,3588,3521
Partition 23	3594
Partition 24	3583
Partition 25	3524
Partition 26	3578
Partition 27	3579
Partition 28	3593
Partition 29	3540,3539
Partition 30	3527,3526
path	6
T	14
cut	55
Partition 0	3576,3520,3599,3598
Partition 1	3568,3569,3570,3575,3574
Partition 2	3562,3591,3563,3592,3564
Partition 3	3585,3595,3593,3594
Partition 4	3561,3522,3527,3540,3555
Partition 5	3536,3537,3538,3541,3548
Partition 6	3532,3533,3530
Partition 7	3528,3534,3535,3596,3553,3597,3552
Partition 8	3549,3550,3551
Partition 9	3565
Partition 11	3583,3581,3582
Partition 12	3572,3571
Partition 13	3586,3589,3588
Partition 14	3547,3542,3545,3546
Partition 15	3543,3579,3566,3567,3578,3526
Partition 16	3523,3539
Partition 17	3525,3554,3590,3556,3573,3557
Partition 19	3580
Partition 20	3558
Partition 21	3544
Partition 23	3531
Partition 25	3587
Partition 26	3559,3560,3521
Partition 28	3577
Partition 30	3529
Partition 31	3584
Partition 33	3524
path	7
T	12
cut	63
Partition 0	3576,3520,3599,3598
Partition 1	3568,3569,3570,3575
Partition 5	3536,3537,3538,3541,3548
Partition 6	3522,3555,3532,3533,3530
Partition 7	3534,3535,3553,3552
Partition 9	3531,3559,3577,3529,3526,3524
Partition 11	3579,3584,3578
Partition 12	3573,3557,3574
Partition 13	3591,3592,3593,3594
Partition 14	3543
Partition 15	3547,3542,3545,3546
Partition 16	3560,3523,3539,3521,3550,3551
Partition 17	3554,3580,3556,3586,3589
Partition 18	3596,3597
Partition 19	3562,3563,3564
Partition 22	3582
Partition 23	3558
Partition 26	3544
Partition 28	3583
Partition 31	3571
Partition 32	3549
Partition 33	3561
Partition 38	3527
Partition 41	3585
Partition 43	3595
Partition 44	3525,3565,3566,3567
Partition 47	3528
Partition 48	3581
Partition 50	3587,3588
Partition 51	3540
Partition 54	3572
Partition 56	3590
path	8
T	10
cut	54
Partition 0	3576,3520,3597,3599,3598
Partition 1	3568,3569,3570,3575
Partition 2	3562,3591,3563,3592,3564
Partition 3	3589,3593
Partition 4	3561,3522
Partition 5	3536,3537,3538,3541,3548
Partition 6	3532,3533,3530
Partition 7	3534,3535,3553,3552
Partition 8	3547,3549,3550
Partition 9	3566,3567
Partition 11	3542,3545,3572,3546
Partition 12	3573,3557
Partition 13	3587,3588
Partition 14	3584,3585,3595,3594
Partition 15	3544,3558,3559,3560,3571
Partition 16	3565,3540,3528,3539,3521
Partition 17	3556,3555
Partition 19	3551
Partition 21	3525,3590
Partition 23	3527,3529,3526,3581
Partition 26	3586,3531,3577,3524
Partition 27	3580,3583,3582
Partition 28	3574
Partition 32	3596
Partition 33	3543,3579,3578
Partition 36	3554,3523
path	9
T	12
cut	57
Partition 0	3576,3520,3599,3598
Partition 1	3568,3569,3570,3575
Partition 2	3562,3591,3563,3592
Partition 3	3584,3585,3595
Partition 4	3561
Partition 5	3536,3537,3538,3541,3548
Partition 6	3522,3555,3532,3533,3530
Partition 7	3534,3535,3553,3552
Partition 8	3549,3550,3551
Partition 9	3543,3544,3526
Partition 10	3577
Partition 11	3547,3542,3545,3546
Partition 12	3560,3572,3573,3529,3571,3574
Partition 13	3580,3586,3531,3559,3589,3581,3582
Partition 15	3558
Partition 16	3523
Partition 17	3525,3554,3590,3556,3557
Partition 19	3564
Partition 20	3565,3566,3567,3528,3587,3588,3521
Partition 23	3594
Partition 24	3583
Partition 25	3524
Partition 26	3578
Partition 27	3579
Partition 28	3593
Partition 29	3540,3539
Partition 30	3527
Partition 36	3596,3597
