cut	55
Partition 0	3566,3567
Partition 1	3561,3562,3563
Partition 2	3568,3564,3569
Partition 3	3598,3596,3597
Partition 4	3599,3576,3520
Partition 5	3570,3575,3574
Partition 6	3549,3550
Partition 7	3540,3541,3548
Partition 8	3536,3537,3538
Partition 9	3533,3534
Partition 10	3555,3532,3530
Partition 11	3522,3527,3528
Partition 12	3535,3553,3552,3551
Partition 13	3583,3584
Partition 14	3585,3595,3594
Partition 15	3591,3592,3593
Partition 16	3565,3521,3539
Partition 17	3554,3523,3556
Partition 18	3525,3580,3590
Partition 19	3586,3589,3587,3588
Partition 20	3547,3545,3546
Partition 21	3542,3572,3573
Partition 22	3524,3577,3557
Partition 23	3560,3571,3529
Partition 24	3558,3531,3559
Partition 25	3526,3582,3581
Partition 26	3543,3544,3579,3578
