cut	49
Partition 0	7546,7547
Partition 1	7531,7548
Partition 2	7549,7550
Partition 3	7555,7556
Partition 4	7491,7514
Partition 5	7513,7504
Partition 6	7503,7502,7501
Partition 7	7559,7554
Partition 8	7530,7490
Partition 9	7558,7545,7557
Partition 10	7500,7536
Partition 11	7532,7533,7534
Partition 12	7537,7538,7551
Partition 13	7529,7553,7552
Partition 14	7497,7535
Partition 15	7520,7519
Partition 16	7518,7517
Partition 17	7524,7525
Partition 18	7523,7498
Partition 19	7521,7522
Partition 20	7528,7496,7526,7527
Partition 21	7495,7499
Partition 22	7494,7543,7544
Partition 23	7515,7492,7542
Partition 24	7540,7539,7541
Partition 25	7516,7493
Partition 26	7506,7505
Partition 27	7507,7509
Partition 28	7511,7508,7510,7512
