path	1
T	19
cut	105
Partition 1	2142,2143,2144,2076
Partition 2	2066,2131
Partition 3	2132,2133,2135,2134,2136
Partition 4	2138,2140
Partition 5	2129,2068
Partition 6	2130,2139
Partition 7	2146,2147,2145,2148
Partition 8	2088,2089
Partition 9	2141,2149,2150,2151
Partition 10	2063,2099,2100
Partition 11	2082,2083
Partition 12	2062
Partition 13	2094,2095
Partition 14	2097,2098
Partition 15	2103,2104,2105,2106
Partition 16	2077,2090,2067
Partition 17	2092,2093,2107
Partition 18	2078,2091
Partition 19	2069,2111
Partition 20	2109
Partition 21	2112,2113,2110
Partition 22	2065
Partition 23	2096,2075
Partition 24	2079,2080
Partition 25	2081,2085,2084,2086,2087
Partition 26	2168,2171
Partition 27	2072,2156
Partition 28	2157,2074
Partition 29	2164,2166
Partition 30	2155,2159
Partition 31	2070,2163
Partition 32	2161,2162,2165
Partition 33	2137,2153,2152
Partition 34	2167,2170,2169,2154,2172
Partition 35	2128,2176,2175,2178
Partition 36	2174,2173,2177
Partition 37	2127
Partition 38	2186,2195
Partition 39	2185,2200
Partition 40	2124,2183
Partition 41	2196,2194,2197,2198
Partition 42	2187,2189
Partition 43	2192,2191,2193,2190
Partition 44	2064,2125
Partition 45	2120,2180,2179,2181
Partition 46	2126,2182,2188
Partition 47	2114,2071,2115
Partition 48	2116,2117
Partition 49	2118,2073,2119
Partition 50	2121,2122,2123
Partition 51	2108
Partition 52	2102,2101
Partition 53	2199,2184
Partition 54	2158,2160
path	2
T	16
cut	107
Partition 1	2142,2076
Partition 2	2066,2131
Partition 3	2132,2133,2135,2134,2136
Partition 4	2138,2140,2141
Partition 5	2129,2068
Partition 6	2130,2139
Partition 7	2146,2147
Partition 8	2088,2089
Partition 9	2143,2144
Partition 10	2099,2100
Partition 11	2082,2083
Partition 12	2063,2062
Partition 13	2094,2095
Partition 14	2096,2097,2098
Partition 15	2103,2104,2105,2106
Partition 16	2077,2090,2102,2101,2067
Partition 17	2092,2093,2107
Partition 18	2078,2091
Partition 19	2069,2111
Partition 20	2109,2108
Partition 21	2112,2113,2110
Partition 22	2065
Partition 23	2075
Partition 24	2079,2080
Partition 25	2081,2085,2084,2086,2087
Partition 26	2156,2155,2159
Partition 27	2072,2074
Partition 28	2158,2157,2160
Partition 29	2168,2171
Partition 30	2163,2164,2166
Partition 31	2162
Partition 32	2167,2154
Partition 33	2137,2153,2151,2152
Partition 34	2170,2169,2172
Partition 35	2180,2176,2175,2178
Partition 36	2174,2173,2177
Partition 37	2127,2128
Partition 38	2186,2195
Partition 39	2185
Partition 40	2124,2183
Partition 41	2196,2194,2197,2198
Partition 42	2187,2189
Partition 43	2192,2191,2193,2190
Partition 44	2064,2125
Partition 45	2120,2179,2181
Partition 46	2126,2182,2188
Partition 47	2114,2071,2115
Partition 48	2116,2117
Partition 49	2118,2073,2119
Partition 50	2121,2122,2123
Partition 51	2165
Partition 52	2070,2161
Partition 53	2145,2148,2149,2150
Partition 54	2199,2200,2184
path	3
T	19
cut	105
Partition 1	2142,2076
Partition 2	2066,2131
Partition 3	2132,2133,2135,2134,2136
Partition 4	2138,2140
Partition 5	2129,2068
Partition 6	2130,2139
Partition 7	2146,2147,2145,2148
Partition 8	2141,2149
Partition 9	2143,2144,2150,2151
Partition 10	2099,2100
Partition 11	2082,2083
Partition 12	2088,2089
Partition 13	2094,2095
Partition 14	2097,2098
Partition 15	2103,2104,2105,2106
Partition 16	2077,2102,2101,2067
Partition 17	2090,2092,2093,2107
Partition 18	2078,2091
Partition 19	2069,2111
Partition 20	2109,2108
Partition 21	2112,2113,2110
Partition 22	2079,2080
Partition 23	2096,2075
Partition 24	2081
Partition 25	2085,2084,2086,2087
Partition 26	2163,2164,2166
Partition 27	2072,2156,2158
Partition 28	2074
Partition 29	2168,2171
Partition 30	2155,2159
Partition 31	2161,2162,2165
Partition 32	2070
Partition 33	2137,2153,2152
Partition 34	2167,2170,2169,2154,2172
Partition 35	2176,2175,2178
Partition 36	2174,2173,2177
Partition 37	2127,2128
Partition 38	2065,2185
Partition 39	2199,2200,2184
Partition 40	2124,2183
Partition 41	2186,2195,2197,2198
Partition 42	2192,2191,2193,2189,2190
Partition 43	2064,2125
Partition 44	2120,2179,2181
Partition 45	2126,2182,2188
Partition 46	2114,2071,2115
Partition 47	2118,2073,2119
Partition 48	2187
Partition 49	2121,2122,2123
Partition 50	2180
Partition 51	2116,2117
Partition 52	2157,2160
Partition 53	2063,2062
Partition 54	2196,2194
path	4
T	18
cut	110
Partition 1	2066,2142,2143,2144,2076
Partition 2	2131,2132
Partition 3	2133,2135,2134,2136,2137
Partition 4	2138,2140
Partition 5	2129,2068
Partition 6	2130,2139
Partition 7	2147,2145,2148
Partition 8	2146
Partition 9	2149,2150,2151
Partition 10	2099,2100
Partition 11	2082,2083
Partition 12	2088,2089
Partition 13	2094,2095
Partition 14	2096,2097,2098
Partition 15	2103,2104
Partition 16	2102,2101
Partition 17	2090,2092,2093,2107
Partition 18	2077,2067
Partition 19	2069,2111
Partition 20	2109,2108
Partition 21	2112,2113,2110
Partition 22	2065
Partition 23	2078,2091
Partition 24	2075
Partition 25	2081,2085,2084,2086,2087
Partition 26	2164,2166
Partition 27	2072,2156,2158
Partition 28	2157,2074
Partition 29	2168
Partition 30	2155,2159,2160
Partition 31	2070,2161,2163,2162,2165
Partition 32	2167,2154,2171
Partition 33	2153,2152
Partition 34	2170,2169,2172
Partition 35	2176,2175,2178
Partition 36	2180,2174,2173,2177
Partition 37	2127,2128
Partition 38	2186,2195
Partition 39	2199,2184
Partition 40	2124,2183
Partition 41	2196,2194,2197,2198
Partition 42	2187,2189
Partition 43	2192,2191,2193,2190
Partition 44	2064,2125
Partition 45	2120,2179,2181
Partition 46	2126,2182,2188
Partition 47	2114,2071,2115
Partition 48	2116,2117
Partition 49	2118,2073,2119
Partition 50	2121,2122,2123
Partition 51	2079,2080
Partition 52	2141
Partition 53	2185,2200
Partition 54	2063,2062
Partition 55	2105,2106
path	5
T	17
cut	107
Partition 1	2142,2076
Partition 2	2131,2132
Partition 3	2133,2135,2134,2136
Partition 4	2130,2138,2139,2140,2141
Partition 5	2143,2144
Partition 6	2129,2068
Partition 7	2146,2147,2145,2148
Partition 8	2088,2089
Partition 9	2149,2150
Partition 10	2099,2100
Partition 11	2082,2083
Partition 12	2063,2062
Partition 13	2094,2095
Partition 14	2097,2098
Partition 15	2102,2103,2101,2104,2105
Partition 16	2077,2090,2067
Partition 17	2092,2093,2107,2106
Partition 18	2078,2091
Partition 19	2069,2111
Partition 20	2109,2108
Partition 21	2112,2110
Partition 22	2065
Partition 23	2096,2075
Partition 24	2079,2080
Partition 25	2081,2085,2084,2086,2087
Partition 26	2156,2155,2159
Partition 27	2072,2074
Partition 28	2158,2157,2160
Partition 29	2164,2166
Partition 30	2162
Partition 31	2070,2161,2163,2165
Partition 32	2167,2168,2154,2171
Partition 33	2137,2153,2152
Partition 34	2170,2169,2172
Partition 35	2180,2176,2175,2178
Partition 36	2174,2173,2177
Partition 37	2127,2128
Partition 38	2186,2195
Partition 39	2185
Partition 40	2124,2183
Partition 41	2196,2194,2197,2198
Partition 42	2066,2187
Partition 43	2192,2191,2193,2189,2190
Partition 44	2064,2125
Partition 45	2120,2179,2181
Partition 46	2126,2182,2188
Partition 47	2114,2071,2115
Partition 48	2116,2117
Partition 49	2118,2073,2119
Partition 50	2121,2122,2123
Partition 51	2151
Partition 52	2113
Partition 53	2199,2200,2184
