path	1
T	12
cut	50
Partition 0	3522,3578,3548,3556,3549,3557
Partition 1	3547,3545,3546
Partition 2	3596,3528,3567,3571,3541,3595,3597
Partition 3	3524,3542,3550,3543
Partition 4	3553,3554,3555,3551,3552,3584
Partition 5	3585,3527,3529,3577,3530,3525
Partition 6	3538,3534,3536,3537
Partition 7	3523,3573,3586,3572
Partition 8	3579,3580,3609,3610
Partition 9	3574,3575,3576
Partition 10	3587,3590,3591,3592,3593
Partition 11	3583,3588,3589
Partition 12	3568,3563,3570,3569,3594
Partition 13	3564,3544,3526,3561,3562
Partition 14	3566,3521,3533,3535,3531,3532
Partition 15	3559,3560
Partition 16	3558,3539,3540,3520
Partition 17	3581,3582,3600,3605
Partition 18	3606,3607,3608,3604
Partition 19	3565,3598,3601,3599,3602,3603
path	2
T	10
cut	52
Partition 0	3548,3541,3549,3557
Partition 1	3547,3545,3546
Partition 2	3596,3595,3597
Partition 3	3524,3542,3550,3559,3543,3551,3584
Partition 4	3553,3554,3525,3552
Partition 5	3529,3577,3530
Partition 6	3538,3534,3536,3537
Partition 7	3523,3573,3586,3585
Partition 8	3522,3578,3579,3580,3609,3610
Partition 9	3574,3575,3576
Partition 10	3587,3590,3591,3592
Partition 11	3583,3588,3589
Partition 12	3568,3563,3569
Partition 13	3564,3527,3528,3544,3526,3561,3562
Partition 14	3566,3521,3533,3535,3531,3532
Partition 15	3560,3567,3571
Partition 16	3558,3539,3540,3520
Partition 17	3581,3582,3600,3605
Partition 18	3606,3607,3608,3594,3604,3593
Partition 19	3565,3598,3601,3599,3602,3603
Partition 20	3556
Partition 21	3555
Partition 22	3570
Partition 24	3572
path	3
T	15
cut	59
Partition 0	3548,3556,3549,3557
Partition 1	3547,3545,3546
Partition 2	3596,3527,3528,3541,3595,3597
Partition 3	3524,3542,3550,3543
Partition 4	3553,3551,3552,3584
Partition 5	3529,3577,3530
Partition 6	3555,3538,3534,3536,3537
Partition 7	3523,3573,3586,3585,3572
Partition 8	3579,3580,3609,3610
Partition 9	3574,3575,3576
Partition 10	3587,3590,3591,3592,3593
Partition 11	3583,3588,3589
Partition 12	3568,3563,3569
Partition 13	3561,3562
Partition 14	3535,3531
Partition 15	3559,3560,3567,3571
Partition 16	3558,3539,3540,3520
Partition 17	3581,3582
Partition 18	3606,3607,3608,3604
Partition 19	3565,3598,3601,3599,3602
Partition 22	3603
Partition 24	3564,3566,3521,3544,3526
Partition 25	3578
Partition 27	3522
Partition 28	3532
Partition 29	3554
Partition 30	3533,3570
Partition 32	3594
Partition 33	3525
Partition 35	3605
Partition 36	3600
path	4
T	14
cut	57
Partition 0	3548,3556,3541,3549,3557
Partition 1	3547,3545,3546
Partition 2	3554,3596,3597,3603
Partition 3	3524,3542,3543
Partition 4	3553,3551,3552
Partition 5	3522,3578,3529,3577,3530
Partition 6	3555,3538,3534,3536,3537
Partition 7	3523,3573,3586,3574,3585,3572
Partition 8	3579,3580,3609,3610
Partition 9	3575,3576
Partition 10	3587,3590,3591,3592,3593
Partition 11	3584,3588,3589
Partition 12	3568,3533,3563,3535,3570,3569,3594
Partition 13	3544,3526,3561,3562,3525
Partition 14	3531,3532
Partition 15	3559,3560,3567,3571
Partition 16	3527,3558,3539,3540,3520
Partition 17	3581,3600
Partition 18	3606,3607,3608,3605
Partition 19	3565,3598,3601,3599,3602
Partition 22	3564
Partition 23	3521
Partition 25	3566
Partition 28	3528
Partition 30	3550
Partition 31	3583
Partition 33	3582
Partition 34	3595
Partition 35	3604
path	5
T	9
cut	57
Partition 0	3554,3555,3548,3556,3541,3549,3557
Partition 1	3547,3545,3546
Partition 2	3596,3595,3597
Partition 3	3524,3542,3543
Partition 4	3553,3550,3551,3552,3584
Partition 5	3529,3577,3530
Partition 6	3538,3534,3536,3537
Partition 7	3523,3573,3586,3585,3572
Partition 8	3578,3579,3580,3609,3610
Partition 9	3574,3575,3576
Partition 10	3587,3590,3591,3592,3593
Partition 11	3583,3588,3589
Partition 12	3568,3563,3569
Partition 13	3564,3528,3544,3526,3531,3561,3562
Partition 14	3521,3533
Partition 15	3559,3560,3571
Partition 16	3558,3539,3540,3520
Partition 17	3582,3605
Partition 18	3606,3607,3608,3594,3604
Partition 19	3565,3598,3601,3599,3602,3603
Partition 20	3522
Partition 21	3567
Partition 22	3532
Partition 25	3581,3600
Partition 26	3535
Partition 27	3566
Partition 28	3570
Partition 29	3525
Partition 30	3527
path	6
T	11
cut	65
Partition 0	3548,3556,3549,3557
Partition 1	3547,3545,3546
Partition 2	3596,3597
Partition 3	3524,3542,3550,3543
Partition 4	3553,3551,3552,3584
Partition 5	3529,3577,3530
Partition 6	3555,3538,3534,3536,3537
Partition 7	3523,3573,3586,3585,3572
Partition 8	3579,3580,3609,3610
Partition 9	3574,3575,3576
Partition 10	3587,3590,3591,3592,3593
Partition 11	3583,3588,3589
Partition 12	3568,3563,3569
Partition 13	3561,3562
Partition 14	3535,3531
Partition 15	3559,3560,3567,3571
Partition 16	3558,3539,3540,3520
Partition 17	3581,3582
Partition 18	3606,3607,3608,3604
Partition 19	3565,3598,3601,3599,3602
Partition 22	3603
Partition 24	3526
Partition 25	3578
Partition 27	3522
Partition 28	3532
Partition 29	3554
Partition 30	3533,3570
Partition 32	3594
Partition 33	3525
Partition 35	3605
Partition 36	3600
Partition 37	3595
Partition 38	3528,3541
Partition 39	3527
Partition 40	3544
Partition 41	3564,3566
Partition 42	3521
