path	1
T	7
cut	49
Partition 0	3566,3571,3567,3572
Partition 1	3570,3568,3569
Partition 2	3521,3527,3531,3528,3529
Partition 3	3565,3524
Partition 4	3530,3525
Partition 6	3576,3577,3574,3575
Partition 7	3557,3560,3561,3562
Partition 8	3578,3580,3564,3579
Partition 9	3548,3550,3549,3551,3563
Partition 10	3581,3536,3537,3582
Partition 11	3552
Partition 12	3526,3558,3559
Partition 13	3591,3595
Partition 14	3586,3587,3588,3590,3589
Partition 15	3535,3544,3542,3543
Partition 16	3532,3545,3546
Partition 17	3541,3583,3539,3540
Partition 18	3547,3599,3601,3600,3602
Partition 19	3584,3585,3596,3597,3598
Partition 21	3553,3554,3555,3556
Partition 22	3594,3592,3593,3522
Partition 23	3538
Partition 24	3573
Partition 25	3533,3534
Partition 27	3523
Partition 32	3520
path	2
T	10
cut	50
Partition 0	3566,3571,3567,3572
Partition 1	3568,3569,3573
Partition 2	3527,3531,3528,3529
Partition 3	3565,3524
Partition 4	3530,3533,3525
Partition 5	3553,3555,3532,3552,3523,3556
Partition 6	3576,3577,3574,3575
Partition 7	3560,3561,3562
Partition 8	3578,3580,3564,3579
Partition 9	3548,3550,3549
Partition 10	3581,3536,3537,3582
Partition 11	3592,3593,3522
Partition 12	3526,3558,3559
Partition 13	3591,3595,3594
Partition 14	3587,3588,3590,3589
Partition 15	3535,3544,3542,3543
Partition 16	3586,3545,3520,3547,3546
Partition 17	3521,3541,3583,3539,3540
Partition 18	3599,3601,3600,3602
Partition 19	3584,3585,3596,3597,3598
Partition 21	3534
Partition 22	3570
Partition 23	3554
Partition 24	3557
Partition 27	3538
Partition 28	3563
Partition 29	3551
path	3
T	11
cut	48
Partition 0	3566,3571,3567,3572
Partition 1	3568,3569,3573
Partition 2	3527,3531,3528,3532,3529
Partition 3	3565,3524
Partition 4	3553,3530,3533,3534,3525
Partition 5	3556
Partition 6	3576,3577,3574,3575
Partition 7	3557,3560,3561,3562
Partition 8	3578,3580,3564,3579
Partition 9	3548,3550,3549,3551,3563
Partition 10	3581,3536,3537,3582
Partition 11	3552,3538,3592,3593,3522
Partition 12	3526,3558,3559
Partition 13	3554,3591,3590,3589
Partition 14	3586,3587,3588
Partition 15	3535,3544,3542,3543
Partition 16	3545,3520,3547,3546
Partition 17	3541,3583,3539,3540
Partition 18	3599,3601,3600,3602
Partition 19	3584,3585,3596,3597,3598
Partition 20	3521
Partition 23	3595,3594
Partition 24	3555
Partition 27	3570
Partition 29	3523
path	4
T	14
cut	48
Partition 0	3566,3571,3567,3572
Partition 1	3568,3569,3573
Partition 2	3527,3531,3528,3529
Partition 3	3521,3565,3534,3524
Partition 4	3530,3533,3525
Partition 5	3555,3556
Partition 6	3576,3577,3574,3575
Partition 7	3557,3560,3561,3562
Partition 8	3578,3580,3564,3579
Partition 9	3548,3550,3549,3551,3563
Partition 10	3581,3536,3537,3582
Partition 11	3592,3593,3522
Partition 12	3558,3559
Partition 13	3554,3526,3591,3590,3589
Partition 14	3586,3587,3588
Partition 15	3535,3544,3542,3543
Partition 16	3532,3545,3520,3547,3523,3546
Partition 17	3541,3583,3539,3540
Partition 18	3599,3601,3600,3602
Partition 19	3584,3585,3596,3597,3598
Partition 23	3553
Partition 24	3538
Partition 25	3570
Partition 31	3552
Partition 32	3595,3594
path	5
T	14
cut	48
Partition 0	3566,3571,3567,3572
Partition 1	3555,3552,3570,3568,3569,3573
Partition 2	3531,3528,3529
Partition 3	3521,3565,3534,3524
Partition 4	3530,3533,3525
Partition 5	3532
Partition 6	3576,3577,3574,3575
Partition 7	3557,3560,3561,3562
Partition 8	3578,3580,3564,3579
Partition 9	3548,3550,3549,3551,3563
Partition 10	3581,3536,3537,3582,3523
Partition 11	3595,3538,3594,3592,3593,3522
Partition 12	3526,3558
Partition 13	3554,3591,3590,3589
Partition 14	3586,3587,3588
Partition 15	3535,3544,3542,3543
Partition 16	3545,3520,3547,3546
Partition 17	3541,3583,3539,3540
Partition 18	3599,3601,3600,3602
Partition 19	3584,3585,3596,3597,3598
Partition 20	3553
Partition 21	3527
Partition 23	3559
Partition 25	3556
path	6
T	15
cut	52
Partition 0	3566,3571,3567,3572
Partition 1	3555,3552,3570,3568,3569,3573
Partition 2	3531,3528,3529
Partition 3	3565,3524
Partition 4	3530,3533,3525
Partition 5	3532
Partition 6	3576,3577,3574,3575
Partition 7	3557,3560,3561,3562
Partition 8	3578,3580,3564,3579
Partition 9	3521,3548,3550,3549,3551,3563
Partition 10	3581,3536,3537,3582
Partition 11	3594,3592,3593,3522
Partition 12	3526,3558
Partition 13	3553,3554,3591,3590,3589
Partition 14	3586,3587,3588
Partition 15	3542,3538,3543
Partition 16	3545,3520,3547,3546
Partition 17	3541,3583,3539,3540
Partition 18	3599,3601,3600,3602
Partition 19	3584,3585,3596,3597,3598
Partition 20	3534
Partition 21	3527
Partition 23	3559
Partition 25	3523
Partition 26	3556
Partition 29	3595
Partition 31	3544
Partition 32	3535
