path	1
T	NA
cut	59
Partition 0	3613,3589,3612,3588
Partition 1	3562,3560,3547,3561
Partition 2	3579,3580,3528,3578
Partition 3	3586,3581,3587
Partition 4	3585,3584,3576,3577,3583,3582
Partition 5	3594,3595,3601,3602
Partition 6	3539,3542,3569,3568,3540
Partition 7	3593,3545,3544,3546
Partition 8	3609,3610,3611,3603
Partition 9	3526,3573,3566,3572
Partition 10	3543,3570,3563,3564,3565,3571
Partition 11	3549,3550,3551,3548,3552,3557
Partition 12	3558
Partition 13	3522,3530,3537,3538
Partition 14	3534,3535,3536
Partition 15	3532,3533,3596,3574,3575,3520
Partition 16	3597,3555,3554,3556
Partition 17	3604,3525
Partition 18	3521,3527,3567,3531,3524
Partition 19	3599,3598,3600
Partition 20	3608
Partition 21	3523,3590,3606,3591,3592
Partition 23	3559
Partition 24	3529
Partition 25	3605
Partition 27	3553
Partition 28	3607
Partition 29	3541
path	2
T	NA
cut	59
Partition 0	3613,3589,3612,3588
Partition 1	3562,3560,3547,3561
Partition 2	3579,3580,3528,3578
Partition 3	3586,3581,3587
Partition 4	3585,3584,3577,3583,3582
Partition 5	3594,3595,3601,3602
Partition 6	3539,3542,3569,3568,3540
Partition 7	3593,3545,3544,3546
Partition 8	3609,3610,3611,3603
Partition 9	3526,3573,3566,3572
Partition 10	3570,3563,3564,3565,3571
Partition 11	3550,3551,3552
Partition 12	3558,3559,3557
Partition 13	3522,3530,3537,3538
Partition 14	3534,3535,3536
Partition 15	3532,3533,3596,3574,3575
Partition 16	3553,3597,3555,3554,3556
Partition 17	3604,3525
Partition 18	3521,3527,3567,3531,3524
Partition 19	3599,3598,3592,3600
Partition 20	3523,3606,3607,3608
Partition 21	3541,3590,3543,3591
Partition 24	3549
Partition 27	3548
Partition 28	3576
Partition 29	3605
Partition 31	3529,3520
path	3
T	NA
cut	60
Partition 0	3613,3589,3612,3588
Partition 1	3562,3560,3547,3561
Partition 2	3579,3580,3528,3578
Partition 3	3581,3576
Partition 4	3585,3586,3584,3577,3583,3582,3587
Partition 5	3594,3595,3601,3602
Partition 6	3539,3542,3569,3568,3540
Partition 7	3593,3545,3544,3546
Partition 8	3609,3610,3611,3603
Partition 9	3526,3573,3566,3572
Partition 10	3570,3563,3564,3565,3571
Partition 11	3549,3550,3551,3552
Partition 12	3558,3559,3557
Partition 13	3522,3530,3537,3538
Partition 14	3534,3535,3536
Partition 15	3532,3533,3596,3574,3575
Partition 16	3597,3555,3554,3556
Partition 17	3604,3525
Partition 18	3521,3527,3567,3605,3531
Partition 19	3599,3598,3592,3600
Partition 20	3523,3606,3607,3608
Partition 21	3541,3590,3543,3591
Partition 22	3548
Partition 28	3520
Partition 31	3553
Partition 33	3524
Partition 35	3529
path	4
T	10
cut	67
Partition 0	3613,3589,3612,3588
Partition 1	3562,3560,3547,3561
Partition 2	3579,3580,3528,3578
Partition 3	3586,3581,3587
Partition 4	3585,3584,3576,3577,3583,3582
Partition 5	3594,3595,3601,3602
Partition 6	3539,3542,3569,3568,3540
Partition 7	3593,3545,3544,3546
Partition 8	3609,3610,3611,3603
Partition 9	3526,3573,3566,3572
Partition 10	3543,3570,3563,3564,3565,3571
Partition 11	3549,3550,3551,3548,3552,3557
Partition 12	3558
Partition 13	3522,3530,3537,3538
Partition 14	3534,3535,3536
Partition 15	3596
Partition 16	3597,3555,3554,3556
Partition 17	3604,3525
Partition 18	3521,3567
Partition 19	3599,3598,3600
Partition 20	3608
Partition 21	3523,3590,3606,3591,3592
Partition 23	3559
Partition 24	3529
Partition 25	3605
Partition 27	3553
Partition 28	3607
Partition 29	3541
Partition 30	3574
Partition 32	3532,3533,3575
Partition 33	3520
Partition 34	3524
Partition 35	3531
Partition 36	3527
path	5
T	10
cut	63
Partition 0	3613,3589,3612,3588
Partition 1	3562,3560,3547,3561
Partition 2	3579,3580,3528,3578
Partition 3	3581,3576
Partition 4	3585,3586,3584,3577,3583,3582,3587
Partition 5	3594,3595,3601,3602
Partition 6	3539,3542,3569,3568,3540
Partition 7	3593,3545,3544,3546
Partition 8	3609,3610,3611,3603
Partition 9	3526,3573,3566,3572
Partition 10	3570,3563,3564,3565,3571
Partition 11	3549,3550,3551,3552
Partition 12	3558,3559,3557
Partition 13	3522,3530,3537,3538
Partition 14	3534,3535,3536
Partition 15	3532,3533,3596,3574,3575
Partition 16	3597,3555,3554,3556
Partition 17	3604,3525
Partition 18	3527
Partition 19	3599,3598,3592,3600
Partition 20	3523,3606,3607,3608
Partition 21	3541,3590,3543,3591
Partition 22	3548
Partition 28	3520
Partition 31	3553
Partition 33	3524
Partition 35	3529
Partition 36	3605
Partition 37	3531
Partition 38	3521,3567
