path	1
T	10
cut	47
Partition 0	3539,3564,3551,3562,3563
Partition 1	3558,3559,3560,3561
Partition 2	3520,3583,3582
Partition 3	3584,3589,3585,3590
Partition 4	3543,3587,3588,3544,3550,3586,3525
Partition 6	3537,3538,3535,3536
Partition 7	3522,3531
Partition 8	3566,3567,3523,3529,3530,3524,3570
Partition 10	3521,3547
Partition 11	3540
Partition 12	3555
Partition 13	3548,3546,3549
Partition 14	3573,3576,3541,3542
Partition 15	3571,3552,3553,3572
Partition 16	3579,3580
Partition 17	3574,3575,3577,3578,3581
Partition 18	3568
Partition 19	3569
Partition 20	3545
Partition 22	3526
Partition 23	3533,3527,3528,3532,3534
Partition 25	3565
Partition 26	3556
Partition 28	3557
Partition 29	3554
path	2
T	11
cut	45
Partition 0	3539,3564,3562,3563
Partition 1	3558,3559,3560,3561
Partition 2	3581,3520,3583,3582
Partition 3	3584,3587,3588,3589,3585,3590
Partition 4	3528,3525
Partition 5	3550
Partition 6	3529,3537,3538,3533,3535,3536,3534
Partition 7	3531,3532,3526
Partition 9	3565,3557,3556,3579,3580
Partition 10	3586
Partition 11	3540,3543,3524,3570,3522
Partition 12	3566,3567,3568,3555
Partition 13	3548,3523,3546,3549
Partition 14	3573,3576,3541,3542
Partition 15	3554,3552,3553
Partition 16	3530,3545,3551
Partition 17	3574,3575,3577,3578
Partition 19	3572
Partition 20	3544
Partition 21	3569
Partition 23	3527
Partition 24	3521,3547
Partition 26	3571
path	3
T	10
cut	43
Partition 0	3539,3564,3562,3563
Partition 1	3557,3558,3559,3560,3561
Partition 2	3577
Partition 3	3584,3589,3585,3590
Partition 4	3587,3588,3586
Partition 5	3530,3544,3550,3525,3545,3551
Partition 6	3537,3538,3535,3536
Partition 7	3533,3528,3531,3532,3534
Partition 8	3524,3527
Partition 9	3521
Partition 10	3547,3526
Partition 11	3540,3543
Partition 12	3566,3567,3568,3555
Partition 13	3548,3523,3529,3546,3549
Partition 14	3573,3576,3541,3542
Partition 15	3571,3554,3552,3553
Partition 16	3565,3569
Partition 17	3574,3575,3578,3581,3520,3583,3582
Partition 19	3572,3579,3580
Partition 21	3556
Partition 22	3570
Partition 23	3522
path	4
T	11
cut	48
Partition 0	3539,3564,3562,3563
Partition 1	3559,3560,3561
Partition 2	3520,3583,3582
Partition 3	3584,3589,3585,3590
Partition 4	3547,3587,3588,3526,3586,3525
Partition 5	3550,3545,3551
Partition 6	3537,3538,3535,3536
Partition 7	3533
Partition 8	3524,3527,3528
Partition 9	3557,3558
Partition 11	3540,3543,3544,3570,3522
Partition 12	3566,3567,3568,3555,3556
Partition 13	3548,3523,3546,3549
Partition 14	3573,3576,3541,3542
Partition 15	3571,3554,3552,3553
Partition 17	3574,3575,3577,3578
Partition 22	3569
Partition 23	3581
Partition 25	3572
Partition 26	3531
Partition 27	3521,3565
Partition 29	3579
Partition 30	3580
Partition 31	3534
Partition 33	3532
Partition 34	3530
Partition 35	3529
path	5
T	10
cut	47
Partition 0	3539,3564,3562,3563
Partition 1	3557,3558,3559,3556,3560,3561
Partition 2	3520,3583,3582
Partition 3	3584,3590
Partition 4	3540,3522,3531,3526,3586,3525
Partition 5	3546
Partition 6	3537,3538,3535,3536
Partition 8	3533,3528,3532,3534
Partition 9	3565,3569
Partition 11	3544,3550,3551
Partition 12	3566,3567,3568,3555
Partition 13	3548,3549
Partition 14	3573,3576,3541,3543,3542
Partition 15	3571,3554,3552,3553
Partition 17	3574,3575,3577,3578,3572,3579,3580
Partition 21	3530
Partition 24	3545
Partition 25	3581
Partition 26	3523,3529,3527,3585
Partition 27	3589
Partition 28	3547
Partition 29	3521
Partition 32	3524,3570
Partition 34	3587,3588
