cut	44
Partition 0	3551,3537
Partition 1	3520,3579,3578
Partition 2	3524,3577,3568
Partition 3	3526,3542,3541
Partition 4	3543,3538,3539
Partition 5	3522,3536,3540
Partition 6	3535,3545,3544
Partition 7	3585
Partition 8	3584,3546,3583
Partition 9	3527,3528
Partition 10	3532,3534,3533
Partition 11	3531,3529,3530
Partition 12	3574,3575
Partition 13	3556,3557,3555
Partition 14	3558,3576,3521
Partition 15	3567,3569
Partition 16	3572,3571,3525
Partition 17	3523,3548,3570
Partition 18	3565,3564
Partition 19	3552,3553,3554
Partition 20	3547,3549,3550
Partition 21	3560,3561,3559
Partition 22	3573,3562,3563
Partition 23	3580,3581,3566,3582
