path	1
T	18
cut	109
Partition 1	2063,2099,2100
Partition 2	2145,2148
Partition 3	2146,2147
Partition 4	2094,2095
Partition 5	2142,2143,2144,2151,2152
Partition 6	2088,2082,2089,2062
Partition 7	2141,2149,2150
Partition 8	2135,2136,2137
Partition 9	2131,2132
Partition 10	2133,2134
Partition 11	2130,2139
Partition 12	2129,2068
Partition 13	2138,2140
Partition 14	2076
Partition 15	2098,2105
Partition 16	2103,2104
Partition 17	2102,2101
Partition 18	2078,2091,2075
Partition 19	2065,2096,2097
Partition 20	2090,2092,2093
Partition 21	2077,2067
Partition 22	2107,2106
Partition 23	2109,2108
Partition 24	2069,2111
Partition 25	2083
Partition 26	2085,2086,2087
Partition 27	2081,2084
Partition 28	2079,2080
Partition 29	2158,2157,2160
Partition 30	2156,2074
Partition 31	2072
Partition 32	2164,2166
Partition 33	2070,2163
Partition 34	2161,2162,2165
Partition 35	2155,2159
Partition 36	2120,2179
Partition 37	2174,2177
Partition 38	2127,2128,2173,2175
Partition 39	2167,2168,2171
Partition 40	2153,2154
Partition 41	2180,2176,2181,2178
Partition 42	2170,2169,2172
Partition 43	2112,2113,2110
Partition 44	2116,2117
Partition 45	2114,2071,2115
Partition 46	2126,2182,2188
Partition 47	2064,2125
Partition 48	2118,2073,2119
Partition 49	2121,2122,2123
Partition 50	2199,2200
Partition 51	2185,2186
Partition 52	2124,2183
Partition 53	2184
Partition 54	2066,2192
Partition 55	2191,2190
Partition 56	2196,2193,2194,2195,2197
Partition 57	2187,2189
Partition 58	2198
path	2
T	28
cut	110
Partition 1	2099,2100
Partition 2	2145,2148
Partition 3	2146,2147
Partition 4	2094,2095
Partition 5	2144,2151,2152
Partition 6	2088,2089
Partition 7	2141,2149,2150
Partition 8	2135,2136,2137
Partition 9	2131,2132
Partition 10	2133,2134
Partition 11	2142,2143,2076
Partition 12	2129,2068
Partition 13	2130,2138,2139,2140
Partition 14	2066
Partition 15	2098,2104,2105,2106
Partition 16	2102,2103,2101
Partition 17	2077,2067
Partition 18	2096,2097
Partition 19	2075
Partition 20	2093,2107
Partition 21	2078,2090,2091,2092
Partition 22	2063
Partition 23	2109,2108
Partition 24	2069,2111
Partition 25	2082,2083,2062
Partition 26	2085,2086,2087
Partition 27	2081,2084
Partition 28	2079,2080
Partition 29	2157,2160
Partition 30	2156,2074
Partition 31	2072,2158
Partition 32	2164,2166
Partition 33	2070,2163
Partition 34	2161,2162,2165
Partition 35	2155,2159
Partition 36	2120,2179
Partition 37	2174,2177
Partition 38	2127,2128
Partition 39	2167,2168,2173,2171
Partition 40	2153,2154
Partition 41	2180,2176,2175,2178
Partition 42	2170,2169,2172
Partition 43	2112,2113,2110
Partition 44	2116,2117
Partition 45	2114,2071,2115
Partition 46	2064,2125,2126
Partition 47	2188
Partition 48	2118,2073,2119
Partition 49	2121,2122,2123
Partition 50	2199,2200,2184
Partition 51	2186,2195
Partition 52	2181
Partition 53	2124,2183,2182
Partition 54	2187,2189
Partition 55	2191,2190
Partition 56	2065,2185
Partition 57	2196,2194,2197,2198
Partition 58	2192,2193
path	3
T	30
cut	111
Partition 1	2063,2099,2100
Partition 2	2145,2148
Partition 3	2146,2147
Partition 4	2094,2095
Partition 5	2144,2151,2152
Partition 6	2088,2089
Partition 7	2141,2149,2150
Partition 8	2135,2136,2137
Partition 9	2131,2132
Partition 10	2133,2134
Partition 11	2138,2140
Partition 12	2129,2130,2068
Partition 13	2139,2076
Partition 14	2066,2142,2143
Partition 15	2098,2105
Partition 16	2102,2103,2101,2104
Partition 17	2077,2067
Partition 18	2096,2075
Partition 19	2097
Partition 20	2093,2107
Partition 21	2078,2090,2091,2092
Partition 22	2106
Partition 23	2109,2108
Partition 24	2069,2111
Partition 25	2062
Partition 26	2085,2086,2087,2082,2083
Partition 27	2081,2084
Partition 28	2079,2080
Partition 29	2157,2160
Partition 30	2156,2074
Partition 31	2072,2158
Partition 32	2164,2166
Partition 33	2070,2163
Partition 34	2161,2162,2165
Partition 35	2155,2159
Partition 36	2120,2179
Partition 37	2174,2173,2177
Partition 38	2127,2128
Partition 39	2167,2171
Partition 40	2153,2154
Partition 41	2180,2176,2175,2178
Partition 42	2170,2168,2169,2172
Partition 43	2112,2113,2110
Partition 44	2116,2117
Partition 45	2114,2071,2115
Partition 46	2064,2125,2126
Partition 47	2188
Partition 48	2118,2073,2119
Partition 49	2121,2122,2123
Partition 50	2199,2200,2184
Partition 51	2065,2185
Partition 52	2182,2181
Partition 53	2124,2183
Partition 54	2187,2189
Partition 55	2197,2198
Partition 56	2186,2195
Partition 57	2196
Partition 58	2192,2191,2193,2194,2190
path	4
T	27
cut	113
Partition 1	2063,2099,2100
Partition 2	2145,2148
Partition 3	2146,2147
Partition 4	2094,2095
Partition 5	2144,2151,2152
Partition 6	2088,2089
Partition 7	2141,2149,2150
Partition 8	2135,2136,2137,2083
Partition 9	2131,2132
Partition 10	2133,2134
Partition 11	2142,2143,2076
Partition 12	2129,2130,2138,2068
Partition 13	2139,2140
Partition 14	2066
Partition 15	2098,2105
Partition 16	2103,2104
Partition 17	2078
Partition 18	2065,2185
Partition 19	2096,2097
Partition 20	2092,2093
Partition 21	2102,2101
Partition 22	2107,2106
Partition 23	2109,2108
Partition 24	2069,2111
Partition 25	2082,2062
Partition 26	2085,2086,2087
Partition 27	2081,2084
Partition 28	2079,2080
Partition 29	2157,2160
Partition 30	2156,2074
Partition 31	2072,2158
Partition 32	2164,2166
Partition 33	2070,2163
Partition 34	2161,2162,2165
Partition 35	2155,2159
Partition 36	2120,2179,2173,2177
Partition 37	2174,2175,2172
Partition 38	2127,2128
Partition 39	2167,2168,2171
Partition 40	2170,2153
Partition 41	2180,2176,2178
Partition 42	2169,2154
Partition 43	2112,2113,2110
Partition 44	2116,2117
Partition 45	2114,2071,2115
Partition 46	2188
Partition 47	2064,2125,2126
Partition 48	2118,2073,2119
Partition 49	2121,2122,2123
Partition 50	2199,2200,2184
Partition 51	2186
Partition 52	2182,2181
Partition 53	2124,2183
Partition 54	2192
Partition 55	2191,2190
Partition 56	2197,2198
Partition 57	2196,2194
Partition 58	2077,2090,2067
Partition 59	2091,2075
Partition 60	2187,2189
Partition 61	2193,2195
path	5
T	18
cut	112
Partition 1	2063,2099,2100
Partition 2	2145,2148
Partition 3	2146,2147
Partition 4	2094,2095
Partition 5	2143,2144,2151,2152
Partition 6	2088,2089
Partition 7	2141,2149,2150
Partition 8	2135,2136,2137
Partition 9	2131,2132
Partition 10	2133,2134
Partition 11	2138,2140
Partition 12	2129,2068
Partition 13	2130,2139
Partition 14	2066,2142,2076
Partition 15	2098,2105
Partition 16	2103,2104
Partition 17	2078,2090,2091,2092,2093
Partition 18	2096,2097
Partition 19	2065
Partition 20	2075
Partition 21	2101
Partition 22	2107,2106
Partition 23	2109,2108
Partition 24	2069,2111
Partition 25	2082,2083,2062
Partition 26	2085,2086,2087
Partition 27	2081,2084
Partition 28	2079,2080
Partition 29	2157,2160
Partition 30	2074
Partition 31	2072,2156,2158
Partition 32	2164,2166
Partition 33	2070,2161,2163
Partition 34	2162,2165
Partition 35	2155,2159
Partition 36	2120,2179
Partition 37	2174,2173,2177
Partition 38	2127,2128
Partition 39	2167,2168,2171
Partition 40	2153,2154
Partition 41	2176,2175,2178
Partition 42	2170,2169,2172
Partition 43	2112,2113,2110
Partition 44	2116,2117
Partition 45	2114,2071,2115
Partition 46	2126,2182,2188
Partition 47	2064,2125
Partition 48	2118,2073,2119
Partition 49	2121,2122,2123
Partition 50	2199,2200,2184
Partition 51	2185
Partition 52	2180,2181
Partition 53	2124,2183
Partition 54	2187,2189
Partition 55	2191,2190
Partition 56	2197,2198
Partition 57	2192,2193
Partition 58	2077,2102,2067
Partition 59	2186,2195
Partition 60	2196,2194
