path	1
T	15
cut	73
Partition 0	7491,7511,7512,7565
Partition 1	7501,7545
Partition 2	7498,7499
Partition 3	7507,7562,7560,7573,7563,7561
Partition 4	7508,7518,7519
Partition 5	7520,7539,7536,7590,7591,7592
Partition 6	7583,7585,7584
Partition 7	7581,7582
Partition 8	7533,7534,7535,7532
Partition 9	7593,7594,7589,7595
Partition 10	7575,7580,7588,7587
Partition 11	7509,7510,7513,7574,7540,7541
Partition 12	7514,7544
Partition 13	7557,7558
Partition 14	7490,7506,7528,7529,7492
Partition 15	7494,7537,7555,7538
Partition 16	7551,7552,7495
Partition 17	7571,7566,7567,7570,7554
Partition 18	7523,7500,7576,7577,7496
Partition 19	7542,7543,7578,7522,7548,7579
Partition 20	7524,7525
Partition 21	7568,7572
Partition 22	7549,7526,7550,7497
Partition 23	7530,7527,7531
Partition 24	7547
Partition 25	7569
Partition 27	7559
Partition 29	7515,7516,7502,7503,7504,7546,7517
Partition 30	7556
Partition 32	7553
Partition 33	7564
Partition 34	7493,7521
Partition 35	7586
Partition 37	7505
path	2
T	11
cut	78
Partition 0	7511,7512
Partition 1	7523
Partition 2	7498,7499
Partition 3	7507,7562,7560,7573,7563,7561,7572
Partition 4	7513,7520,7508,7517,7518,7519
Partition 5	7590,7591,7592
Partition 6	7585,7584,7586
Partition 7	7502,7504
Partition 8	7525,7534,7535
Partition 9	7593,7594,7589,7595
Partition 10	7575,7580,7588,7587
Partition 11	7574,7540,7541
Partition 12	7542,7544,7543
Partition 13	7514,7515
Partition 14	7490,7506,7528,7529,7492
Partition 15	7494,7537,7555,7538
Partition 16	7551,7552,7495
Partition 18	7500,7576,7577,7501,7496,7545
Partition 19	7578,7579
Partition 20	7493,7521,7522
Partition 21	7569,7571,7570
Partition 22	7549,7526,7550,7497
Partition 23	7516,7530,7503,7546,7527,7531,7547
Partition 24	7556,7568,7566,7567,7554
Partition 26	7559,7558
Partition 28	7557
Partition 29	7553
Partition 30	7564
Partition 32	7583
Partition 33	7510
Partition 34	7509
Partition 35	7539,7536
Partition 36	7548
Partition 38	7524
Partition 39	7491
Partition 41	7565
Partition 43	7532
Partition 44	7582
Partition 45	7533
Partition 47	7505
Partition 49	7581
path	3
T	15
cut	67
Partition 0	7511,7512,7565,7498,7499
Partition 1	7500,7501,7545,7564,7547
Partition 2	7562,7563
Partition 3	7560,7561
Partition 4	7508,7518,7519
Partition 5	7520,7539,7573,7536,7590,7591,7592
Partition 6	7585,7584,7586
Partition 7	7502,7504,7505,7581,7582
Partition 8	7533,7534,7535,7532
Partition 9	7593,7594,7589,7595
Partition 10	7575,7580,7588,7587
Partition 11	7509,7510,7513,7574,7540,7541
Partition 12	7542,7514,7544,7543,7583
Partition 13	7515,7557
Partition 14	7490,7506,7528,7529,7492
Partition 15	7494,7537,7555,7538
Partition 16	7551,7552,7495
Partition 17	7553,7556,7568,7566,7567,7554,7572
Partition 18	7523,7576,7577,7496,7524
Partition 19	7578,7548,7579
Partition 20	7493,7521,7522
Partition 21	7550,7571,7570
Partition 22	7549,7526,7497
Partition 23	7516,7530,7503,7546,7527,7531
Partition 24	7569
Partition 25	7507
Partition 27	7559,7558
Partition 28	7491
Partition 30	7525
Partition 31	7517
path	4
T	12
cut	68
Partition 0	7513,7511,7512
Partition 1	7501
Partition 2	7498,7499,7562,7564,7563
Partition 3	7573,7572
Partition 4	7520,7518,7519
Partition 5	7590,7591,7592
Partition 6	7585,7584,7586
Partition 7	7491,7500,7502,7504,7505,7581,7582
Partition 8	7539,7536,7533,7534,7535,7532
Partition 9	7593,7594,7589,7595
Partition 10	7575,7580,7588,7587
Partition 11	7574,7540,7541
Partition 12	7542,7544,7543
Partition 13	7515,7557,7556,7559,7558
Partition 14	7490,7506,7528,7514,7507,7529,7492
Partition 15	7494,7537,7555,7538
Partition 16	7551,7552,7560,7495,7561
Partition 17	7553,7554
Partition 18	7509,7510,7523
Partition 19	7576,7577,7578,7548,7579
Partition 20	7583,7524,7493,7521,7522,7525
Partition 21	7569,7570
Partition 22	7549,7526,7550,7497
Partition 23	7516,7503,7546,7527,7531,7547,7517
Partition 24	7565,7566,7567
Partition 25	7545
Partition 26	7568
Partition 29	7530
Partition 31	7508
Partition 32	7571
Partition 33	7496
path	5
T	15
cut	75
Partition 0	7513,7517
Partition 1	7491,7500
Partition 2	7501,7498,7499,7520,7562,7564,7563
Partition 3	7560,7561
Partition 4	7507,7508,7518,7519
Partition 5	7539,7536
Partition 6	7585,7584,7586
Partition 7	7502,7504,7505,7581,7582
Partition 8	7533,7534,7532
Partition 9	7593,7594,7589,7595
Partition 10	7575,7580,7588,7587
Partition 11	7509,7510,7574
Partition 12	7542,7514,7544,7543,7583
Partition 13	7515,7557,7556,7559,7568,7558
Partition 14	7490,7506,7528,7529,7492
Partition 15	7494,7537,7555,7538
Partition 16	7551,7552,7495
Partition 17	7566,7567
Partition 18	7540,7541
Partition 19	7547,7548,7579
Partition 20	7493,7521,7522
Partition 21	7571,7570,7572
Partition 22	7549,7526,7550,7497
Partition 23	7516,7530,7503,7546,7569,7527,7531
Partition 25	7578
Partition 26	7576,7577,7496
Partition 27	7554
Partition 28	7545
Partition 29	7512,7565
Partition 31	7511
Partition 34	7573,7590
Partition 35	7553
Partition 36	7591
Partition 37	7592
Partition 38	7535
Partition 40	7525
Partition 42	7524
Partition 44	7523
path	6
T	17
cut	75
Partition 0	7491,7511,7512,7565
Partition 1	7501,7545
Partition 2	7498,7499
Partition 3	7507,7562,7560,7573,7563,7561
Partition 4	7508,7518,7519
Partition 5	7520,7539,7536,7590,7591,7592
Partition 6	7583,7585,7584
Partition 7	7581,7582
Partition 8	7533,7534,7535,7532
Partition 9	7593,7594,7589,7595
Partition 10	7575,7580,7588,7587
Partition 11	7574,7540,7541
Partition 12	7514,7544
Partition 13	7557,7558
Partition 14	7490,7506,7528,7529,7492
Partition 15	7494,7537,7555,7538
Partition 16	7551,7552,7495
Partition 17	7566,7567,7554
Partition 18	7523,7576,7577,7496
Partition 19	7542,7543,7578,7522,7548,7579
Partition 20	7524,7525
Partition 21	7568,7572
Partition 22	7549,7526,7550,7497,7559,7571,7570
Partition 23	7530,7527,7531
Partition 24	7547
Partition 27	7569
Partition 29	7515,7516,7502,7503,7504,7546,7517
Partition 30	7556
Partition 32	7553
Partition 33	7564
Partition 34	7493,7521
Partition 35	7586
Partition 37	7505
Partition 39	7509
Partition 42	7500
Partition 44	7510
Partition 46	7513
path	7
T	10
cut	81
Partition 0	7511,7512
Partition 1	7523
Partition 2	7498,7499
Partition 3	7507,7562,7560,7573,7563,7561,7572
Partition 4	7513,7520,7508,7517,7518,7519
Partition 5	7590,7591,7592
Partition 6	7585,7584,7586
Partition 7	7502,7504
Partition 8	7525,7534,7535
Partition 9	7593,7594,7589,7595
Partition 10	7575,7580,7588,7587
Partition 11	7574,7540,7541
Partition 12	7542,7544,7543
Partition 13	7514,7515
Partition 14	7490,7506,7528,7529,7492
Partition 15	7494,7537,7555
Partition 16	7551,7552,7495
Partition 18	7500,7576,7577,7501,7496,7545
Partition 19	7578,7579
Partition 20	7493,7521,7522
Partition 21	7569,7571,7570
Partition 22	7549,7526,7550,7497
Partition 23	7516,7530,7503,7546,7527,7531,7547
Partition 24	7566,7567,7554
Partition 26	7559,7558
Partition 28	7557
Partition 29	7553
Partition 30	7564
Partition 32	7583
Partition 33	7510
Partition 34	7509
Partition 35	7539,7536
Partition 36	7548
Partition 38	7524
Partition 39	7491
Partition 41	7565
Partition 43	7532
Partition 44	7582
Partition 45	7533
Partition 47	7505
Partition 49	7581
Partition 50	7568
Partition 51	7556
Partition 52	7538
path	8
T	15
cut	74
Partition 0	7511,7512,7565
Partition 1	7500,7501,7545,7564,7547
Partition 2	7562,7563
Partition 3	7560,7561
Partition 4	7508,7518,7519
Partition 5	7520,7539,7573,7536,7590,7591,7592
Partition 6	7585,7584,7586
Partition 7	7502,7504
Partition 8	7533,7534,7535,7532
Partition 9	7593,7594,7589,7595
Partition 10	7575,7580,7588,7587
Partition 11	7509,7510,7513,7574,7540,7541,7581
Partition 12	7542,7544,7543
Partition 13	7515,7516
Partition 14	7490,7506,7528,7514,7507,7529,7492
Partition 15	7494,7537,7555,7538
Partition 16	7551,7552,7495
Partition 17	7553,7568,7566,7567,7554,7572
Partition 18	7523,7576,7577,7496,7524
Partition 19	7578,7548,7579
Partition 20	7493,7521,7522
Partition 21	7569,7571,7570
Partition 22	7549,7526,7497
Partition 23	7530,7527,7531
Partition 24	7503
Partition 27	7559,7558
Partition 28	7491
Partition 30	7525
Partition 31	7517
Partition 35	7583
Partition 36	7556
Partition 38	7546
Partition 40	7557
Partition 43	7550
Partition 44	7505
Partition 46	7582
Partition 52	7498,7499
path	9
T	13
cut	75
Partition 0	7513,7511,7512
Partition 1	7501
Partition 2	7498,7499,7562,7564,7559,7563
Partition 3	7573,7572
Partition 4	7520,7518,7519
Partition 5	7539,7591,7592
Partition 6	7585
Partition 7	7491,7500,7502,7504,7505,7581,7582
Partition 8	7533,7534,7535,7532
Partition 9	7593,7594,7589,7595
Partition 10	7575,7580,7588,7587
Partition 11	7574,7540,7541
Partition 12	7542,7544,7543
Partition 13	7557,7556
Partition 14	7490,7506,7528,7529,7492
Partition 15	7494,7537,7555,7538
Partition 16	7507,7551,7552,7560,7495,7561
Partition 17	7567,7554,7586
Partition 18	7509,7510,7523
Partition 19	7576,7577,7578,7548,7579
Partition 20	7583,7524,7493,7521,7522,7525
Partition 21	7569,7570
Partition 22	7549,7526,7550,7497
Partition 23	7516,7503,7546,7527,7531,7547,7517
Partition 24	7565,7566
Partition 25	7545
Partition 26	7568
Partition 31	7508
Partition 32	7571
Partition 33	7496
Partition 35	7584
Partition 37	7553
Partition 38	7530
Partition 40	7514
Partition 43	7515
Partition 45	7558
Partition 46	7536
Partition 49	7590
path	10
T	14
cut	78
Partition 0	7513,7517
Partition 1	7491,7500
Partition 2	7501,7498,7499,7520,7562,7564,7563
Partition 3	7560,7561
Partition 4	7508,7518,7519
Partition 5	7539,7536
Partition 6	7585,7584,7586
Partition 7	7502,7504,7505,7581,7582
Partition 8	7533,7534,7532
Partition 9	7593,7594,7589,7595
Partition 10	7575,7580,7588,7587
Partition 11	7509,7510,7574
Partition 12	7542,7544,7543
Partition 13	7515,7557,7556,7559,7568,7558
Partition 14	7490,7506,7528,7529,7492
Partition 15	7494,7537,7555,7538
Partition 16	7551,7552,7495
Partition 17	7566,7567
Partition 18	7540,7541
Partition 19	7547,7548,7579
Partition 20	7493,7521,7522
Partition 21	7571,7570,7572
Partition 22	7549,7526,7550,7497
Partition 23	7516,7530,7503,7546,7569,7527,7531
Partition 25	7578
Partition 26	7576,7577,7496
Partition 27	7554
Partition 28	7545
Partition 29	7512,7565
Partition 31	7511
Partition 34	7573,7590
Partition 35	7553
Partition 36	7591
Partition 37	7592
Partition 38	7535
Partition 40	7525
Partition 42	7524
Partition 44	7523
Partition 46	7507
Partition 48	7583
Partition 53	7514
