path	1
T	4
cut	59
Partition 0	3547,3548,3545,3546
Partition 1	3553,3550,3551,3552,3584
Partition 2	3524,3542,3543
Partition 3	3541
Partition 4	3596,3595,3597
Partition 5	3555
Partition 6	3538,3534,3536,3537
Partition 8	3527,3528,3529,3577,3530,3525
Partition 9	3523,3573,3574,3575
Partition 10	3572,3609,3610
Partition 11	3522,3578,3579,3580
Partition 12	3556,3549,3557,3576
Partition 13	3606,3607,3608
Partition 14	3605
Partition 15	3604,3602,3603
Partition 16	3564,3565,3598
Partition 17	3560,3567,3571
Partition 18	3559,3558,3539,3520
Partition 20	3570
Partition 21	3581,3582,3600,3601,3599,3535,3540
Partition 22	3568,3563,3569,3561,3562
Partition 23	3521,3533,3526,3531,3532
Partition 24	3588,3589,3592,3593
Partition 25	3586,3587,3585,3590,3591
Partition 26	3566
Partition 27	3544
Partition 29	3594
Partition 31	3583
Partition 32	3554
path	2
T	13
cut	62
Partition 0	3547,3548,3545,3546
Partition 1	3536,3537
Partition 2	3524,3542,3543
Partition 3	3541
Partition 4	3553,3554,3555,3596,3556,3595,3597
Partition 6	3538
Partition 7	3550,3551,3584
Partition 8	3577,3530
Partition 9	3523,3573,3574,3575
Partition 10	3572,3609,3610
Partition 11	3522,3578,3579,3580
Partition 12	3549,3557,3576
Partition 13	3606,3607,3608
Partition 14	3601,3599
Partition 15	3604,3602,3603
Partition 16	3564,3565,3598
Partition 17	3560,3567,3571
Partition 18	3559,3527,3529,3558,3539,3520
Partition 19	3600
Partition 20	3566,3568,3563,3569
Partition 21	3581,3521,3533,3570,3594
Partition 22	3582,3605
Partition 23	3585,3526,3531,3561,3532,3525
Partition 24	3588,3589,3592
Partition 25	3587,3528,3544,3590,3591
Partition 26	3586
Partition 27	3593
Partition 29	3562
Partition 30	3583
Partition 31	3552
Partition 32	3534
Partition 34	3540
Partition 35	3535
path	3
T	19
cut	65
Partition 0	3547,3548,3545,3546
Partition 1	3550,3551,3584
Partition 2	3524,3542,3543
Partition 4	3596,3595,3597
Partition 6	3534,3536
Partition 7	3585
Partition 8	3553,3554,3529,3537,3525,3552
Partition 9	3523,3573,3574,3575
Partition 10	3572,3609,3610
Partition 11	3522,3578,3579,3580
Partition 12	3556,3549,3557,3576
Partition 13	3606,3607,3608
Partition 14	3601
Partition 15	3604,3602,3603
Partition 16	3564,3565,3598
Partition 17	3560,3567,3571
Partition 18	3559,3558,3539,3520
Partition 20	3568,3563,3570,3569,3594
Partition 21	3581,3582,3599,3561,3562,3540
Partition 22	3583,3526,3531,3532
Partition 23	3587,3566,3521,3533,3544,3590
Partition 24	3588,3589,3592,3593
Partition 25	3577,3530
Partition 28	3535
Partition 29	3591
Partition 35	3555
Partition 36	3538
Partition 38	3586
Partition 39	3527
Partition 41	3541
Partition 42	3600
Partition 43	3528
Partition 44	3605
path	4
T	17
cut	63
Partition 0	3544,3545,3546
Partition 1	3550,3551,3584
Partition 2	3524,3542,3547,3559,3543,3548
Partition 3	3528,3541
Partition 4	3597
Partition 5	3553,3554,3596,3595,3552
Partition 6	3538,3534,3536,3537
Partition 8	3529
Partition 9	3523,3573,3586,3574,3572
Partition 10	3609,3610
Partition 11	3522,3578,3579,3580
Partition 12	3556,3549,3557,3576
Partition 13	3606,3607,3608
Partition 14	3600,3605,3601,3599,3562
Partition 15	3604,3602,3603
Partition 16	3564,3565,3598
Partition 17	3560,3567,3571
Partition 18	3527,3558,3539,3520
Partition 20	3568,3533,3563,3570,3569,3594
Partition 21	3566,3521
Partition 22	3582,3583,3588
Partition 23	3526,3531,3561,3532
Partition 24	3589,3592
Partition 25	3587,3590,3591
Partition 26	3581
Partition 29	3525
Partition 30	3555
Partition 32	3535
Partition 34	3540
Partition 35	3593
Partition 36	3577
Partition 37	3530
Partition 39	3575
Partition 40	3585
path	5
T	18
cut	63
Partition 0	3547,3548,3545,3546
Partition 1	3550,3551
Partition 2	3524,3542,3543
Partition 3	3541
Partition 4	3596,3595,3597
Partition 5	3553
Partition 6	3554,3555,3538,3534,3536,3537
Partition 7	3585
Partition 8	3527,3528
Partition 9	3523,3573,3586,3574,3575
Partition 10	3572,3609,3610
Partition 11	3522,3578,3579,3580
Partition 12	3556,3557,3576
Partition 13	3607,3608
Partition 14	3601,3599,3540
Partition 15	3604,3602,3603
Partition 16	3564,3565,3566,3598
Partition 17	3560,3567,3571
Partition 18	3559,3558,3539,3520
Partition 20	3563,3562
Partition 21	3521,3533,3535
Partition 22	3606,3582,3605
Partition 23	3587,3526,3531,3561,3532,3590,3525
Partition 24	3588,3589,3591,3592,3593
Partition 26	3552
Partition 29	3584
Partition 30	3544
Partition 32	3549
Partition 33	3568,3570,3569,3594
Partition 34	3583
Partition 35	3581,3600
Partition 36	3577,3530
Partition 38	3529
