path	1
T	2
cut	6
Partition 0	803,798,801,796
Partition 1	800,802,804,805,806
Partition 2	814,807,812,813,811
Partition 3	809,810,797,808,799
path	2
T	2
cut	6
Partition 0	803,798,801,796
Partition 1	800,802,804,805,806
Partition 2	814,807,812,813,808,811
Partition 3	809,810,797,799
path	3
T	2
cut	5
Partition 0	803,798,801,796
Partition 1	800,802,804,805,806
Partition 2	814,807,812,813
Partition 3	809,810,797,808,811,799
path	4
T	2
cut	5
Partition 0	803,798,801,796
Partition 1	800,802,804,805,806
Partition 2	814,807,812,813
Partition 3	809,810,797,808,811,799
path	5
T	2
cut	6
Partition 0	803,798,801,796
Partition 1	800,802,804,805,806
Partition 2	814,812,813,810,809,811
Partition 3	797,808,799,807
path	6
T	2
cut	7
Partition 0	801,796,806,802,805,804,800
Partition 1	799,798,803
Partition 2	814,807,812,813,811
Partition 3	809,810,797,808
path	7
T	2
cut	6
Partition 0	803,798,801,796
Partition 1	802,804,805,806
Partition 2	814,807,812,813
Partition 3	809,810,797,808,811,800,799
path	8
T	2
cut	5
Partition 0	803,798,801,796
Partition 1	800,802,804,805,806
Partition 2	814,812,813
Partition 3	809,810,797,808,811,799,807
path	9
T	2
cut	6
Partition 0	803,798,801,796
Partition 1	800,802,804,805,806
Partition 2	814,812,813,811
Partition 3	809,810,797,808,799,807
path	10
T	2
cut	5
Partition 0	803,798,801,796
Partition 1	800,802,804,805,806
Partition 2	814,807,812,813
Partition 3	809,810,797,808,811,799
