sol	1
T	2
cut	4
Partition 0	392,379,385,386,387,391
Partition 1	378,384,380,389,390
Partition 2	388,382,383,381
sol	2
T	2
cut	4
Partition 0	392,379,385,386,387
Partition 1	378,384,380,389,390,391
Partition 2	388,382,383,381
sol	3
T	2
cut	5
Partition 0	392,379,385,386,387,391
Partition 1	384,380,389,390
Partition 2	388,382,383,381,378
sol	4
T	2
cut	4
Partition 0	392,379,385,386,387,388,391
Partition 1	378,384,380,389,390
Partition 2	382,383,381
sol	5
T	2
cut	4
Partition 0	392,379,385,386,387
Partition 1	378,384,380,389,390,388,391
Partition 2	382,383,381
sol	6
T	2
cut	5
Partition 0	392,385,386,387,391
Partition 1	378,384,380,389,390,379
Partition 2	388,382,383,381
sol	7
T	2
cut	5
Partition 0	392,385,386,387,391
Partition 1	378,384,380,389,390
Partition 2	388,382,383,381,379
sol	8
T	2
cut	5
Partition 0	392,385,386,387
Partition 1	378,384,380,389,390,391
Partition 2	388,382,383,381,379
sol	9
T	2
cut	4
Partition 0	392,379,385,386,387,391
Partition 1	378,384,380,389,390,383
Partition 2	388,382,381
sol	10
T	2
cut	4
Partition 0	392,379,385,386,387
Partition 1	378,384,380,389,390,391,383
Partition 2	388,382,381
sol	11
T	2
cut	5
Partition 0	392,379,385,386,387,391
Partition 1	378,384,389,390
Partition 2	388,382,383,381,380
sol	12
T	2
cut	4
Partition 0	392,379,385,386,387,391,390
Partition 1	378,384,380,389
Partition 2	388,382,383,381
sol	13
T	2
cut	5
Partition 0	392,379,385,386,387,388,391
Partition 1	384,380,389,390
Partition 2	382,383,381,378
sol	14
T	2
cut	4
Partition 0	392,379,385,386,387,391
Partition 1	380,389,390
Partition 2	388,382,383,381,378,384
sol	15
T	2
cut	4
Partition 0	392,379,385,386,387
Partition 1	380,389,390,391
Partition 2	388,382,383,381,378,384
sol	16
T	2
cut	6
Partition 0	392,385,386,387,391
Partition 1	384,380,389,390
Partition 2	388,382,383,381,378,379
sol	17
T	2
cut	5
Partition 0	392,379,385,386,387,391
Partition 1	384,380,389,390,383
Partition 2	388,382,381,378
sol	18
T	2
cut	5
Partition 0	392,379,385,386,387,391,390
Partition 1	384,380,389
Partition 2	388,382,383,381,378
sol	19
T	2
cut	5
Partition 0	392,385,386,387,388,391
Partition 1	378,384,380,389,390,379
Partition 2	382,383,381
sol	20
T	2
cut	5
Partition 0	392,385,386,387,388,391
Partition 1	378,384,380,389,390
Partition 2	382,383,381,379
sol	21
T	2
cut	5
Partition 0	392,385,386,387
Partition 1	378,384,380,389,390,388,391
Partition 2	382,383,381,379
sol	22
T	2
cut	5
Partition 0	392,379,385,386,387,388,391
Partition 1	378,384,389,390
Partition 2	382,383,381,380
sol	23
T	2
cut	5
Partition 0	392,386,387,391
Partition 1	378,384,380,389,390,379,385
Partition 2	388,382,383,381
sol	24
T	2
cut	5
Partition 0	392,386,387,391
Partition 1	378,384,380,389,390
Partition 2	388,382,383,381,379,385
sol	25
T	2
cut	5
Partition 0	392,386,387
Partition 1	378,384,380,389,390,391
Partition 2	388,382,383,381,379,385
sol	26
T	2
cut	5
Partition 0	392,385,386,387,391
Partition 1	378,384,380,389,390,379,383
Partition 2	388,382,381
sol	27
T	2
cut	5
Partition 0	392,385,386,387,391
Partition 1	378,384,380,389,390,383
Partition 2	388,382,381,379
sol	28
T	2
cut	5
Partition 0	392,385,386,387
Partition 1	378,384,380,389,390,391,383
Partition 2	388,382,381,379
sol	29
T	2
cut	6
Partition 0	392,385,386,387,391
Partition 1	378,384,389,390
Partition 2	388,382,383,381,379,380
sol	30
T	2
cut	5
Partition 0	392,385,386,387,391,390
Partition 1	378,384,380,389,379
Partition 2	388,382,383,381
sol	31
T	2
cut	5
Partition 0	392,385,386,387,391,390
Partition 1	378,384,380,389
Partition 2	388,382,383,381,379
sol	32
T	2
cut	5
Partition 0	392,379,385,386,387,391
Partition 1	378,384,389,390,383
Partition 2	388,382,381,380
sol	33
T	2
cut	4
Partition 0	392,379,385,386,387,391,390
Partition 1	378,384,380,389,383
Partition 2	388,382,381
sol	34
T	2
cut	5
Partition 0	392,379,385,386,387,391,390
Partition 1	378,384,389
Partition 2	388,382,383,381,380
sol	35
T	2
cut	4
Partition 0	379,385,386,387,378,384
Partition 1	380,389,390,392,391
Partition 2	388,382,383,381
sol	36
T	2
cut	5
Partition 0	379,385,386,387,384
Partition 1	380,389,390,392,391
Partition 2	388,382,383,381,378
sol	37
T	2
cut	4
Partition 0	379,385,386,387
Partition 1	380,389,390,392,391
Partition 2	388,382,383,381,378,384
sol	38
T	2
cut	4
Partition 0	392,379,385,386,387,388,391
Partition 1	380,389,390
Partition 2	382,383,381,378,384
sol	39
T	2
cut	5
Partition 0	392,379,385,386,387,391
Partition 1	380,389,390,388
Partition 2	382,383,381,378,384
sol	40
T	2
cut	4
Partition 0	392,379,385,386,387
Partition 1	380,389,390,388,391
Partition 2	382,383,381,378,384
sol	41
T	2
cut	6
Partition 0	392,385,386,387,388,391
Partition 1	384,380,389,390
Partition 2	382,383,381,378,379
sol	42
T	2
cut	5
Partition 0	392,379,385,386,387,388,391
Partition 1	384,380,389,390,383
Partition 2	382,381,378
sol	43
T	2
cut	5
Partition 0	392,385,386,387,391
Partition 1	380,389,390,379
Partition 2	388,382,383,381,378,384
sol	44
T	2
cut	5
Partition 0	392,385,386,387,391
Partition 1	380,389,390
Partition 2	388,382,383,381,378,384,379
sol	45
T	2
cut	5
Partition 0	392,385,386,387
Partition 1	380,389,390,391,379
Partition 2	388,382,383,381,378,384
sol	46
T	2
cut	5
Partition 0	392,385,386,387
Partition 1	380,389,390,391
Partition 2	388,382,383,381,378,384,379
sol	47
T	2
cut	5
Partition 0	392,379,385,386,387
Partition 1	389,390,391
Partition 2	388,382,383,381,378,384,380
sol	48
T	2
cut	6
Partition 0	392,386,387,391
Partition 1	384,380,389,390
Partition 2	388,382,383,381,378,379,385
sol	49
T	2
cut	6
Partition 0	392,385,386,387,391
Partition 1	384,380,389,390,383
Partition 2	388,382,381,378,379
sol	50
T	2
cut	6
Partition 0	392,385,386,387,391,390
Partition 1	384,380,389
Partition 2	388,382,383,381,378,379
sol	51
T	2
cut	5
Partition 0	392,379,385,386,387,391,390
Partition 1	384,380,389,383
Partition 2	388,382,381,378
sol	52
T	2
cut	5
Partition 0	392,386,387,388,391
Partition 1	378,384,380,389,390,379,385
Partition 2	382,383,381
sol	53
T	2
cut	5
Partition 0	392,386,387,388,391
Partition 1	378,384,380,389,390
Partition 2	382,383,381,379,385
sol	54
T	2
cut	5
Partition 0	392,386,387
Partition 1	378,384,380,389,390,388,391
Partition 2	382,383,381,379,385
sol	55
T	2
cut	5
Partition 0	392,385,386,387,388,391
Partition 1	378,384,380,389,390,383
Partition 2	382,381,379
sol	56
T	2
cut	6
Partition 0	392,385,386,387,388,391
Partition 1	378,384,389,390
Partition 2	382,383,381,379,380
sol	57
T	2
cut	5
Partition 0	392,385,386,387,388,391,390
Partition 1	378,384,380,389,379
Partition 2	382,383,381
sol	58
T	2
cut	5
Partition 0	392,385,386,387,388,391,390
Partition 1	378,384,380,389
Partition 2	382,383,381,379
sol	59
T	2
cut	5
Partition 0	392,379,385,386,387,388,391
Partition 1	378,384,389,390,383
Partition 2	382,381,380
sol	60
T	2
cut	5
Partition 0	392,386,387,391
Partition 1	378,384,380,389,390,383
Partition 2	388,382,381,379,385
sol	61
T	2
cut	5
Partition 0	392,386,387
Partition 1	378,384,380,389,390,391,383
Partition 2	388,382,381,379,385
sol	62
T	2
cut	5
Partition 0	392,387,391
Partition 1	378,384,380,389,390,385,386
Partition 2	388,382,383,381,379
sol	63
T	2
cut	5
Partition 0	392,387,391
Partition 1	378,384,380,389,390,386
Partition 2	388,382,383,381,379,385
sol	64
T	2
cut	6
Partition 0	392,386,387,391
Partition 1	378,384,389,390
Partition 2	388,382,383,381,379,385,380
sol	65
T	2
cut	5
Partition 0	392,386,387,391,390
Partition 1	378,384,380,389,379,385
Partition 2	388,382,383,381
sol	66
T	2
cut	5
Partition 0	392,386,387,391,390
Partition 1	378,384,380,389
Partition 2	388,382,383,381,379,385
sol	67
T	2
cut	6
Partition 0	392,385,386,387,391
Partition 1	378,384,389,390,383
Partition 2	388,382,381,379,380
sol	68
T	2
cut	5
Partition 0	392,385,386,387,391,390
Partition 1	378,384,380,389,379,383
Partition 2	388,382,381
sol	69
T	2
cut	5
Partition 0	392,385,386,387,391,390
Partition 1	378,384,380,389,383
Partition 2	388,382,381,379
sol	70
T	2
cut	6
Partition 0	392,385,386,387,391,390
Partition 1	378,384,389
Partition 2	388,382,383,381,379,380
sol	71
T	2
cut	5
Partition 0	392,379,385,386,387,391,390
Partition 1	378,384,389,383
Partition 2	388,382,381,380
sol	72
T	2
cut	4
Partition 0	392,379,385,386,387
Partition 1	378,384,380,389,382,383,381
Partition 2	388,391,390
sol	73
T	2
cut	4
Partition 0	379,385,386,387,378,384
Partition 1	380,389,390,392,388,391
Partition 2	382,383,381
sol	74
T	2
cut	5
Partition 0	379,385,386,387,388
Partition 1	380,389,390,392,391
Partition 2	382,383,381,378,384
sol	75
T	2
cut	5
Partition 0	379,385,386,387,384
Partition 1	380,389,390,392,388,391
Partition 2	382,383,381,378
sol	76
T	2
cut	4
Partition 0	379,385,386,387
Partition 1	380,389,390,392,388,391
Partition 2	382,383,381,378,384
sol	77
T	2
cut	5
Partition 0	385,386,387,378,384
Partition 1	380,389,390,392,391
Partition 2	388,382,383,381,379
sol	78
T	2
cut	5
Partition 0	385,386,387
Partition 1	380,389,390,392,391
Partition 2	388,382,383,381,378,384,379
sol	79
T	2
cut	4
Partition 0	379,385,386,387,378,384,383
Partition 1	380,389,390,392,391
Partition 2	388,382,381
sol	80
T	2
cut	5
Partition 0	379,385,386,387,384,383
Partition 1	380,389,390,392,391
Partition 2	388,382,381,378
sol	81
T	2
cut	5
Partition 0	379,385,386,387,378,384,380
Partition 1	389,390,392,391
Partition 2	388,382,383,381
sol	82
T	2
cut	5
Partition 0	379,385,386,387,378,384
Partition 1	389,390,392,391
Partition 2	388,382,383,381,380
sol	83
T	2
cut	6
Partition 0	379,385,386,387,384
Partition 1	389,390,392,391
Partition 2	388,382,383,381,378,380
sol	84
T	2
cut	5
Partition 0	379,385,386,387,380
Partition 1	389,390,392,391
Partition 2	388,382,383,381,378,384
sol	85
T	2
cut	5
Partition 0	379,385,386,387
Partition 1	389,390,392,391
Partition 2	388,382,383,381,378,384,380
sol	86
T	2
cut	4
Partition 0	379,385,386,378,384
Partition 1	380,389,390,392,391,387
Partition 2	388,382,383,381
sol	87
T	2
cut	5
Partition 0	379,385,386,384
Partition 1	380,389,390,392,391,387
Partition 2	388,382,383,381,378
sol	88
T	2
cut	4
Partition 0	379,385,386
Partition 1	380,389,390,392,391,387
Partition 2	388,382,383,381,378,384
sol	89
T	2
cut	5
Partition 0	379,385,386,387,390
Partition 1	378,384,380,389,382,383,381
Partition 2	388,391,392
sol	90
T	2
cut	4
Partition 0	379,385,386,387
Partition 1	378,384,380,389,382,383,381
Partition 2	388,391,392,390
sol	91
T	2
cut	5
Partition 0	392,385,386,387,388,391
Partition 1	380,389,390,379
Partition 2	382,383,381,378,384
sol	92
T	2
cut	5
Partition 0	392,385,386,387,388,391
Partition 1	380,389,390
Partition 2	382,383,381,378,384,379
sol	93
T	2
cut	6
Partition 0	392,385,386,387,391
Partition 1	380,389,390,388
Partition 2	382,383,381,378,384,379
sol	94
T	2
cut	5
Partition 0	392,385,386,387
Partition 1	380,389,390,388,391,379
Partition 2	382,383,381,378,384
sol	95
T	2
cut	5
Partition 0	392,385,386,387
Partition 1	380,389,390,388,391
Partition 2	382,383,381,378,384,379
sol	96
T	2
cut	5
Partition 0	392,379,385,386,387
Partition 1	389,390,388,391
Partition 2	382,383,381,378,384,380
sol	97
T	2
cut	5
Partition 0	392,379,385,386,387,391,390
Partition 1	380,389,388
Partition 2	382,383,381,378,384
sol	98
T	2
cut	6
Partition 0	392,386,387,388,391
Partition 1	384,380,389,390
Partition 2	382,383,381,378,379,385
sol	99
T	2
cut	6
Partition 0	392,385,386,387,388,391
Partition 1	384,380,389,390,383
Partition 2	382,381,378,379
sol	100
T	2
cut	6
Partition 0	392,385,386,387,388,391,390
Partition 1	384,380,389
Partition 2	382,383,381,378,379
sol	101
T	2
cut	5
Partition 0	392,386,387,391
Partition 1	380,389,390,379,385
Partition 2	388,382,383,381,378,384
sol	102
T	2
cut	6
Partition 0	392,386,387,391
Partition 1	380,389,390,385
Partition 2	388,382,383,381,378,384,379
sol	103
T	2
cut	5
Partition 0	392,386,387
Partition 1	380,389,390,391,379,385
Partition 2	388,382,383,381,378,384
sol	104
T	2
cut	6
Partition 0	392,385,386,387,391
Partition 1	389,390,379
Partition 2	388,382,383,381,378,384,380
sol	105
T	2
cut	5
Partition 0	392,385,386,387,391,390
Partition 1	380,389,379
Partition 2	388,382,383,381,378,384
sol	106
T	2
cut	6
Partition 0	392,386,387,391
Partition 1	384,380,389,390,383
Partition 2	388,382,381,378,379,385
sol	107
T	2
cut	5
Partition 0	392,387,391
Partition 1	384,380,389,390,379,385,386
Partition 2	388,382,383,381,378
sol	108
T	2
cut	6
Partition 0	392,386,387,391,390
Partition 1	384,380,389
Partition 2	388,382,383,381,378,379,385
sol	109
T	2
cut	6
Partition 0	392,385,386,387,391,390
Partition 1	384,380,389,383
Partition 2	388,382,381,378,379
sol	110
T	2
cut	5
Partition 0	392,386,387,388,391
Partition 1	378,384,380,389,390,383
Partition 2	382,381,379,385
sol	111
T	2
cut	5
Partition 0	392,387,388,391
Partition 1	378,384,380,389,390,385,386
Partition 2	382,383,381,379
sol	112
T	2
cut	5
Partition 0	392,387,388,391
Partition 1	378,384,380,389,390,386
Partition 2	382,383,381,379,385
sol	113
T	2
cut	6
Partition 0	392,386,387,388,391
Partition 1	378,384,389,390
Partition 2	382,383,381,379,385,380
sol	114
T	2
cut	5
Partition 0	392,386,387,388,391,390
Partition 1	378,384,380,389,379,385
Partition 2	382,383,381
sol	115
T	2
cut	5
Partition 0	392,386,387,388,391,390
Partition 1	378,384,380,389
Partition 2	382,383,381,379,385
sol	116
T	2
cut	6
Partition 0	392,385,386,387,388,391
Partition 1	378,384,389,390,383
Partition 2	382,381,379,380
sol	117
T	2
cut	5
Partition 0	392,385,386,387,388,391,390
Partition 1	378,384,380,389,383
Partition 2	382,381,379
sol	118
T	2
cut	6
Partition 0	392,385,386,387,388,391,390
Partition 1	378,384,389
Partition 2	382,383,381,379,380
sol	119
T	2
cut	5
Partition 0	392,387,391
Partition 1	378,384,380,389,390,383,386
Partition 2	388,382,381,379,385
sol	120
T	2
cut	6
Partition 0	392,386,387,391
Partition 1	378,384,389,390,383
Partition 2	388,382,381,379,385,380
sol	121
T	2
cut	5
Partition 0	392,386,387,391,390
Partition 1	378,384,380,389,379,385,383
Partition 2	388,382,381
sol	122
T	2
cut	5
Partition 0	392,386,387,391,390
Partition 1	378,384,380,389,383
Partition 2	388,382,381,379,385
sol	123
T	2
cut	5
Partition 0	392,387,391
Partition 1	378,384,389,390,379,385,386
Partition 2	388,382,383,381,380
sol	124
T	2
cut	4
Partition 0	392,387,391,390
Partition 1	378,384,380,389,379,385,386
Partition 2	388,382,383,381
sol	125
T	2
cut	5
Partition 0	392,387,391,390
Partition 1	378,384,380,389,385,386
Partition 2	388,382,383,381,379
sol	126
T	2
cut	5
Partition 0	392,387,391,390
Partition 1	378,384,380,389,386
Partition 2	388,382,383,381,379,385
sol	127
T	2
cut	6
Partition 0	392,386,387,391,390
Partition 1	378,384,389
Partition 2	388,382,383,381,379,385,380
sol	128
T	2
cut	6
Partition 0	392,385,386,387,391,390
Partition 1	378,384,389,383
Partition 2	388,382,381,379,380
sol	129
T	2
cut	5
Partition 0	392,385,386,387
Partition 1	378,384,380,389,382,383,381
Partition 2	388,391,379,390
sol	130
T	2
cut	5
Partition 0	392,379,385,386,387
Partition 1	378,384,380,382,383,381
Partition 2	388,391,389,390
