cut	59
Partition 0	3599,3608,3598
Partition 1	3571,3572,3570,3520
Partition 2	3611,3610,3609
Partition 3	3522,3544,3568,3569
Partition 4	3589,3596,3597
Partition 5	3592,3593,3594,3595
Partition 6	3590,3533,3548,3549
Partition 7	3545,3550,3551
Partition 8	3546,3552,3523
Partition 9	3543,3542,3530,3531
Partition 10	3540,3524,3541
Partition 11	3534,3535,3532,3536
Partition 12	3576,3529,3575,3577
Partition 13	3567,3556,3566
Partition 14	3537,3538,3539
Partition 15	3527,3528,3580,3581
Partition 16	3573,3574,3584
Partition 17	3555,3526,3554,3553
Partition 18	3578,3579,3582,3583
Partition 19	3562,3561,3563
Partition 20	3601,3602,3603
Partition 21	3604,3605,3607,3606
Partition 22	3547,3591,3521
Partition 23	3558,3557,3564,3565
Partition 24	3588,3585,3586,3587
Partition 25	3525,3559,3600,3560
