path	1
T	11
cut	46
Partition 0	3594,3592,3593,3522
Partition 1	3542,3538,3543
Partition 2	3581,3536,3537,3582
Partition 3	3541,3583,3584,3585,3539,3540
Partition 4	3544,3545,3546
Partition 5	3547,3601,3600,3602
Partition 6	3586,3587,3588,3520
Partition 7	3580,3599,3597,3598
Partition 8	3554,3591,3590,3589
Partition 9	3574,3575
Partition 10	3576,3577,3578,3572
Partition 11	3557,3560,3558,3559
Partition 12	3548,3550,3549,3551
Partition 13	3563,3564,3562,3579
Partition 14	3568,3569,3573
Partition 15	3555,3526,3552,3570,3571
Partition 16	3565,3566,3534,3567,3524
Partition 17	3521,3527,3553,3531,3528,3529
Partition 18	3530,3533,3525
Partition 21	3535
Partition 23	3595,3596
Partition 24	3561,3523,3556
Partition 27	3532
path	2
T	10
cut	48
Partition 0	3594,3592,3593,3522
Partition 1	3541,3542,3543
Partition 2	3581,3536,3582
Partition 3	3583,3584,3585,3539,3540
Partition 4	3535,3544,3545,3546
Partition 5	3547,3601,3600,3602
Partition 6	3586,3587,3588,3520
Partition 7	3599,3597,3598
Partition 8	3554,3591,3590,3589
Partition 9	3574,3523
Partition 10	3576,3577,3578,3575,3572
Partition 11	3557,3560,3561,3558,3559
Partition 12	3521,3548,3550,3549,3551
Partition 13	3580,3563,3564,3562,3579
Partition 14	3568,3569,3573
Partition 15	3555,3526,3552,3570,3571
Partition 16	3565,3566,3567,3524
Partition 17	3527,3531,3528,3529
Partition 18	3553,3530,3533,3534,3525
Partition 21	3538
Partition 22	3595
Partition 23	3596
Partition 24	3537
Partition 28	3532
Partition 29	3556
path	3
T	6
cut	46
Partition 0	3595,3594,3592,3593
Partition 1	3521,3541,3542,3538,3522,3543
Partition 2	3581,3536,3537,3582
Partition 3	3583,3584,3585,3539,3540
Partition 4	3535,3544,3545,3546
Partition 5	3547,3601,3600,3602
Partition 6	3586,3587,3588,3520
Partition 7	3580,3599,3598,3579
Partition 8	3554,3591,3590,3589
Partition 10	3576,3577,3578,3572
Partition 11	3557,3560,3558,3559
Partition 12	3548,3550,3549,3551
Partition 13	3561,3563,3564,3562
Partition 14	3526,3570,3571,3568,3569,3573
Partition 15	3555,3552
Partition 16	3565,3566,3567,3524
Partition 17	3527,3531,3528,3529
Partition 18	3553,3533,3534,3525
Partition 19	3530
Partition 21	3556
Partition 23	3532,3574,3575,3523
Partition 24	3597
Partition 26	3596
path	4
T	13
cut	48
Partition 0	3594,3592,3593,3522
Partition 1	3521,3541,3542,3538,3543
Partition 2	3581,3536,3537,3582
Partition 3	3583,3584,3585,3539,3540
Partition 4	3535,3544,3545,3546
Partition 5	3547,3601,3600,3602
Partition 6	3586,3587,3588,3520
Partition 7	3599,3597,3598
Partition 8	3554,3590,3589
Partition 9	3532,3574,3575,3523,3556
Partition 10	3576,3577,3578,3572,3579
Partition 11	3557,3560,3558,3559
Partition 12	3548,3550,3549,3551
Partition 13	3561,3563,3564,3562
Partition 14	3570,3568,3569
Partition 15	3555,3552
Partition 16	3565,3566,3567,3524
Partition 17	3527,3531,3528,3529
Partition 18	3553,3530,3533,3534,3525
Partition 19	3571
Partition 20	3573
Partition 25	3526
Partition 26	3580
Partition 28	3591
Partition 29	3595,3596
path	5
T	12
cut	46
Partition 0	3594,3592,3593,3522
Partition 1	3542,3538,3543
Partition 2	3581,3536,3537,3582
Partition 3	3583,3584,3585,3539,3540
Partition 4	3535,3544,3545,3546
Partition 5	3547,3599,3601,3600,3602
Partition 6	3586,3587,3588,3520
Partition 7	3595,3596,3597,3598
Partition 8	3554,3591,3590,3589
Partition 9	3532,3561,3574,3575,3523,3556
Partition 10	3576,3577,3578,3572
Partition 11	3557,3560,3526,3558,3559
Partition 12	3548,3550,3549,3551
Partition 13	3580,3563,3564,3562,3579
Partition 14	3568,3569,3573
Partition 15	3570,3571
Partition 16	3565,3566,3567,3524
Partition 17	3521,3527,3541,3531,3528,3529
Partition 18	3530,3533,3525
Partition 20	3555
Partition 21	3553
Partition 22	3534
Partition 24	3552
path	6
T	9
cut	46
Partition 0	3594,3592,3593,3522
Partition 1	3542,3538,3543
Partition 2	3581,3536,3537,3582
Partition 3	3541,3583,3584,3585,3539,3540
Partition 4	3544,3545,3546
Partition 5	3547,3601,3600,3602
Partition 6	3586,3587,3588,3520
Partition 7	3580,3599,3597,3598
Partition 8	3554,3591,3590,3589
Partition 9	3574,3523
Partition 10	3576,3577,3578,3575,3572
Partition 11	3557,3560,3558,3559
Partition 12	3548,3550,3549,3551
Partition 13	3563,3564,3562,3579
Partition 14	3568,3569,3573
Partition 15	3555,3526,3552,3570,3571
Partition 16	3565,3566,3567,3524
Partition 17	3521,3527,3553,3531,3528,3529
Partition 18	3530,3533,3525
Partition 21	3535,3534
Partition 23	3595,3596
Partition 24	3561,3556
Partition 27	3532
path	7
T	10
cut	48
Partition 0	3594,3592,3593,3522
Partition 1	3542,3538,3543
Partition 2	3581,3536,3537
Partition 3	3541,3583,3584,3585,3539,3540
Partition 4	3535,3544,3545,3546
Partition 5	3547,3601,3600,3602
Partition 6	3586,3587,3588,3520
Partition 7	3599,3597,3598
Partition 8	3554,3590,3589
Partition 9	3532,3574,3575,3523,3556
Partition 10	3576,3577,3578,3572,3579
Partition 11	3557,3560,3558,3559
Partition 12	3548,3550,3549,3551
Partition 13	3561,3563,3564,3562
Partition 14	3570,3568,3569
Partition 15	3555,3552
Partition 16	3565,3566,3534,3571,3567,3524
Partition 17	3527,3531,3528,3529
Partition 18	3521,3553,3530,3533,3525
Partition 20	3573
Partition 25	3526
Partition 26	3580
Partition 28	3591
Partition 29	3595,3596
Partition 31	3582
