path	1
T	22
cut	91
Partition 0	2077,2102,2103,2101,2067
Partition 2	2080,2081,2085,2084,2086
Partition 5	2078,2090,2091,2092,2093
Partition 6	2079,2096,2097,2075
Partition 8	2063,2099
Partition 9	2144,2094,2095,2151
Partition 10	2088,2082,2083,2089,2062
Partition 11	2100
Partition 12	2098,2104,2105,2107,2106
Partition 15	2192,2191,2193
Partition 17	2196,2194,2195,2197,2198
Partition 19	2065,2185,2200,2186
Partition 21	2199,2124,2183,2184,2182
Partition 23	2064,2125
Partition 24	2187,2189,2190,2188
Partition 25	2126
Partition 27	2069,2111
Partition 28	2112,2087,2109,2110,2108
Partition 31	2118,2073,2119
Partition 32	2121,2122,2123
Partition 33	2113,2114,2116,2115,2117
Partition 34	2071
Partition 37	2145,2148,2149,2150
Partition 40	2146,2147
Partition 41	2066,2131,2129,2132,2068
Partition 44	2133,2135,2134,2136
Partition 45	2142,2143,2076
Partition 46	2130,2138,2139,2140,2141
Partition 48	2128,2174,2173,2175,2177
Partition 49	2120,2180,2179,2181,2178
Partition 51	2127
Partition 52	2137,2153,2152
Partition 53	2170,2169,2172
Partition 54	2167,2168,2176,2154,2171
Partition 55	2164,2166
Partition 57	2070,2161,2163,2162,2165
Partition 59	2158,2157,2160
Partition 61	2072,2074
Partition 62	2156,2155,2159
path	2
T	16
cut	94
Partition 1	2065,2079,2080
Partition 2	2081,2085,2075,2084,2086
Partition 3	2090,2092
Partition 4	2077,2078,2091,2067
Partition 6	2096,2097
Partition 7	2099
Partition 8	2098,2094,2095,2105,2106
Partition 10	2063,2088,2082,2089,2062
Partition 11	2102,2103,2101,2100,2104
Partition 14	2093
Partition 15	2185,2186,2192,2193,2195
Partition 16	2191,2190
Partition 18	2196,2194,2197,2198
Partition 20	2124,2183
Partition 22	2199,2200,2184
Partition 23	2064,2125,2126,2182,2181
Partition 24	2188
Partition 25	2187,2189
Partition 27	2069,2111
Partition 28	2087,2083,2109,2107,2108
Partition 29	2112,2113,2110
Partition 30	2121,2122,2123
Partition 31	2116,2117
Partition 32	2118,2073,2119
Partition 34	2114,2071,2115
Partition 37	2138,2140,2141,2149,2150
Partition 41	2066,2131,2142,2132,2143
Partition 42	2146,2147,2145,2148
Partition 44	2133,2135,2134,2136
Partition 45	2129,2130,2139,2076,2068
Partition 47	2127
Partition 48	2120,2174,2179,2173,2177
Partition 49	2180,2176,2175,2178
Partition 51	2128
Partition 52	2144,2137,2153,2151,2152
Partition 53	2170,2169,2172
Partition 55	2168,2171
Partition 56	2164,2166
Partition 58	2161,2162,2165,2167,2154
Partition 59	2074
Partition 60	2072,2158,2157,2160
Partition 62	2070,2163,2156,2155,2159
path	3
T	27
cut	88
Partition 0	2078,2090,2091,2092,2093
Partition 2	2081,2085,2084,2086,2087
Partition 3	2102,2103,2101,2104
Partition 4	2096,2077,2097,2075,2067
Partition 7	2063,2099,2100
Partition 8	2098,2144,2095,2105,2151
Partition 10	2137,2088,2082,2083,2062
Partition 12	2094
Partition 14	2107,2108,2106
Partition 15	2192,2191,2193,2189,2190
Partition 16	2194
Partition 17	2196,2195,2197,2198
Partition 19	2065,2079,2185,2080,2200
Partition 20	2124,2183
Partition 21	2186
Partition 22	2199,2184
Partition 23	2064,2125
Partition 24	2187,2126,2182,2188,2181
Partition 29	2112,2113,2110
Partition 30	2123
Partition 33	2116,2117
Partition 34	2114,2071,2115
Partition 37	2140,2141,2149,2089,2150
Partition 38	2118,2121,2073,2119,2122
Partition 39	2129,2138,2068
Partition 40	2146,2147,2145,2148
Partition 43	2066,2131
Partition 44	2132,2133,2135,2134,2136
Partition 45	2142,2130,2143,2139,2076
Partition 47	2069,2111,2127,2176,2109
Partition 49	2180,2128,2175,2178
Partition 51	2120,2174,2179,2173,2177
Partition 54	2167,2169,2154,2171,2172
Partition 55	2164,2166,2168,2153,2152
Partition 57	2070,2161,2163,2162,2165
Partition 58	2170
Partition 59	2158,2157,2160
Partition 62	2072,2156,2155,2159,2074
path	4
T	24
cut	92
Partition 2	2081,2085,2084,2086,2087
Partition 4	2079,2077,2080,2067
Partition 5	2078,2090,2091,2092,2075
Partition 6	2096,2097,2082,2083
Partition 8	2063,2099
Partition 10	2093,2088,2089,2062,2107
Partition 11	2102,2103,2101,2104
Partition 12	2098,2094,2095,2105,2106
Partition 15	2192,2191,2193,2189,2190
Partition 17	2196,2194,2195,2197,2198
Partition 19	2065,2185,2124,2183
Partition 20	2186
Partition 22	2199,2200,2184
Partition 24	2064,2125,2126,2182,2188
Partition 25	2187
Partition 27	2069,2111
Partition 28	2109,2108
Partition 30	2122,2123
Partition 31	2116,2117
Partition 32	2121
Partition 33	2114,2071,2115
Partition 34	2112,2113,2110
Partition 37	2144,2141,2149,2150,2151
Partition 38	2118,2073,2119
Partition 40	2100
Partition 42	2146,2147,2145,2148
Partition 43	2066,2131,2142,2143
Partition 44	2132,2133,2135,2134,2136
Partition 45	2129,2130,2139,2076,2068
Partition 46	2138,2140
Partition 47	2167,2170,2171,2172
Partition 48	2120,2174,2179,2173,2177
Partition 49	2180,2176,2181,2175,2178
Partition 52	2137,2153,2154,2152
Partition 55	2163,2166,2168,2169
Partition 58	2070,2161,2162,2165,2164
Partition 60	2127,2158,2157,2160,2128
Partition 61	2072,2156,2155,2159,2074
path	5
T	15
cut	93
Partition 0	2077,2075,2067,2089
Partition 1	2079,2080
Partition 2	2081,2085,2084,2086,2087
Partition 3	2102,2103,2101
Partition 5	2078,2090,2091,2092,2093
Partition 7	2063,2099,2100
Partition 8	2094,2095
Partition 10	2088,2082,2083,2062
Partition 12	2096,2097,2098,2104,2105
Partition 14	2107,2106
Partition 16	2192,2191,2193,2194
Partition 17	2186,2196,2195,2197,2198
Partition 21	2065,2185,2199,2183,2184
Partition 22	2200
Partition 24	2064,2125,2126,2188
Partition 26	2187,2189,2190,2182,2181
Partition 27	2069,2111
Partition 28	2109,2108
Partition 31	2116,2117,2118,2121
Partition 32	2124,2073,2119,2122,2123
Partition 33	2112,2113,2110
Partition 34	2114,2071,2115
Partition 36	2142,2143,2144,2151
Partition 37	2139,2140,2141,2149,2150
Partition 39	2129,2130,2138,2068
Partition 41	2131,2132
Partition 42	2146,2147,2145,2148
Partition 43	2066
Partition 44	2133,2135,2076,2134,2136
Partition 48	2127,2128,2174,2173,2177
Partition 49	2180,2176,2175,2178
Partition 51	2120,2179
Partition 52	2168,2153,2152,2171
Partition 54	2167,2169,2154,2172
Partition 55	2137
Partition 57	2163,2164,2166,2158,2160
Partition 58	2161,2162,2165,2170
Partition 59	2070
Partition 60	2157,2074
Partition 61	2072,2156,2155,2159
path	6
T	25
cut	89
Partition 2	2081,2085,2084,2086,2087
Partition 3	2102,2103,2101,2104,2105
Partition 4	2079,2077,2080,2067
Partition 5	2078,2090,2091,2092,2093
Partition 6	2096,2097,2098,2075
Partition 7	2099,2100
Partition 12	2094,2095
Partition 14	2063
Partition 15	2192,2191,2193,2189,2190
Partition 18	2186,2196,2195,2197,2198
Partition 19	2065,2185,2199,2200
Partition 20	2124,2183,2184
Partition 23	2188
Partition 24	2064,2125,2126,2182
Partition 25	2194
Partition 27	2069
Partition 28	2111,2109,2107,2108,2106
Partition 29	2112,2113,2110
Partition 31	2118
Partition 32	2121,2073,2119,2122,2123
Partition 34	2114,2116,2071,2115,2117
Partition 35	2142,2143,2144,2150,2151
Partition 37	2088,2089,2062
Partition 40	2129,2130,2139,2076,2068
Partition 42	2146,2147,2145,2148
Partition 43	2066,2131
Partition 44	2132,2133,2135,2134,2136
Partition 46	2138,2140,2141,2149
Partition 47	2180,2176,2175,2178
Partition 48	2127,2128,2174,2173,2177
Partition 51	2187,2120,2179,2181
Partition 52	2137,2082,2083,2153,2152
Partition 53	2170,2172
Partition 54	2167,2168,2169,2154,2171
Partition 55	2163,2166
Partition 56	2070,2161,2162,2165
Partition 59	2158,2160
Partition 60	2164
Partition 61	2072
Partition 62	2156,2155,2159,2157,2074
path	7
T	18
cut	89
Partition 0	2077,2090,2102,2101,2067
Partition 1	2079
Partition 2	2080,2081,2085,2084,2086
Partition 5	2078,2091,2092,2075,2093
Partition 6	2096,2097,2098
Partition 10	2063,2088,2082,2089,2062
Partition 11	2103,2104,2105,2107,2106
Partition 12	2094,2095
Partition 14	2099,2100
Partition 16	2192,2191,2193,2190
Partition 18	2196,2194,2195,2197,2198
Partition 19	2186
Partition 20	2118
Partition 22	2065,2185,2199,2200,2184
Partition 24	2064,2125,2126,2188
Partition 26	2182
Partition 28	2069,2111,2087,2109,2108
Partition 29	2112,2113,2110
Partition 30	2124,2183
Partition 32	2121,2073,2119,2122,2123
Partition 33	2116,2117
Partition 34	2127,2114,2071,2115,2128
Partition 37	2144,2141,2149,2150,2151
Partition 39	2066
Partition 41	2131,2129,2132,2135,2068
Partition 42	2146,2147,2145,2148
Partition 44	2133,2134,2136
Partition 45	2142,2130,2143,2139,2076
Partition 46	2138,2140
Partition 48	2168,2174,2173,2177,2171
Partition 49	2180,2176,2175,2178
Partition 51	2187,2189,2120,2179,2181
Partition 52	2137,2083,2153,2152
Partition 54	2167,2170,2169,2154,2172
Partition 55	2070,2163,2164,2166
Partition 58	2161,2162,2165
Partition 60	2158,2157,2160
Partition 62	2072,2156,2155,2159,2074
path	8
T	22
cut	89
Partition 0	2077,2102,2101,2067
Partition 1	2096,2090,2097,2075
Partition 2	2081,2085,2084,2086,2087
Partition 5	2078,2091,2092,2093,2107
Partition 6	2079,2080
Partition 8	2099,2094,2095,2100
Partition 10	2063,2088,2082,2062
Partition 11	2098,2103,2104,2105,2106
Partition 17	2196,2194,2195,2197,2198
Partition 19	2065,2185,2199,2200,2184
Partition 22	2186
Partition 24	2064,2125,2126,2188
Partition 26	2182
Partition 27	2069,2111
Partition 28	2109,2108
Partition 29	2112,2113,2110
Partition 30	2121,2124,2183,2122,2123
Partition 34	2114,2116,2071,2115,2117
Partition 36	2066,2142,2143,2144,2187
Partition 37	2140,2141,2149,2089,2150
Partition 38	2118,2073,2119
Partition 39	2129,2138,2068
Partition 41	2192,2191,2193,2189,2190
Partition 42	2146,2147,2145,2148
Partition 43	2131
Partition 44	2132,2133,2135,2134,2136
Partition 45	2130,2139,2076
Partition 48	2127,2128,2174,2173,2177
Partition 49	2180,2176,2181,2175,2178
Partition 51	2120,2179
Partition 52	2137,2083,2153,2151,2152
Partition 54	2167,2169,2154,2171,2172
Partition 55	2164,2166
Partition 56	2168
Partition 57	2070,2163,2162,2155,2159
Partition 58	2161,2165,2170,2157,2160
Partition 62	2072,2156,2158,2074
path	9
T	18
cut	90
Partition 0	2090
Partition 1	2065,2079,2080,2085
Partition 2	2081,2075,2084,2086,2087
Partition 4	2077,2102,2101,2067
Partition 5	2078,2091,2092,2093
Partition 6	2096,2097
Partition 7	2063
Partition 8	2098,2144,2094,2095,2151
Partition 10	2088,2082,2083,2089,2062
Partition 12	2103,2099,2100,2104,2105
Partition 14	2107,2106
Partition 15	2192,2191,2193,2190
Partition 16	2187,2189
Partition 18	2196,2194,2195,2197,2198
Partition 21	2185,2186,2124,2183
Partition 22	2199,2200,2184
Partition 23	2120,2180,2179,2181
Partition 24	2064,2125,2126,2182,2188
Partition 27	2069,2111,2127,2109,2108
Partition 29	2112,2113,2110
Partition 30	2121,2122,2123
Partition 32	2118,2073,2119
Partition 33	2114,2071,2115
Partition 37	2145,2148,2149,2150
Partition 39	2129,2146,2147,2068
Partition 43	2066,2131,2142,2132,2143
Partition 44	2133,2135,2076,2134,2136
Partition 46	2130,2138,2139,2140,2141
Partition 47	2116,2117
Partition 48	2128,2174,2173,2177,2171
Partition 49	2176,2175,2178
Partition 52	2137,2153,2152
Partition 54	2167,2170,2169,2154,2172
Partition 55	2164,2166,2168
Partition 56	2072,2158,2157,2160,2074
Partition 57	2163
Partition 58	2070,2161,2162,2165
Partition 61	2156,2155,2159
path	10
T	24
cut	90
Partition 0	2077,2090,2067
Partition 1	2079,2080
Partition 2	2081,2085,2084,2086,2087
Partition 3	2102,2103,2101,2104
Partition 5	2078,2091,2092,2093
Partition 6	2096,2097,2075
Partition 7	2141,2149,2150,2151,2152
Partition 8	2144,2099,2094,2095,2100
Partition 10	2088,2082,2083,2089,2062
Partition 12	2098,2105,2107,2106
Partition 15	2192,2191,2193,2194,2190
Partition 17	2186,2196,2195,2197,2198
Partition 20	2199,2200,2184
Partition 24	2064,2125,2189,2126,2188
Partition 25	2187
Partition 27	2069,2111
Partition 28	2109,2108
Partition 30	2065,2185,2124,2183,2182
Partition 31	2116,2117
Partition 32	2121,2122,2123
Partition 33	2112,2113,2110
Partition 34	2114,2071,2115
Partition 35	2063
Partition 38	2118,2073,2119
Partition 39	2066
Partition 40	2146,2147,2145,2148
Partition 43	2131,2129,2132,2068
Partition 44	2133,2135,2134,2136,2137
Partition 45	2142,2130,2143,2139,2076
Partition 46	2138,2140
Partition 48	2127,2128,2174,2173,2177
Partition 49	2180,2176,2181,2175,2178
Partition 51	2120,2179
Partition 53	2170,2169,2172
Partition 54	2167,2168,2153,2154,2171
Partition 56	2163
Partition 58	2070,2161,2162,2165
Partition 60	2164,2166,2158,2157,2160
Partition 62	2072,2156,2155,2159,2074
