path	1
T	6
cut	18
Partition 0	1693,1689
Partition 1	1669,1670
Partition 2	1694,1685
Partition 3	1668,1665
Partition 4	1686,1667
Partition 5	1662,1675,1687,1688
Partition 6	1678,1679
Partition 7	1681
Partition 8	1663,1683,1684
Partition 9	1672,1673,1674,1664
Partition 10	1671,1676,1677
Partition 11	1691,1692
Partition 12	1682,1666,1680,1690
path	2
T	7
cut	18
Partition 0	1688,1689
Partition 1	1669,1670
Partition 2	1684
Partition 3	1668,1665
Partition 4	1686,1667
Partition 5	1662,1675,1687
Partition 6	1678,1681,1682,1674,1664
Partition 7	1679
Partition 8	1663,1683
Partition 9	1690,1672,1673
Partition 10	1671,1676,1677,1694,1685
Partition 11	1691,1692,1693
Partition 12	1666,1680
path	3
T	7
cut	18
Partition 0	1693,1689
Partition 1	1669,1670
Partition 2	1694,1685
Partition 3	1668,1665
Partition 4	1686,1667
Partition 5	1662,1675,1687,1688
Partition 6	1678,1679,1681
Partition 7	1682
Partition 8	1663,1683,1684
Partition 9	1672,1674,1664
Partition 10	1671,1676,1677
Partition 11	1691,1692,1690,1673
Partition 12	1666,1680
path	4
T	6
cut	18
Partition 1	1669,1693,1670,1688,1689
Partition 2	1694,1685
Partition 3	1668,1665
Partition 4	1686,1667
Partition 5	1662,1675,1687
Partition 6	1678,1679
Partition 7	1681,1664
Partition 8	1663,1683,1684
Partition 9	1672,1674
Partition 10	1671,1676,1677
Partition 11	1691,1692,1690,1673
Partition 12	1682,1666,1680
path	5
T	6
cut	16
Partition 1	1669,1670
Partition 2	1693,1689,1694
Partition 3	1662,1668,1665
Partition 5	1675,1687,1686,1688,1667
Partition 6	1678,1679,1681
Partition 7	1682
Partition 8	1663,1683,1684
Partition 9	1674,1664
Partition 10	1671,1676,1677,1685
Partition 11	1691,1692
Partition 12	1666,1680,1690,1672,1673
