path	1
T	9
cut	47
Partition 0	3529,3530,3545
Partition 1	3527,3528
Partition 2	3533,3532,3534
Partition 3	3587,3588,3589,3585
Partition 4	3550,3551
Partition 5	3544
Partition 6	3584,3590
Partition 7	3535,3536
Partition 8	3539,3564,3537,3538
Partition 9	3520,3583,3582
Partition 10	3562,3561,3563
Partition 11	3558,3559,3560
Partition 12	3574,3575
Partition 13	3523,3546,3549
Partition 14	3521,3547,3548
Partition 15	3577,3578,3581
Partition 16	3573,3541
Partition 17	3542,3554
Partition 18	3567,3569,3568
Partition 19	3566,3555
Partition 20	3524,3570,3522,3531,3526,3586,3525
Partition 21	3571,3552,3553
Partition 22	3572,3579,3580
Partition 23	3565,3557,3556
Partition 25	3540,3543
Partition 27	3576
path	2
T	11
cut	46
Partition 0	3529,3530,3545
Partition 1	3524,3527
Partition 2	3533,3532,3534
Partition 3	3588,3589,3585
Partition 4	3544,3528,3550,3525,3551
Partition 5	3587,3586
Partition 6	3584,3590
Partition 7	3535,3536
Partition 8	3539,3564,3537,3538
Partition 9	3520,3583,3582
Partition 10	3562,3561,3563
Partition 11	3558,3559,3560
Partition 12	3574,3575
Partition 13	3523,3546,3549
Partition 14	3521,3547,3548
Partition 15	3576,3577,3578,3581
Partition 16	3573,3541
Partition 17	3542,3554
Partition 18	3567,3568
Partition 19	3540,3543
Partition 20	3566,3570,3522,3531,3555,3526
Partition 21	3571,3552,3553
Partition 22	3572,3579,3580
Partition 23	3565,3557,3556
Partition 24	3569
path	3
T	10
cut	47
Partition 0	3530,3550,3545,3551
Partition 1	3527
Partition 2	3529
Partition 3	3588,3589,3585
Partition 4	3543,3544
Partition 5	3524
Partition 6	3584,3590
Partition 7	3535,3536
Partition 8	3539,3564,3537,3538
Partition 9	3520,3583,3582
Partition 10	3562,3561,3563
Partition 11	3558,3559,3560
Partition 12	3521,3574,3575
Partition 13	3548,3523,3546,3549
Partition 14	3557,3555,3556
Partition 15	3576,3577,3578,3581
Partition 16	3573,3541
Partition 17	3542,3554
Partition 18	3567,3568
Partition 19	3566
Partition 20	3547,3526
Partition 21	3571,3552,3553
Partition 22	3572,3579,3580
Partition 23	3565,3569
Partition 27	3540,3570,3522,3531
Partition 28	3587,3533,3528,3532,3534,3586,3525
path	4
T	10
cut	49
Partition 0	3529,3530,3545
Partition 1	3524,3527
Partition 2	3533,3532,3534
Partition 3	3588,3589,3585
Partition 4	3543,3544,3579,3580
Partition 5	3587,3586
Partition 6	3584,3590
Partition 7	3535,3536
Partition 8	3539,3564,3537,3538
Partition 9	3520,3583,3582
Partition 10	3562,3561,3563
Partition 11	3558,3559,3560
Partition 12	3574,3575
Partition 13	3523,3546,3549
Partition 14	3521,3547,3548
Partition 15	3576,3577,3578,3581
Partition 16	3573,3541
Partition 17	3542,3554
Partition 18	3567,3569,3568
Partition 19	3566,3570,3522,3555
Partition 20	3531,3526
Partition 21	3571,3552,3553,3572
Partition 22	3525
Partition 23	3565,3557,3556
Partition 24	3528
Partition 25	3540
Partition 26	3550,3551
path	5
T	10
cut	49
Partition 0	3529,3530,3545
Partition 1	3527,3528
Partition 2	3533,3532
Partition 3	3588,3589,3585
Partition 4	3550,3551
Partition 5	3587,3586
Partition 6	3584,3590
Partition 7	3535,3536
Partition 8	3539,3564,3537,3538
Partition 9	3520,3583,3582
Partition 10	3562,3561,3563
Partition 11	3558,3559,3560
Partition 12	3574,3575
Partition 13	3523,3546,3549
Partition 14	3521,3547,3548
Partition 15	3581,3579,3580
Partition 16	3573,3541,3540,3543,3544
Partition 17	3542,3554
Partition 18	3567,3568
Partition 19	3566,3555
Partition 20	3524,3570,3522,3531,3526
Partition 21	3577,3571,3578,3552,3553,3572
Partition 22	3565,3569
Partition 23	3557,3556
Partition 25	3534
Partition 26	3576
Partition 27	3525
