cut	63
Partition 0	3525,3529
Partition 1	3523,3586,3585
Partition 2	3577,3530
Partition 3	3537,3534,3536
Partition 4	3573,3572
Partition 5	3574,3575,3576
Partition 6	3522,3578,3579
Partition 7	3610,3609,3580
Partition 8	3555,3538
Partition 9	3554,3596,3597
Partition 10	3553,3552
Partition 11	3550,3551,3584
Partition 12	3527,3528,3541
Partition 13	3543,3595
Partition 14	3556,3549,3557
Partition 15	3524,3542,3547
Partition 16	3548,3546,3545
Partition 17	3587,3590
Partition 18	3526,3544,3561
Partition 19	3591,3593,3592
Partition 20	3588,3589
Partition 21	3570,3594
Partition 22	3568,3563,3569
Partition 23	3606,3605,3562
Partition 24	3607,3608,3604
Partition 25	3582,3583
Partition 26	3567,3532,3531
Partition 27	3566,3581,3521
Partition 28	3600,3535,3533
Partition 29	3558,3520
Partition 30	3559,3560,3571
Partition 31	3564,3565,3598
Partition 32	3601,3602,3603
Partition 33	3599,3540,3539
