path	1
T	6
cut	24
Partition 0	1704,1693,1706,1705
Partition 1	1694,1697,1698
Partition 2	1701,1702
Partition 3	1666,1685,1686
Partition 5	1663,1695,1696,1677
Partition 6	1672,1673,1674
Partition 7	1690,1684,1688,1691,1689
Partition 8	1675,1676,1667
Partition 9	1680,1681,1699
Partition 10	1670,1700,1668,1669
Partition 11	1664,1682,1683
Partition 12	1687,1665
Partition 13	1662,1679,1703,1678
Partition 15	1692
Partition 16	1671
path	2
T	7
cut	22
Partition 0	1704,1693,1706,1705
Partition 1	1694,1697,1698
Partition 2	1701,1702
Partition 3	1703,1685,1686,1687,1665
Partition 5	1663,1695,1696,1677,1664
Partition 6	1672,1673,1674,1671
Partition 7	1690,1692,1688,1691,1689
Partition 8	1675,1676,1667
Partition 9	1680,1681,1699
Partition 10	1670,1700,1668,1669
Partition 11	1684,1682,1683
Partition 12	1666
Partition 14	1662,1679,1678
path	3
T	9
cut	24
Partition 0	1704,1693,1706,1705
Partition 1	1694,1697,1698
Partition 2	1701,1702
Partition 3	1685,1686
Partition 4	1662,1679,1690,1677,1678
Partition 5	1663,1695,1696
Partition 6	1672,1673,1674,1671
Partition 7	1684,1687,1665,1688,1689
Partition 8	1676,1667,1692,1691
Partition 9	1680,1681,1699,1700
Partition 10	1670,1675,1668,1669
Partition 11	1682,1683
Partition 13	1703
Partition 15	1664
Partition 16	1666
path	4
T	9
cut	23
Partition 0	1693,1706,1705
Partition 1	1694,1697,1698
Partition 2	1701,1702
Partition 3	1703,1704,1666,1685,1686
Partition 5	1663,1695,1696,1677
Partition 6	1672,1673,1674,1675
Partition 7	1690,1691,1689
Partition 8	1676,1667,1692
Partition 9	1680,1681,1699
Partition 10	1670,1700,1668,1669
Partition 11	1684,1687,1682,1683,1688
Partition 12	1671,1665
Partition 13	1662,1679,1678
Partition 14	1664
path	5
T	10
cut	25
Partition 0	1706
Partition 1	1662,1679,1694,1697,1698
Partition 2	1701,1702
Partition 3	1703,1704,1666,1685,1686
Partition 4	1677,1678
Partition 5	1663,1695,1696
Partition 6	1672,1673,1674,1675
Partition 7	1688,1689
Partition 8	1693,1676,1667,1692,1691
Partition 9	1680,1681,1699
Partition 10	1670,1668,1669
Partition 11	1684,1683
Partition 12	1687,1664,1671,1682,1665
Partition 13	1705
Partition 14	1700
Partition 15	1690
