path	1
T	4
cut	16
Partition 0	1692,1693,1689
Partition 1	1675,1687,1686,1688,1667
Partition 2	1694,1685
Partition 3	1668,1669,1670,1665
Partition 4	1682,1663,1683,1684
Partition 5	1678,1679,1681,1664
Partition 6	1671,1676,1677
Partition 7	1691,1680,1690,1672,1673
Partition 8	1666
Partition 9	1662
Partition 10	1674
path	2
T	5
cut	15
Partition 0	1686,1692,1693,1688,1689
Partition 1	1662,1675,1687
Partition 2	1694,1685
Partition 3	1668,1669,1670,1667,1665
Partition 4	1682,1663,1683,1684
Partition 5	1674,1664
Partition 6	1671,1676,1677
Partition 7	1691,1680,1690,1672,1673
Partition 8	1666
Partition 9	1678,1679,1681
path	3
T	6
cut	17
Partition 0	1691,1692,1693,1689
Partition 1	1662,1675
Partition 2	1694,1685
Partition 3	1678,1679,1681,1686,1667
Partition 4	1682,1663,1683,1684
Partition 5	1668,1665
Partition 6	1671,1676,1674,1664
Partition 7	1680,1690,1672,1673
Partition 9	1666
Partition 10	1669,1670
Partition 12	1677
Partition 13	1687,1688
path	4
T	5
cut	16
Partition 0	1694,1685
Partition 2	1670,1667
Partition 4	1682,1663,1683,1684
Partition 5	1678,1679,1681,1664
Partition 6	1671,1676,1677
Partition 7	1691,1680,1690,1672,1673
Partition 9	1666
Partition 10	1692
Partition 12	1687,1686,1693,1688,1689
Partition 13	1662,1668,1675,1669,1665
Partition 15	1674
path	5
T	4
cut	15
Partition 0	1692,1693,1689,1694
Partition 1	1662,1675,1687
Partition 3	1686,1667
Partition 4	1682,1663,1683,1684
Partition 5	1678,1679,1681,1664
Partition 6	1671,1676,1677,1674,1685
Partition 7	1691,1680,1690,1672,1673
Partition 9	1666
Partition 11	1668,1669,1670,1665
Partition 12	1688
