path	1
T	NA
cut	54
Partition 0	3531,3528,3529,3530
Partition 1	3527,3520,3594,3595,3596
Partition 2	3521,3565,3566,3597
Partition 3	3564,3568,3563,3567,3569
Partition 4	3556,3570,3571,3608,3609
Partition 5	3589,3606,3607,3605
Partition 6	3552,3553,3551,3554,3555
Partition 7	3561,3524,3562
Partition 8	3532,3547,3549,3610,3611,3548
Partition 9	3577,3587,3588
Partition 10	3572,3573,3574,3575,3576
Partition 11	3538,3599,3539,3600,3540
Partition 12	3537,3546,3544,3545
Partition 13	3541,3542,3543
Partition 14	3603,3598,3604
Partition 15	3586,3582,3581,3578,3602
Partition 16	3534,3535,3536,3593,3533
Partition 17	3557,3558,3585,3559,3522,3583,3584
Partition 18	3526,3579,3592,3580,3590,3591,3525
Partition 21	3523,3550
Partition 22	3560
Partition 23	3601
path	2
T	NA
cut	60
Partition 0	3531,3528,3529,3530
Partition 1	3527,3520,3594,3595,3596
Partition 2	3565,3566,3597
Partition 3	3564,3568,3563,3569
Partition 4	3556,3570,3571,3608,3609
Partition 5	3589,3606,3607,3605
Partition 6	3552,3553,3551,3554,3555
Partition 7	3561,3524,3562
Partition 8	3546,3532,3547,3549,3610,3611,3548
Partition 9	3577,3587,3588
Partition 10	3572,3573,3574,3575,3576
Partition 11	3521,3599,3600
Partition 12	3541,3542,3544,3545,3543
Partition 13	3538,3539,3540
Partition 14	3603,3598,3604
Partition 15	3586,3582,3581,3578,3602
Partition 16	3537,3534,3535,3536,3593,3533
Partition 17	3557,3558,3585,3583,3584
Partition 18	3592,3590,3591
Partition 19	3560
Partition 23	3526
Partition 27	3550
Partition 29	3523
Partition 31	3580,3601
Partition 32	3559,3522
Partition 34	3567
Partition 35	3579
Partition 37	3525
path	3
T	NA
cut	57
Partition 0	3531,3528,3529,3530
Partition 1	3527,3520,3594,3595,3596
Partition 2	3565,3566,3597
Partition 3	3564,3568,3563,3567,3569
Partition 4	3556,3570,3571,3608,3609
Partition 5	3589,3606,3607,3605
Partition 6	3552,3553,3554,3555
Partition 7	3561,3524,3551,3562,3601,3550
Partition 8	3532,3547,3549,3610,3611,3548
Partition 9	3577,3587,3588
Partition 10	3573,3574,3575,3576
Partition 11	3599,3539,3600,3540
Partition 12	3537,3546,3542,3544,3545,3543
Partition 13	3521,3538
Partition 14	3603,3598,3604
Partition 15	3586,3582,3581,3578,3602
Partition 16	3534,3535,3536,3593,3533
Partition 17	3557,3558,3585,3583,3584
Partition 18	3541,3526,3579,3580,3590,3591,3525
Partition 19	3572
Partition 20	3592
Partition 21	3523
Partition 23	3560
Partition 25	3559,3522
