path	1
T	2
cut	7
Partition 0	818,796,808,817
Partition 1	813,814,812,815,816
Partition 2	809,810,811
Partition 3	798,801,799,800,802,797
Partition 4	803,806,804,805,807
path	2
T	3
cut	9
Partition 0	818,796,808,817
Partition 1	814,812,815,816,797
Partition 2	809,810,811
Partition 3	799,800,804,813
Partition 4	803,806,805,807,801,802,798
path	3
T	3
cut	9
Partition 0	796,800,799
Partition 1	813,814,812,815,816
Partition 2	810,811,818,817,808
Partition 3	798,801,797,809
Partition 4	803,806,804,805,807,802
path	4
T	2
cut	7
Partition 0	818,796,808,817,807
Partition 1	813,814,812,815,816
Partition 2	809,810,811,797,802
Partition 3	798,801,799,800
Partition 4	803,806,804,805
path	5
T	3
cut	8
Partition 0	818,796,808,817
Partition 1	813,814,812,815,816
Partition 2	809,810,797
Partition 3	798,801,799,800,802
Partition 4	803,806,804,805,807,811
path	6
T	3
cut	7
Partition 0	818,796,808,817
Partition 1	813,814,812,815,816
Partition 2	809,810,797
Partition 3	798,801,802,807
Partition 4	803,806,804,805,811,800,799
path	7
T	2
cut	7
Partition 0	818,796,808,817,811
Partition 1	813,814,812,815,816
Partition 2	809,810,797
Partition 3	798,801,799,800
Partition 4	803,806,804,805,807,802
path	8
T	1
cut	8
Partition 0	818,817,810,809,811
Partition 1	813,814,812,815,816
Partition 2	796,799,808
Partition 3	798,801,800,802,797
Partition 4	803,806,804,805,807
path	9
T	3
cut	8
Partition 0	818,796,808,817
Partition 1	813,814,812,815,816
Partition 2	809,810,811,803
Partition 3	798,801,799,800,802,797
Partition 4	806,804,805,807
path	10
T	2
cut	9
Partition 0	796,817,816
Partition 1	813,814,812,815
Partition 2	809,810,811,797,798,799
Partition 3	801,800,805,804
Partition 4	803,806,807,802,818,808
