path	1
T	10
cut	48
Partition 0	3571,3572
Partition 1	3588,3586,3589,3591,3590
Partition 2	3585,3584,3582,3583
Partition 3	3527,3528,3526
Partition 4	3563,3562
Partition 5	3539,3538,3568,3555
Partition 6	3573,3578,3574
Partition 7	3557,3558,3559,3554,3556
Partition 8	3567,3580,3565,3566,3579
Partition 9	3547,3548,3564,3549,3560
Partition 10	3592,3520,3581,3594,3593
Partition 11	3535,3524,3536,3552,3553
Partition 12	3533,3532,3534,3550,3551
Partition 13	3541,3543,3542,3544,3546,3545
Partition 15	3522
Partition 16	3537
Partition 18	3530,3575,3576,3531,3577,3587,3521
Partition 20	3570
Partition 22	3529,3525
Partition 23	3561
Partition 24	3523
Partition 26	3540
Partition 31	3569
path	2
T	9
cut	43
Partition 0	3530,3531,3587,3521
Partition 1	3588,3586,3589,3591,3590
Partition 2	3570,3571,3585,3572
Partition 3	3527,3528,3529
Partition 4	3526,3563,3562
Partition 5	3537,3539,3538,3568,3540,3555,3525
Partition 6	3569,3573,3578,3574
Partition 7	3557,3558,3559,3554,3556
Partition 8	3567,3580,3565,3566,3579
Partition 9	3547,3548,3564,3549,3560
Partition 10	3592,3520,3581,3594,3593
Partition 11	3535,3524,3536,3552,3553
Partition 12	3533,3532,3534,3550,3551
Partition 13	3541,3543,3542,3544,3546,3545
Partition 14	3522
Partition 15	3582
Partition 16	3575,3523,3561
Partition 17	3576,3577
Partition 18	3584,3583
path	3
T	12
cut	44
Partition 0	3530,3531,3587,3521
Partition 1	3586,3589,3526,3563,3591,3590
Partition 2	3570,3571,3585,3572
Partition 3	3527,3528,3529
Partition 4	3575,3576,3561,3562
Partition 5	3539,3538,3568,3540,3555,3525
Partition 6	3569,3573,3578,3574
Partition 7	3557,3558,3559,3554,3556
Partition 8	3567,3580,3565,3566,3579
Partition 9	3547,3548,3564,3549,3560
Partition 10	3592,3520,3581,3594,3593
Partition 11	3535,3524,3536,3552,3553
Partition 12	3533,3532,3534,3550,3551
Partition 13	3541,3543,3542,3544,3546,3545
Partition 14	3522,3537
Partition 15	3582
Partition 16	3577
Partition 19	3523
Partition 20	3584,3583
Partition 22	3588
path	4
T	12
cut	47
Partition 0	3530,3531,3587,3521
Partition 1	3588,3586,3589,3591,3590
Partition 2	3570,3571,3585,3572
Partition 3	3528,3523,3529
Partition 4	3575,3576,3577,3561,3562
Partition 5	3539,3538,3568,3555
Partition 6	3569,3573,3578,3574
Partition 7	3557,3558,3559,3554,3556
Partition 8	3567,3580,3565,3566,3579
Partition 9	3547,3548,3564,3549,3560
Partition 10	3592,3520,3581,3594,3593
Partition 11	3535,3524,3536,3552,3553
Partition 12	3533,3532,3534,3550,3551
Partition 13	3541,3543,3542,3544,3546,3545
Partition 15	3522,3527
Partition 16	3537
Partition 18	3563
Partition 19	3582,3525
Partition 21	3584
Partition 22	3583
Partition 27	3526
Partition 29	3540
path	5
T	9
cut	42
Partition 0	3530,3531,3587,3521
Partition 1	3588,3586,3589,3591,3590
Partition 2	3570,3571,3585,3572
Partition 3	3527,3528,3523
Partition 4	3575,3576,3563,3561,3562
Partition 5	3539,3538,3540,3529,3555,3525
Partition 6	3569,3577,3568,3573,3578,3574
Partition 7	3557,3558,3559,3554,3556
Partition 8	3567,3580,3565,3566,3579
Partition 9	3547,3548,3564,3549,3560
Partition 10	3592,3520,3581,3594,3593
Partition 11	3535,3524,3536,3552,3553
Partition 12	3533,3532,3534,3550,3551
Partition 13	3541,3543,3542,3544,3546,3545
Partition 14	3522,3537
Partition 16	3526
Partition 17	3582,3583
Partition 19	3584
