path	1
T	NA
cut	69
Partition 0	7491,7500,7511,7502,7504
Partition 1	7523,7576,7577,7496
Partition 2	7513,7516,7512,7565,7517,7518
Partition 3	7505,7533,7532
Partition 4	7509,7510,7574,7540,7541
Partition 5	7592,7593,7594,7595
Partition 6	7520,7494,7537,7538,7539,7536
Partition 7	7524,7525,7534,7535
Partition 8	7578,7575,7580,7579
Partition 9	7583,7493,7521,7522,7584
Partition 10	7585,7588,7586,7587,7589
Partition 11	7514,7515,7557
Partition 12	7490,7506,7528,7542,7529,7492
Partition 13	7503,7569
Partition 14	7549,7550,7571,7570
Partition 15	7530,7526,7527,7531,7497
Partition 16	7568,7566,7567
Partition 17	7555,7551,7552,7495
Partition 18	7543,7553,7558,7554
Partition 19	7508
Partition 20	7501,7498,7499,7545,7562,7559,7563
Partition 21	7507,7560,7573,7590,7591,7572
Partition 23	7581
Partition 25	7582
Partition 28	7564
Partition 29	7547
Partition 30	7548
Partition 32	7546
Partition 37	7519
Partition 38	7556
Partition 39	7544
Partition 41	7561
path	2
T	NA
cut	71
Partition 0	7491,7500,7511,7502,7504
Partition 1	7523,7576,7577,7496
Partition 2	7513,7512,7517,7518
Partition 3	7520,7508,7519
Partition 4	7574,7540,7541,7581
Partition 5	7592,7593,7594,7595
Partition 6	7494,7537,7538,7539,7536
Partition 7	7524,7525,7534,7535
Partition 8	7578,7575,7580,7579
Partition 9	7493,7521,7549,7522
Partition 10	7585,7588,7586,7587,7589
Partition 11	7515,7557,7556
Partition 12	7490,7506,7528,7542,7529,7492
Partition 13	7514,7544,7583,7503,7546,7547,7548
Partition 14	7569,7550,7571,7570
Partition 15	7530,7526,7527,7531,7497
Partition 16	7566,7567
Partition 17	7555,7551,7552,7495
Partition 18	7543,7553,7558,7554
Partition 19	7507,7560,7561
Partition 20	7533,7532
Partition 21	7573,7564,7590,7591
Partition 22	7559,7563
Partition 23	7505
Partition 26	7509,7510
Partition 27	7582
Partition 28	7516
Partition 29	7565
Partition 30	7498,7499,7545,7562
Partition 33	7501
Partition 34	7568
Partition 37	7572
Partition 40	7584
path	3
T	NA
cut	71
Partition 0	7491,7500,7511,7502,7504
Partition 1	7523,7576,7577,7496
Partition 2	7513,7508,7517,7518,7519
Partition 3	7505,7533
Partition 4	7574,7540,7541
Partition 5	7592,7593,7594,7595
Partition 6	7494,7537,7538,7539
Partition 7	7524,7525,7534,7535
Partition 8	7578,7575,7580,7579
Partition 9	7493,7521,7549,7522
Partition 10	7582,7585,7588,7586,7587,7589
Partition 11	7514,7544,7583
Partition 12	7490,7528,7542,7529
Partition 13	7546,7547,7548
Partition 14	7550,7571,7570,7572
Partition 15	7530,7526,7527,7531,7497
Partition 16	7515,7557,7512,7565,7556,7568,7566
Partition 17	7555,7551,7552,7495
Partition 18	7543,7553,7558,7554
Partition 19	7507,7560,7561
Partition 20	7501,7498,7499,7520,7545,7562,7536
Partition 21	7564,7563,7590,7591
Partition 23	7506
Partition 24	7569
Partition 26	7581
Partition 28	7509,7510
Partition 29	7559
Partition 30	7492
Partition 32	7516,7503
Partition 33	7567
Partition 35	7573
Partition 39	7532
Partition 40	7584
path	4
T	17
cut	73
Partition 0	7491,7500,7511,7502,7504
Partition 1	7523,7576,7577,7496
Partition 2	7513,7512,7517,7518
Partition 3	7520,7508,7519
Partition 4	7574,7540,7541,7581
Partition 5	7592,7593,7594,7595
Partition 6	7494,7537,7538,7539,7536
Partition 7	7524,7525,7534,7535
Partition 8	7578,7575,7580,7579
Partition 9	7493,7521,7549,7522
Partition 10	7585,7588,7586,7587,7589
Partition 11	7515,7557,7556
Partition 12	7490,7506,7528,7542,7529,7492
Partition 13	7514,7544,7583
Partition 14	7569,7550,7571,7570
Partition 15	7530,7526,7527,7531,7497
Partition 16	7566,7567
Partition 17	7555,7551,7552,7495
Partition 18	7543,7553,7558,7554
Partition 19	7507,7560,7561
Partition 20	7533,7532
Partition 21	7573,7564,7590,7591
Partition 22	7559,7563
Partition 23	7505
Partition 26	7509,7510
Partition 27	7582
Partition 28	7516
Partition 29	7565
Partition 30	7498,7499,7562
Partition 33	7501
Partition 34	7568
Partition 37	7572
Partition 40	7584
Partition 41	7547,7548
Partition 42	7503,7546
Partition 44	7545
