path	1
T	15
cut	92
Partition 0	2185,2199,2200,2183,2184
Partition 4	2196,2194
Partition 5	2192,2191,2193,2190
Partition 7	2186,2195,2197,2198
Partition 8	2073,2119
Partition 9	2124,2122,2180,2123,2181
Partition 10	2116,2117,2118,2121
Partition 11	2071
Partition 13	2064,2125
Partition 16	2187,2189,2126,2182,2188
Partition 19	2072,2156,2155,2159,2074
Partition 21	2169,2154
Partition 22	2161,2162,2165,2167,2170
Partition 23	2163,2164,2166,2168,2153
Partition 24	2070
Partition 25	2158,2157,2160
Partition 26	2120,2179
Partition 29	2114,2115
Partition 32	2127,2128,2176,2173,2171
Partition 33	2174,2175,2177,2178,2172
Partition 35	2080,2081,2085,2084,2086
Partition 37	2078,2091
Partition 38	2090,2092
Partition 39	2079
Partition 40	2096,2097,2098,2075
Partition 41	2065,2077,2102,2101,2067
Partition 43	2094,2095
Partition 45	2138,2140,2141,2149,2089
Partition 47	2063,2099,2100
Partition 48	2103,2104
Partition 51	2088,2082,2083,2062
Partition 52	2130,2139,2076
Partition 53	2129,2068
Partition 54	2146,2147,2145,2148
Partition 59	2066,2131,2142,2132
Partition 60	2133,2135,2134,2136,2137
Partition 61	2143,2144,2150,2151,2152
Partition 65	2093,2105,2107,2108,2106
Partition 66	2111,2087,2109,2110
Partition 68	2069
Partition 69	2112,2113
path	2
T	19
cut	91
Partition 3	2199,2200
Partition 5	2192,2191,2193,2189,2190
Partition 6	2185,2124,2183,2184
Partition 7	2186,2195,2197,2198
Partition 10	2121,2122,2123
Partition 11	2117,2118,2073,2119,2180
Partition 13	2064,2125,2126,2182,2188
Partition 15	2196,2194
Partition 17	2072,2158
Partition 20	2156,2155,2159,2157,2074
Partition 22	2162,2165,2170,2174,2172
Partition 24	2070,2163
Partition 25	2161,2164,2166,2169,2160
Partition 26	2187,2120,2179,2181
Partition 27	2127
Partition 29	2114,2071,2115
Partition 31	2143,2144,2150,2151,2152
Partition 32	2167,2176,2171
Partition 34	2128,2173,2175,2177,2178
Partition 35	2085,2086,2082,2083
Partition 36	2079,2080,2081,2084
Partition 37	2078,2091,2075
Partition 40	2065
Partition 41	2077,2102,2101,2067
Partition 44	2090,2092
Partition 45	2087,2093,2109,2107,2108
Partition 48	2103,2100,2104,2105,2106
Partition 49	2096,2097,2098,2094,2095
Partition 51	2063,2088,2099,2062
Partition 53	2129,2068
Partition 54	2146,2147,2145,2148
Partition 56	2130,2139
Partition 59	2066,2131,2132,2133
Partition 60	2142,2135,2076,2134,2136
Partition 62	2138,2140,2141,2149,2089
Partition 64	2168,2137,2153,2154
Partition 65	2112,2113,2110
Partition 67	2069,2111
Partition 68	2116
path	3
T	16
cut	95
Partition 0	2185
Partition 1	2180,2128,2176,2175,2178
Partition 3	2199,2200,2184
Partition 4	2192,2191,2193,2189,2190
Partition 6	2196,2194
Partition 7	2186,2195,2197,2198
Partition 8	2073,2119
Partition 9	2124,2183,2187,2182,2181
Partition 13	2064,2125,2126
Partition 15	2121,2188,2122,2123
Partition 19	2156,2155,2159,2157,2074
Partition 20	2072,2158
Partition 21	2154
Partition 22	2162,2165
Partition 23	2160
Partition 25	2070,2161,2163,2164,2166
Partition 27	2120,2179,2173,2177
Partition 29	2071,2115
Partition 30	2168,2137,2153,2171
Partition 33	2127,2167,2169,2174,2172
Partition 36	2080,2081,2085,2084,2086
Partition 37	2078,2091,2075
Partition 40	2096,2097,2098,2105,2106
Partition 41	2077,2102,2101,2067
Partition 44	2065,2079
Partition 45	2090,2092,2093,2107
Partition 47	2063,2088,2099,2100,2062
Partition 48	2103,2104
Partition 49	2094,2095
Partition 50	2089
Partition 53	2129,2130,2139,2068
Partition 55	2146,2147,2145,2148
Partition 57	2138,2140,2141,2149,2150
Partition 58	2142
Partition 59	2066,2131,2132
Partition 60	2133,2135,2076,2134,2136
Partition 63	2170,2143,2144,2151,2152
Partition 64	2082,2083
Partition 65	2110
Partition 66	2087,2109,2108
Partition 67	2069,2111
Partition 68	2112,2113,2116,2117,2118
Partition 69	2114
path	4
T	17
cut	93
Partition 1	2185,2124,2183,2184,2182
Partition 3	2199,2200
Partition 4	2196,2194
Partition 5	2192,2191,2193,2190
Partition 7	2186,2195,2197,2198
Partition 10	2118,2121,2073,2119,2180
Partition 12	2064,2125,2126
Partition 14	2120,2179,2181
Partition 15	2187,2189,2188,2122,2123
Partition 18	2162
Partition 19	2158,2157,2160
Partition 20	2072,2156,2155,2159,2074
Partition 21	2165,2167,2170,2169,2172
Partition 24	2070,2161,2163
Partition 25	2164,2166
Partition 27	2174,2173,2177
Partition 29	2127,2116,2071,2115,2117
Partition 30	2128
Partition 33	2154
Partition 34	2168,2176,2175,2178,2171
Partition 35	2080,2081,2085,2084,2086
Partition 36	2079
Partition 37	2078,2090,2091,2092,2075
Partition 40	2065,2096,2097,2098,2105
Partition 41	2077,2067
Partition 43	2143,2144,2094,2095
Partition 44	2106
Partition 46	2063,2088,2099,2089
Partition 48	2102,2103,2101,2104
Partition 50	2100
Partition 51	2082,2083,2062
Partition 52	2066,2142,2076
Partition 53	2129,2130,2138,2139,2140
Partition 54	2146,2147,2145,2148
Partition 56	2068
Partition 57	2141
Partition 58	2131
Partition 60	2132,2133,2135,2134,2136
Partition 61	2137,2153,2150,2151,2152
Partition 62	2149
Partition 65	2087,2109,2110,2107,2108
Partition 66	2093
Partition 68	2069,2111,2112,2113,2114
path	5
T	16
cut	91
Partition 0	2185,2199,2200,2183,2184
Partition 5	2192,2191,2193,2189,2190
Partition 6	2196,2194
Partition 7	2186,2195,2197,2198
Partition 8	2118,2073,2119
Partition 9	2121,2124,2188,2122,2123
Partition 13	2064,2125,2126,2182
Partition 16	2187
Partition 18	2074
Partition 20	2072,2156,2158,2155,2159
Partition 21	2167,2169,2137,2153,2154
Partition 22	2162,2165
Partition 24	2070,2163
Partition 25	2161,2164,2166,2157,2160
Partition 26	2120,2180,2179,2181,2177
Partition 28	2116,2117
Partition 32	2168,2171
Partition 33	2127,2170,2174,2172
Partition 34	2128,2176,2173,2175,2178
Partition 35	2085,2086
Partition 36	2081,2084
Partition 37	2096,2075
Partition 39	2065,2079,2080
Partition 42	2077,2078,2091,2067
Partition 43	2097,2098,2094,2095,2105
Partition 45	2093,2089,2107,2108,2106
Partition 46	2090,2092
Partition 47	2099,2100
Partition 48	2102,2103,2101,2104
Partition 51	2063,2088,2082,2083,2062
Partition 53	2129,2130,2068
Partition 55	2146,2147,2145,2148
Partition 57	2138,2139,2140,2141,2149
Partition 59	2066,2131
Partition 60	2076
Partition 61	2150,2151,2152
Partition 63	2142,2143,2144
Partition 64	2132,2133,2135,2134,2136
Partition 66	2113
Partition 67	2069,2111
Partition 68	2114,2071,2115
Partition 69	2112,2087,2109,2110
path	6
T	22
cut	93
Partition 0	2199,2200,2184
Partition 1	2124,2183,2182,2123,2181
Partition 2	2186,2195,2197,2198
Partition 6	2196,2192,2193,2194
Partition 10	2180
Partition 11	2121,2122
Partition 12	2064,2125,2126
Partition 16	2191,2187,2189,2190,2188
Partition 17	2161,2164,2158,2157,2160
Partition 18	2072,2156,2155,2159,2074
Partition 22	2162,2165
Partition 23	2163,2166
Partition 25	2070
Partition 26	2120,2179
Partition 28	2118,2073,2119
Partition 29	2071,2115
Partition 31	2170,2168,2153,2154,2152
Partition 32	2167,2176,2171
Partition 33	2127,2169,2174,2172
Partition 34	2128,2173,2175,2177,2178
Partition 35	2080,2081,2085,2084,2086
Partition 36	2079,2075
Partition 37	2078,2091
Partition 38	2092,2093,2109,2107,2108
Partition 39	2065,2185
Partition 41	2077,2090,2102,2101,2067
Partition 43	2094,2095
Partition 47	2063,2088,2099,2089,2100
Partition 48	2103,2104
Partition 49	2096,2097,2098,2105,2106
Partition 50	2137
Partition 51	2087,2082,2083,2062
Partition 53	2129,2130,2139,2068
Partition 54	2146,2147,2145,2148
Partition 55	2131,2132
Partition 60	2133,2135,2076,2134,2136
Partition 62	2138,2140,2141,2149,2150
Partition 63	2066,2142,2143,2144,2151
Partition 67	2069,2111
Partition 68	2112,2113,2116,2117,2110
Partition 69	2114
path	7
T	17
cut	100
Partition 0	2200
Partition 1	2185,2199,2124,2183,2184
Partition 4	2196,2192,2191,2193,2194
Partition 7	2186,2195,2197,2198
Partition 11	2121,2119,2122,2180,2123
Partition 12	2064,2125,2126
Partition 16	2187,2189,2190,2188
Partition 19	2157,2074
Partition 20	2072,2156,2158,2155,2159
Partition 22	2162,2165
Partition 23	2166,2167,2169,2154,2172
Partition 25	2070,2161,2163,2164,2160
Partition 26	2182,2120,2179,2181
Partition 27	2128,2173,2177
Partition 28	2113,2116,2117,2118,2073
Partition 29	2071,2115
Partition 30	2170
Partition 31	2153,2152
Partition 32	2127,2168,2174,2171
Partition 34	2176,2175,2178
Partition 35	2085,2086,2087,2137
Partition 36	2081,2084
Partition 39	2065,2079,2080
Partition 40	2078,2091,2075
Partition 41	2077,2102,2101,2067
Partition 43	2096,2097,2098,2094,2095
Partition 44	2105,2106
Partition 45	2090,2092,2093,2149,2107
Partition 47	2099,2100
Partition 48	2103,2104
Partition 50	2138,2140,2141,2088,2089
Partition 51	2082,2083
Partition 52	2130,2139
Partition 53	2129,2076,2068,2063
Partition 55	2146,2147,2145,2148
Partition 58	2066,2131
Partition 60	2132,2133,2135,2134,2136
Partition 63	2142,2143,2144,2150,2151
Partition 64	2062
Partition 65	2109,2108
Partition 66	2114
Partition 68	2069,2111
Partition 69	2112,2110
path	8
T	15
cut	96
Partition 0	2199,2200,2184
Partition 4	2196,2192,2193,2194
Partition 7	2186,2195,2197,2198
Partition 9	2121,2122,2123
Partition 10	2180
Partition 11	2118,2073,2119
Partition 12	2064,2125
Partition 13	2185
Partition 15	2124,2183
Partition 16	2191,2187,2189,2190,2188
Partition 17	2074
Partition 18	2072,2156,2158,2155,2159
Partition 21	2167,2168,2169,2128,2171
Partition 24	2070
Partition 25	2163,2164,2166,2157,2160
Partition 26	2126,2182,2120,2179,2181
Partition 27	2174,2173,2177
Partition 28	2113,2114,2116,2115,2117
Partition 29	2071
Partition 31	2161,2162,2165,2153,2152
Partition 32	2127,2154
Partition 34	2170,2176,2175,2178,2172
Partition 35	2080,2081,2085,2084,2086
Partition 36	2079
Partition 37	2078,2090,2091,2092,2093
Partition 40	2065,2096,2097,2098,2075
Partition 41	2077,2102,2101,2067
Partition 43	2094,2095
Partition 44	2105,2106
Partition 48	2103,2104
Partition 50	2063,2099,2100
Partition 51	2088,2082,2083,2089,2062
Partition 54	2146,2147,2145,2148
Partition 57	2138
Partition 59	2066,2131,2129,2132,2068
Partition 60	2133,2076,2134,2136,2137
Partition 62	2130,2139,2140,2141,2149
Partition 63	2142,2143,2144,2150,2151
Partition 64	2135
Partition 66	2087,2109,2107,2108
Partition 67	2069,2111
Partition 69	2112,2110
path	9
T	26
cut	95
Partition 0	2199,2200,2184
Partition 1	2124,2183,2126,2182,2188
Partition 5	2191,2193,2190
Partition 6	2196,2194
Partition 7	2186,2195,2197,2198
Partition 8	2118,2073,2119,2180
Partition 9	2121,2122,2123
Partition 10	2114,2071,2115
Partition 13	2064,2125
Partition 14	2185
Partition 16	2066,2192,2187,2189,2181
Partition 18	2162,2155,2159
Partition 20	2072,2156,2158,2157,2074
Partition 23	2163,2166,2169
Partition 25	2070,2161,2165,2164,2160
Partition 27	2120,2174,2179,2173,2177
Partition 29	2116,2117
Partition 30	2170,2168,2137,2153,2172
Partition 31	2127,2128,2154
Partition 34	2167,2176,2175,2178,2171
Partition 37	2081,2075,2084
Partition 39	2065,2079,2080
Partition 41	2077,2102,2101,2067
Partition 43	2094,2095
Partition 45	2078,2091,2092,2093,2107
Partition 48	2103,2104
Partition 49	2096,2097,2098,2105,2106
Partition 50	2063,2088,2099,2089,2100
Partition 53	2130,2139
Partition 54	2146,2147,2145,2148
Partition 57	2138,2140
Partition 59	2131,2132,2133
Partition 60	2135,2076,2134,2136
Partition 61	2151,2152
Partition 62	2090,2141,2149,2150
Partition 63	2142,2129,2143,2144,2068
Partition 64	2082,2083,2062
Partition 65	2110
Partition 66	2069,2111
Partition 68	2112,2113
Partition 69	2085,2086,2087,2109,2108
path	10
T	19
cut	95
Partition 0	2185,2124,2183,2122,2123
Partition 2	2186,2195,2197,2198
Partition 3	2199,2200,2184
Partition 5	2191,2193,2190
Partition 6	2196,2194
Partition 8	2073,2119
Partition 9	2116,2117,2118,2121
Partition 13	2064,2125,2126,2182
Partition 15	2181
Partition 16	2066,2192,2187,2189,2188
Partition 17	2072,2158
Partition 21	2162,2165,2167,2153,2171
Partition 23	2164,2166,2168,2169,2154
Partition 24	2070,2161,2163,2155,2159
Partition 25	2156,2157,2160,2074
Partition 26	2120,2174,2179,2173,2177
Partition 27	2128
Partition 29	2180
Partition 33	2127,2170,2115,2172
Partition 34	2176,2175,2178
Partition 37	2078,2091
Partition 39	2065,2079,2080
Partition 40	2096,2097,2081,2075,2084
Partition 41	2102,2103,2101,2104
Partition 42	2077,2090,2092,2067,2089
Partition 43	2094,2095
Partition 44	2098,2093,2105,2107,2106
Partition 47	2063,2099,2100
Partition 52	2129,2130,2143,2144,2068
Partition 54	2146,2147,2145,2148
Partition 57	2142,2076
Partition 59	2131,2132
Partition 60	2133,2135,2134,2136,2137
Partition 61	2150,2151,2152
Partition 62	2138,2139,2140,2141,2149
Partition 64	2088,2082,2083,2062
Partition 65	2085,2086,2087,2109,2108
Partition 66	2071
Partition 67	2114
Partition 69	2069,2111,2112,2113,2110
