path	1
T	16
cut	35
Partition 0	1672,1673,1671
Partition 1	1711,1717,1716,1710
Partition 2	1683,1668,1684,1709,1718
Partition 3	1686,1687,1670,1688
Partition 4	1722,1720,1723,1721,1719
Partition 5	1667,1706
Partition 6	1674,1669,1689
Partition 7	1694,1666,1695,1690
Partition 8	1681,1682,1663,1685
Partition 9	1713,1715,1714
Partition 10	1662,1675,1693,1692,1691
Partition 11	1707,1708,1665
Partition 12	1696,1697,1698,1680
Partition 13	1679,1677,1678,1699
Partition 14	1703,1704,1705
Partition 15	1676,1700,1701,1702
Partition 17	1664
Partition 18	1712
path	2
T	13
cut	41
Partition 0	1672,1673,1671
Partition 1	1711,1717,1716,1710,1718
Partition 2	1683,1668
Partition 3	1686,1687,1670
Partition 4	1722,1720,1723,1721
Partition 5	1706,1705
Partition 6	1689,1688
Partition 7	1694,1666,1695,1690
Partition 8	1663
Partition 9	1675,1713,1715,1707,1665,1714
Partition 10	1693,1692,1691
Partition 11	1684,1708,1709
Partition 12	1696,1697,1698,1680
Partition 13	1679,1664,1677,1678
Partition 14	1682,1699,1703,1704
Partition 15	1700,1701,1702
Partition 16	1662
Partition 17	1685
Partition 19	1681
Partition 23	1676
Partition 24	1719
Partition 26	1669
Partition 31	1674
Partition 32	1712,1667
path	3
T	14
cut	40
Partition 0	1672,1673,1671
Partition 1	1711,1717,1663,1715,1716,1710
Partition 2	1709,1718,1719
Partition 3	1686,1687,1670,1688
Partition 4	1722,1720,1721
Partition 5	1706
Partition 6	1674,1669,1689
Partition 7	1694,1666,1695,1690
Partition 8	1681,1682
Partition 9	1713,1712,1714
Partition 10	1693,1692,1691
Partition 11	1707,1708,1665
Partition 12	1696,1697,1698,1680
Partition 13	1679,1664,1677,1678
Partition 14	1699,1703,1704
Partition 15	1676,1700,1701,1702
Partition 16	1662,1675
Partition 17	1668,1667
Partition 18	1705
Partition 21	1685
Partition 22	1683
Partition 23	1684
Partition 24	1723
path	4
T	13
cut	37
Partition 0	1672,1673,1671
Partition 1	1711,1717,1716,1710
Partition 2	1683,1684,1709,1688,1718
Partition 3	1686,1687,1670
Partition 4	1722,1723,1721
Partition 5	1667,1706
Partition 6	1674,1668,1669
Partition 7	1693,1694,1692,1666,1695,1690
Partition 8	1663,1685
Partition 9	1675
Partition 10	1720,1719
Partition 11	1691,1707,1708,1665
Partition 12	1696,1697,1698,1680
Partition 13	1679,1664,1677,1678
Partition 14	1703,1704,1705
Partition 15	1676,1701,1702
Partition 16	1700
Partition 17	1713,1715,1712,1714
Partition 21	1662,1681,1682,1699
Partition 22	1689
path	5
T	14
cut	40
Partition 0	1672,1671
Partition 1	1711,1717,1716,1710
Partition 2	1684,1709
Partition 3	1686,1687,1689,1688,1718,1719
Partition 4	1722,1723,1721
Partition 5	1712,1667
Partition 6	1683,1668,1669
Partition 7	1694,1666,1695,1690
Partition 8	1663,1685
Partition 9	1713,1715,1714
Partition 10	1662,1693,1692,1691
Partition 11	1707,1708,1665
Partition 12	1696,1697,1698,1680
Partition 13	1679,1664,1677,1678,1699
Partition 14	1706,1703,1704,1705
Partition 15	1676,1700,1701,1702
Partition 18	1670
Partition 20	1673,1674
Partition 22	1720
Partition 26	1675
Partition 29	1681
Partition 31	1682
path	6
T	13
cut	36
Partition 0	1672,1673,1671
Partition 1	1711,1717,1716,1710
Partition 2	1683,1668,1684,1709,1718
Partition 3	1686,1687,1670,1688
Partition 4	1722,1720,1723,1721,1719
Partition 5	1667,1706
Partition 6	1674,1669,1689
Partition 7	1694,1666,1695,1690
Partition 8	1681,1682,1663,1685,1699
Partition 9	1713,1715,1714
Partition 10	1693,1692,1691
Partition 11	1707,1708,1665
Partition 12	1696,1697,1698,1680
Partition 13	1679,1677,1678
Partition 14	1703,1704,1705
Partition 15	1675,1676,1700,1701,1702
Partition 17	1664
Partition 18	1712
Partition 21	1662
path	7
T	13
cut	40
Partition 0	1672,1673,1671
Partition 1	1711,1717,1715,1716,1710
Partition 2	1683,1684,1707,1708,1709
Partition 3	1686,1687,1670,1688
Partition 4	1722,1720,1721,1719
Partition 5	1706
Partition 6	1674,1669,1689
Partition 7	1694,1666,1695,1690
Partition 8	1681,1682
Partition 9	1713,1712,1714
Partition 10	1662,1693
Partition 11	1692,1691,1665
Partition 12	1696,1697,1698,1680
Partition 13	1679,1664,1677,1678
Partition 14	1699,1703,1704
Partition 15	1676,1700,1701,1702
Partition 16	1675
Partition 17	1668,1667
Partition 18	1705
Partition 21	1685
Partition 22	1718
Partition 24	1723
Partition 25	1663
path	8
T	14
cut	40
Partition 0	1672,1673,1671
Partition 1	1711,1717,1716,1710
Partition 2	1683,1684,1709,1688,1718
Partition 3	1686,1687,1670
Partition 4	1722,1723,1721
Partition 5	1667,1706
Partition 6	1674,1668,1669
Partition 7	1693,1694,1692,1666,1695,1712
Partition 8	1663,1685
Partition 9	1675
Partition 10	1720,1719
Partition 11	1691,1707,1708,1665
Partition 12	1696,1697,1698,1680
Partition 13	1679,1664,1677,1678
Partition 14	1703,1704,1705
Partition 15	1676,1701,1702
Partition 16	1700
Partition 17	1713,1715,1714
Partition 21	1682,1699
Partition 22	1689
Partition 23	1690
Partition 25	1662
Partition 27	1681
path	9
T	10
cut	40
Partition 0	1672,1671
Partition 1	1711,1717,1716,1710,1718
Partition 2	1684,1709
Partition 3	1687,1689,1688
Partition 4	1722,1723,1721
Partition 5	1679,1680
Partition 6	1673,1674,1668,1669,1712,1667
Partition 7	1694,1690
Partition 8	1663,1685,1686
Partition 9	1713,1715,1714
Partition 10	1662,1681,1693,1692,1691
Partition 11	1707,1708,1665
Partition 12	1696,1697,1698
Partition 13	1664,1677,1678,1699
Partition 14	1703,1704,1705
Partition 15	1676,1700,1701,1702
Partition 18	1670
Partition 20	1683
Partition 22	1706,1720,1719
Partition 26	1675
Partition 31	1682
Partition 33	1695
Partition 34	1666
path	10
T	12
cut	40
Partition 0	1672,1671
Partition 1	1711,1717,1716,1710
Partition 2	1709,1718
Partition 3	1686,1687,1688
Partition 4	1722,1723,1721
Partition 5	1712,1667
Partition 6	1668,1669
Partition 7	1694,1666,1695,1690
Partition 8	1663,1685
Partition 9	1713,1715,1714
Partition 10	1693,1692,1691
Partition 11	1707,1708,1665
Partition 12	1696,1697,1698,1680
Partition 13	1664,1677,1678,1699
Partition 14	1703,1704,1705
Partition 15	1676,1700,1701,1702
Partition 18	1670
Partition 20	1673,1674,1689
Partition 22	1706,1720,1719
Partition 26	1683,1684
Partition 29	1662,1675,1681
Partition 31	1682
Partition 35	1679
