path	1
T	14
cut	64
Partition 0	3530,3537,3591,3529,3592,3600
Partition 1	3521,3527,3553,3567
Partition 2	3590,3604,3605,3525
Partition 3	3558,3548,3552,3557
Partition 4	3555,3554,3556
Partition 5	3597,3598
Partition 6	3536,3531
Partition 7	3538,3559,3560
Partition 8	3523,3541,3524
Partition 9	3579,3580,3528,3578
Partition 10	3581,3576
Partition 11	3583,3582
Partition 12	3522,3585,3586,3584,3587
Partition 13	3593,3594,3595
Partition 14	3539,3542,3545,3540
Partition 15	3569,3568
Partition 16	3534,3535,3544,3520
Partition 17	3549,3550,3551,3574,3575
Partition 18	3532
Partition 19	3596,3599
Partition 20	3573,3566,3572,3533
Partition 21	3570,3565,3571
Partition 22	3543,3563,3564
Partition 23	3609,3606,3607,3608
Partition 24	3610,3611,3526,3603
Partition 25	3589,3612,3588
Partition 26	3562,3613,3547,3561
Partition 30	3546
Partition 32	3577
Partition 33	3601,3602
path	2
T	12
cut	68
Partition 0	3591,3592,3600
Partition 1	3521,3527,3553,3567
Partition 2	3590
Partition 3	3558,3552,3557
Partition 4	3555,3554,3556
Partition 5	3597,3598
Partition 6	3524
Partition 7	3538,3559,3560
Partition 8	3541,3543
Partition 9	3579,3580,3528,3578
Partition 10	3581,3576
Partition 11	3577,3583,3582
Partition 12	3522,3530,3585,3586,3584
Partition 13	3593
Partition 14	3542,3545,3540
Partition 15	3594,3595,3568
Partition 16	3529,3544,3520
Partition 17	3549,3550
Partition 18	3532,3596,3548,3525,3531,3574,3575
Partition 19	3604,3605
Partition 20	3573,3566,3572,3533
Partition 21	3570,3565,3571
Partition 22	3563,3564
Partition 23	3609,3606,3607,3608
Partition 24	3610,3611,3526,3603
Partition 25	3589,3612,3588
Partition 26	3562,3613,3547,3561
Partition 29	3587
Partition 32	3537
Partition 33	3523
Partition 35	3546
Partition 37	3534,3535,3536
Partition 38	3539,3569,3601,3602
Partition 39	3599
Partition 41	3551
path	3
T	12
cut	68
Partition 0	3591,3592
Partition 1	3521,3527,3553,3567
Partition 2	3590,3604,3525
Partition 3	3538,3558,3559,3560
Partition 4	3548,3552,3557,3556
Partition 5	3597,3598
Partition 6	3536,3531
Partition 7	3523
Partition 8	3541,3543
Partition 9	3579,3580,3528,3578
Partition 10	3581,3587
Partition 11	3577,3583,3582
Partition 12	3522,3585,3586,3584
Partition 13	3593,3594,3595
Partition 14	3539,3542,3545,3540,3546
Partition 15	3568
Partition 16	3534,3535,3574,3544,3520
Partition 17	3549,3550,3551,3555,3554
Partition 18	3596,3599,3575
Partition 19	3600,3601,3602
Partition 20	3573,3566,3572,3533
Partition 21	3570,3565,3571
Partition 22	3563,3564
Partition 23	3609,3606,3607,3608
Partition 24	3610,3611,3526,3603
Partition 25	3589,3612,3588
Partition 26	3562,3613,3547,3561
Partition 27	3569
Partition 28	3576
Partition 31	3537
Partition 33	3532
Partition 34	3529
Partition 35	3605
Partition 36	3530
Partition 38	3524
path	4
T	17
cut	66
Partition 0	3592,3600
Partition 1	3521,3527,3567
Partition 2	3590,3591,3604,3605,3525
Partition 3	3558,3552,3557
Partition 4	3555,3554,3556
Partition 5	3597,3599,3598
Partition 6	3536,3548,3531
Partition 7	3538,3559,3560
Partition 8	3541,3543
Partition 9	3579,3580,3528,3578
Partition 10	3581,3576
Partition 11	3577,3583,3582
Partition 12	3522,3530,3585,3586,3529
Partition 13	3593,3594
Partition 14	3542,3545,3540,3546
Partition 15	3539,3569,3568
Partition 16	3534,3535
Partition 17	3550,3563,3574,3544,3520
Partition 18	3532,3596,3575
Partition 19	3595,3601,3602
Partition 20	3573,3566,3572,3533
Partition 21	3570,3564,3565,3571
Partition 22	3523,3606,3607
Partition 23	3609,3608
Partition 24	3610,3611,3526,3603
Partition 25	3589,3612,3588
Partition 26	3562,3613,3547,3561
Partition 27	3587
Partition 31	3549
Partition 33	3551
Partition 35	3584
Partition 36	3537
Partition 38	3524
Partition 39	3553
path	5
T	11
cut	64
Partition 0	3591,3592
Partition 1	3521,3527,3553,3567,3605
Partition 2	3590
Partition 3	3558,3552,3557
Partition 4	3597,3555,3554,3556
Partition 5	3599,3598,3600
Partition 6	3536,3548,3531
Partition 7	3523
Partition 8	3541,3543
Partition 9	3579,3580,3528,3578
Partition 10	3581,3576
Partition 11	3577,3583,3582
Partition 12	3522,3530,3585,3537,3586,3584,3587
Partition 13	3593,3594,3544
Partition 14	3542,3545,3540,3546
Partition 15	3539,3569,3568
Partition 16	3534,3535
Partition 17	3549,3550,3604,3525,3574,3520
Partition 18	3596,3575
Partition 19	3595,3601,3602
Partition 20	3573,3566,3572,3533
Partition 21	3570,3565,3571
Partition 22	3563,3564
Partition 23	3609,3606,3607,3608
Partition 24	3610,3611,3526,3603
Partition 25	3589,3612,3588
Partition 26	3562,3613,3560,3547,3561
Partition 28	3524
Partition 29	3538,3559
Partition 32	3532
Partition 34	3551
Partition 36	3529
path	6
T	14
cut	66
Partition 0	3530,3537,3591,3529,3592,3600
Partition 1	3521,3527,3553,3567
Partition 2	3590,3604,3605,3525
Partition 3	3558,3548,3552,3557
Partition 4	3555,3554,3556
Partition 5	3597,3598
Partition 6	3536,3531
Partition 7	3538,3559,3560
Partition 8	3523,3541,3524
Partition 9	3579,3580,3528,3578
Partition 10	3581,3576
Partition 11	3583,3582
Partition 12	3522,3585,3586,3584,3587
Partition 13	3593,3594,3595
Partition 14	3539,3542,3545,3540
Partition 15	3569,3568
Partition 16	3534,3535,3544,3520
Partition 17	3549,3550,3551
Partition 18	3532
Partition 19	3599
Partition 20	3573,3566,3572,3533
Partition 21	3570,3565,3571
Partition 22	3543,3563,3564
Partition 23	3609,3606,3607,3608
Partition 24	3610,3611,3526,3603
Partition 25	3589,3612,3588
Partition 26	3562,3613,3547,3561
Partition 30	3546
Partition 32	3577
Partition 33	3601,3602
Partition 35	3574
Partition 36	3575
Partition 37	3596
path	7
T	12
cut	69
Partition 0	3591,3592,3600
Partition 1	3521,3527,3553,3567
Partition 2	3590
Partition 3	3558,3552,3557
Partition 4	3555,3554,3556
Partition 5	3597,3598
Partition 6	3524
Partition 7	3538,3559,3560
Partition 8	3541,3543,3565
Partition 9	3579,3580,3528,3578
Partition 10	3581,3576
Partition 11	3577,3583,3582
Partition 12	3522,3530,3585,3586,3584
Partition 13	3593
Partition 14	3542,3545,3540
Partition 15	3594,3595,3568
Partition 16	3544,3520
Partition 17	3549,3550
Partition 18	3532,3596,3548,3525,3531,3574,3575
Partition 19	3604,3605
Partition 20	3573,3566,3572,3533
Partition 21	3569,3570,3571
Partition 22	3563,3564
Partition 23	3609,3606,3607,3608
Partition 24	3610,3611,3526,3603
Partition 25	3589,3612,3588
Partition 26	3562,3613,3547,3561
Partition 29	3587
Partition 32	3537
Partition 33	3523
Partition 35	3546
Partition 37	3534,3535,3536
Partition 38	3601,3602
Partition 39	3599
Partition 41	3551
Partition 42	3529
Partition 44	3539
path	8
T	11
cut	69
Partition 0	3591,3592
Partition 1	3521,3527,3553,3567,3555
Partition 2	3590
Partition 3	3538,3558,3559,3560
Partition 4	3548,3552,3557,3556
Partition 5	3597,3598
Partition 6	3536,3531
Partition 7	3523
Partition 8	3541,3543
Partition 9	3579,3580,3528,3578
Partition 10	3581,3587
Partition 11	3577,3583,3582
Partition 12	3522,3585,3586,3584
Partition 13	3593,3594,3595
Partition 14	3539,3542,3545,3540,3546
Partition 15	3568
Partition 16	3534,3535,3544,3520
Partition 17	3549,3550,3551
Partition 18	3596,3599,3575
Partition 19	3600,3601,3602
Partition 20	3573,3566,3572,3533
Partition 21	3570,3565,3571
Partition 22	3563,3564
Partition 23	3609,3606,3607,3608
Partition 24	3610,3611,3526,3603
Partition 25	3589,3612,3588
Partition 26	3562,3613,3547,3561
Partition 27	3569
Partition 28	3576
Partition 31	3537
Partition 33	3532
Partition 34	3529
Partition 35	3605
Partition 36	3530
Partition 38	3524
Partition 39	3604,3525,3574
Partition 40	3554
path	9
T	15
cut	66
Partition 0	3592,3600
Partition 1	3521,3527,3567,3529
Partition 2	3590,3591,3604,3605,3525
Partition 3	3558,3552,3557
Partition 4	3555,3554,3556
Partition 5	3597,3599,3598
Partition 6	3536,3548,3531
Partition 7	3538,3559,3560
Partition 8	3541,3543
Partition 9	3579,3580,3528,3578
Partition 10	3581,3576
Partition 11	3577,3583,3582
Partition 12	3522,3530,3585,3586
Partition 13	3593,3594
Partition 14	3542,3545,3540,3546
Partition 15	3539,3569,3568
Partition 16	3534,3535
Partition 17	3550,3563,3574,3544,3520
Partition 18	3532,3596,3575
Partition 19	3595,3601,3602
Partition 20	3573,3566,3572,3533
Partition 21	3570,3564,3565,3571
Partition 22	3523,3606,3607
Partition 23	3609,3608
Partition 24	3610,3611,3526,3603
Partition 25	3589,3612,3588
Partition 26	3562,3613,3547,3561
Partition 27	3587
Partition 31	3549
Partition 33	3551
Partition 35	3584
Partition 36	3537
Partition 38	3524
Partition 39	3553
path	10
T	11
cut	66
Partition 0	3591,3592
Partition 1	3521,3527,3553,3567,3605
Partition 2	3590
Partition 3	3558,3552,3557
Partition 4	3597,3555,3554,3556
Partition 5	3599,3598,3600
Partition 6	3536,3548,3531
Partition 7	3523
Partition 8	3541,3543
Partition 9	3579,3580,3528,3578
Partition 10	3581,3576
Partition 11	3577,3583,3582
Partition 12	3522,3530,3585,3586,3584
Partition 13	3593,3594,3544
Partition 14	3542,3545,3540,3546
Partition 15	3539,3569,3568
Partition 16	3534,3535
Partition 17	3549,3550,3604,3525,3574,3520
Partition 18	3596,3575
Partition 19	3595,3601,3602
Partition 20	3573,3566,3572,3533
Partition 21	3570,3565,3571
Partition 22	3563,3564
Partition 23	3609,3606,3607,3608
Partition 24	3610,3611,3526,3603
Partition 25	3589,3612,3588
Partition 26	3562,3613,3560,3547,3561
Partition 28	3524
Partition 29	3538,3559
Partition 32	3532
Partition 34	3551
Partition 36	3537
Partition 38	3587
Partition 40	3529
path	11
T	11
cut	67
Partition 0	3591,3592
Partition 1	3521,3527,3553,3567,3605
Partition 2	3590
Partition 3	3558,3552,3557
Partition 4	3597,3555,3554,3556
Partition 5	3599,3598,3600
Partition 6	3536,3548,3531
Partition 7	3523
Partition 8	3541,3543
Partition 9	3579,3580,3528,3578
Partition 10	3576
Partition 11	3577,3583,3582
Partition 12	3522,3585,3586,3584,3587
Partition 13	3593,3594,3544
Partition 14	3542,3545,3540,3546
Partition 15	3539,3569,3568
Partition 16	3534,3535
Partition 17	3549,3550,3604,3525,3574,3520
Partition 18	3596,3575
Partition 19	3595,3601,3602
Partition 20	3573,3566,3572,3533
Partition 21	3570,3565,3571
Partition 22	3563,3564
Partition 23	3609,3606,3607,3608
Partition 24	3610,3611,3526,3603
Partition 25	3589,3612,3588
Partition 26	3562,3613,3560,3547,3561
Partition 28	3524
Partition 29	3538,3559
Partition 32	3532
Partition 34	3551
Partition 36	3529
Partition 37	3530
Partition 40	3537
Partition 41	3581
