path	1
T	20
cut	77
Partition 0	3555,3556,3557
Partition 1	3554,3525
Partition 2	3535,3536,3560,3561
Partition 3	3596,3597,3598,3602
Partition 4	3541,3549,3550
Partition 5	3533,3528,3534
Partition 6	3622,3623,3624
Partition 7	3575,3576,3621,3620
Partition 8	3574,3537,3538,3566,3573
Partition 9	3567,3563
Partition 10	3568,3569,3571,3572
Partition 11	3558,3559,3562,3584
Partition 12	3570,3589,3590,3520,3553,3552
Partition 13	3521,3539,3578
Partition 14	3600,3601
Partition 15	3579,3614,3599,3609,3615,3610
Partition 16	3531,3532,3586,3585,3616,3592,3593
Partition 17	3617,3618,3605,3619
Partition 18	3583,3582
Partition 19	3603,3594,3595,3604
Partition 20	3581,3545
Partition 21	3524,3544,3564
Partition 22	3540,3587,3591,3588
Partition 23	3613,3612,3611
Partition 24	3543,3608
Partition 25	3546,3548
Partition 26	3529,3522
Partition 29	3551
Partition 31	3606,3607
Partition 32	3542,3523,3577,3565
Partition 33	3580
Partition 35	3526
Partition 37	3527
Partition 39	3530
Partition 40	3547
path	2
T	15
cut	76
Partition 0	3555,3556,3557
Partition 1	3554,3525
Partition 2	3535,3536,3560,3561
Partition 3	3596,3597,3598
Partition 4	3551,3549,3550
Partition 5	3531,3532,3533,3526,3527,3528,3534
Partition 6	3622,3623,3624
Partition 7	3575,3576,3621,3620
Partition 8	3574,3541,3537,3538,3566,3609,3573
Partition 9	3567,3563
Partition 10	3568,3569,3571,3572
Partition 11	3559,3562,3584
Partition 12	3570,3589,3590,3520,3553
Partition 13	3521,3578,3579,3523
Partition 14	3577,3600
Partition 15	3599
Partition 16	3586,3592
Partition 17	3617,3618,3605,3619
Partition 18	3565,3580,3583,3582
Partition 19	3601,3593,3602,3603,3594,3595,3604
Partition 20	3539,3540,3547,3581
Partition 21	3545
Partition 22	3587,3588
Partition 23	3613,3612,3611
Partition 24	3542
Partition 25	3546,3548
Partition 26	3524,3544,3564,3529,3606,3522
Partition 28	3552
Partition 29	3585,3616
Partition 31	3558
Partition 32	3614,3607,3615
Partition 33	3543,3608
Partition 34	3530
Partition 36	3591
Partition 38	3610
path	3
T	15
cut	74
Partition 0	3554,3555,3556,3525
Partition 1	3526,3527
Partition 2	3535,3536,3560,3561
Partition 3	3596,3597,3598
Partition 4	3541,3551,3552,3549,3550
Partition 5	3533,3528,3534
Partition 6	3621,3622,3623,3624
Partition 7	3575,3576,3566
Partition 8	3537,3538
Partition 9	3574,3565,3567,3563,3573
Partition 10	3568,3569,3571,3572
Partition 11	3558,3559,3562,3584
Partition 12	3570,3589,3590,3520,3553,3591
Partition 13	3521,3578,3542,3543,3523
Partition 14	3601,3602
Partition 15	3579,3614,3599,3609,3580,3615,3582
Partition 16	3585,3616
Partition 17	3617,3618,3605,3619,3620
Partition 18	3583,3593,3594
Partition 19	3603,3595,3604
Partition 20	3539,3540,3581,3545
Partition 21	3524,3544,3564,3522
Partition 22	3587,3588
Partition 23	3608,3612,3611
Partition 24	3606,3607
Partition 25	3546,3548
Partition 27	3586,3592
Partition 28	3531,3532,3529,3530
Partition 30	3600
Partition 32	3577
Partition 33	3547
Partition 34	3610
Partition 35	3557,3613
path	4
T	20
cut	75
Partition 0	3555,3556,3557
Partition 1	3554,3525
Partition 2	3526,3535,3536,3560,3561
Partition 3	3596,3597,3598
Partition 4	3551,3549,3550
Partition 5	3532
Partition 6	3622,3623,3624
Partition 7	3575,3576,3566
Partition 8	3537,3538
Partition 9	3567,3573
Partition 10	3527,3568,3569,3571,3572
Partition 11	3558,3559,3562,3584,3563,3585,3616
Partition 12	3570,3589,3590,3520,3553
Partition 13	3521,3578,3523
Partition 14	3577,3600,3565,3601,3602
Partition 15	3579,3599,3609,3615
Partition 17	3621,3613,3617,3618,3605,3619,3620
Partition 18	3580,3582
Partition 19	3586,3592,3593,3603,3594,3595,3604
Partition 20	3581,3545
Partition 21	3606
Partition 22	3540,3587,3591,3610,3588
Partition 23	3608,3612,3611
Partition 24	3543,3614,3607
Partition 25	3546,3548
Partition 26	3547,3529,3530,3522
Partition 27	3541
Partition 29	3574
Partition 30	3539
Partition 33	3533,3528,3534,3552
Partition 35	3542
Partition 37	3531
Partition 39	3524,3544,3564
Partition 41	3583
path	5
T	19
cut	81
Partition 0	3556,3557,3613
Partition 1	3554,3525
Partition 2	3535,3536,3551
Partition 3	3596,3597,3598
Partition 5	3526,3527,3528
Partition 6	3622,3553,3623,3624
Partition 7	3575,3576,3621,3620
Partition 8	3574,3573
Partition 9	3567,3563
Partition 10	3568,3569,3571,3572
Partition 11	3558,3559,3562,3584
Partition 12	3520
Partition 13	3521,3578,3542,3523,3577
Partition 15	3579,3599,3609,3615
Partition 16	3585,3616
Partition 17	3617,3618,3605,3619
Partition 18	3555,3583
Partition 19	3603,3595,3604
Partition 20	3539,3540,3581,3545,3589,3590
Partition 21	3524,3544,3564,3565
Partition 22	3587,3588
Partition 23	3608,3612
Partition 24	3543,3614,3607
Partition 25	3546,3547,3548,3529,3530,3522
Partition 26	3533,3534
Partition 27	3531,3532,3586
Partition 28	3606
Partition 30	3552
Partition 32	3593
Partition 33	3610
Partition 35	3591,3592
Partition 38	3611
Partition 40	3549
Partition 41	3541,3537,3538,3566,3570,3550
Partition 42	3560,3561,3601
Partition 45	3602
Partition 47	3600
Partition 49	3580,3582
Partition 51	3594
path	6
T	17
cut	81
Partition 0	3555,3556,3557
Partition 1	3554,3525
Partition 2	3535,3536,3560,3561
Partition 3	3596,3597,3598,3602
Partition 4	3541,3549,3550
Partition 5	3533,3528,3534
Partition 6	3622,3623,3624
Partition 7	3575,3576,3621,3620
Partition 8	3537,3538
Partition 9	3567,3563
Partition 10	3569,3571,3572,3573
Partition 11	3558,3559,3568
Partition 12	3570,3562,3589,3590,3520,3553,3552
Partition 13	3521,3539,3578
Partition 14	3600,3601
Partition 15	3579,3614,3599,3609,3615,3610
Partition 16	3531,3532,3586,3585,3616,3592,3593
Partition 17	3617,3618,3605,3619
Partition 18	3583,3582
Partition 19	3603,3594,3595,3604
Partition 20	3581,3545
Partition 21	3524,3544,3564
Partition 22	3587,3588
Partition 23	3613,3612,3611
Partition 24	3543,3608
Partition 25	3546,3548
Partition 26	3529,3522
Partition 29	3551
Partition 31	3606,3607
Partition 32	3542,3523,3577,3565
Partition 33	3580
Partition 35	3526
Partition 37	3527
Partition 39	3530
Partition 40	3547
Partition 42	3584
Partition 44	3574
Partition 45	3566
Partition 46	3540
Partition 47	3591
path	7
T	13
cut	80
Partition 0	3555,3556,3557
Partition 1	3554,3525
Partition 2	3535,3536,3560,3561
Partition 3	3596,3597,3598
Partition 4	3551,3549,3550
Partition 5	3531,3532,3533,3526,3527,3528,3534
Partition 6	3622,3623,3624
Partition 7	3575,3576,3621,3620
Partition 8	3541,3537,3538,3566,3609
Partition 9	3567,3563
Partition 10	3569,3571,3572,3573
Partition 11	3559,3562,3584
Partition 12	3570,3589,3590,3520,3553
Partition 13	3521,3578,3523
Partition 14	3577,3600
Partition 15	3599
Partition 16	3586,3592
Partition 17	3617,3618,3605,3619
Partition 18	3565,3580,3583,3582
Partition 19	3593,3603,3594,3595,3604
Partition 20	3539,3547
Partition 21	3545
Partition 22	3587,3588
Partition 23	3613,3612,3611
Partition 24	3542
Partition 25	3546,3548
Partition 26	3524,3544,3564,3529,3530,3606,3522
Partition 28	3552
Partition 29	3585,3616
Partition 31	3558
Partition 32	3614,3607,3615
Partition 33	3543,3608
Partition 36	3591
Partition 38	3610
Partition 39	3579
Partition 40	3601,3602
Partition 42	3574
Partition 43	3568
Partition 45	3540
Partition 46	3581
path	8
T	13
cut	79
Partition 0	3554,3555,3556,3525
Partition 1	3526,3527
Partition 2	3535,3536,3551,3560,3561,3552
Partition 3	3596,3597,3598
Partition 4	3541,3549,3550
Partition 5	3533,3528,3534
Partition 6	3621,3622,3623,3624
Partition 7	3575,3576,3566
Partition 8	3537,3538
Partition 9	3574,3567,3573
Partition 10	3569,3571,3572
Partition 11	3558,3559,3562,3584
Partition 12	3570,3589,3590,3520,3553,3591
Partition 13	3521,3578,3523
Partition 14	3601,3602
Partition 15	3579,3614,3599,3580,3615,3582
Partition 16	3585,3616
Partition 17	3617,3618,3605,3619,3620
Partition 18	3583,3593,3594
Partition 19	3603,3595,3604
Partition 20	3539,3540,3581,3545
Partition 21	3524,3544,3529,3522
Partition 22	3587,3588
Partition 23	3608,3612,3611
Partition 24	3606,3607
Partition 27	3586,3592
Partition 28	3531,3530
Partition 30	3600
Partition 33	3547
Partition 34	3610
Partition 35	3557,3613
Partition 37	3532
Partition 38	3609
Partition 40	3577,3565
Partition 41	3564
Partition 42	3563
Partition 44	3568
Partition 48	3542,3543,3546,3548
path	9
T	18
cut	76
Partition 0	3555,3556,3557
Partition 1	3554,3525
Partition 2	3526,3535,3536,3560,3561
Partition 3	3596,3597,3598
Partition 4	3551,3549,3550
Partition 6	3622,3623,3624
Partition 7	3575,3576,3566
Partition 8	3537,3538
Partition 9	3567,3573
Partition 10	3568,3569,3571,3572
Partition 11	3558,3559,3562,3584,3563,3585,3616
Partition 12	3570,3589,3590,3520,3553
Partition 13	3521,3578,3523
Partition 14	3577,3600,3565,3601,3602
Partition 15	3579,3599,3609,3615
Partition 17	3621,3618,3605,3619,3620
Partition 18	3580,3582
Partition 19	3593,3603,3594,3595,3604
Partition 20	3581,3545
Partition 21	3606
Partition 22	3540,3587,3591,3610,3588
Partition 23	3608,3613,3612,3611,3617
Partition 24	3543,3614,3607
Partition 25	3546,3548
Partition 26	3529,3522
Partition 27	3541
Partition 29	3574
Partition 30	3547,3531,3532,3530
Partition 33	3533,3527,3528,3534,3552
Partition 35	3542
Partition 37	3539
Partition 39	3524,3544,3564
Partition 41	3583
Partition 46	3586
Partition 47	3592
