path	1
T	5
cut	23
Partition 0	1708,1706,1707,1705
Partition 1	1678,1679,1692,1666,1693
Partition 2	1681,1682,1683
Partition 3	1668,1669
Partition 4	1684,1685,1686,1662,1687
Partition 5	1675,1665,1696,1676
Partition 6	1699,1697,1698,1663,1700
Partition 7	1670,1690,1691,1688,1689,1667
Partition 8	1671,1695,1701,1704
Partition 9	1672,1673,1674,1702,1703
Partition 11	1664
Partition 13	1694
Partition 15	1680
Partition 17	1677
path	2
T	6
cut	22
Partition 0	1708,1706,1707,1705
Partition 1	1678,1692,1666,1693
Partition 2	1685,1683,1662
Partition 3	1668,1679,1680,1681
Partition 4	1686,1687,1694
Partition 5	1675,1665,1696,1676
Partition 6	1699,1697,1698,1663,1700
Partition 7	1670,1690,1688,1689,1667
Partition 8	1695,1701,1704
Partition 9	1672,1673,1674,1702,1691,1703
Partition 10	1669,1682,1677
Partition 11	1664,1684
Partition 15	1671
path	3
T	7
cut	24
Partition 0	1708,1706,1707,1705
Partition 1	1678,1692,1666,1693
Partition 2	1681,1682,1683,1662
Partition 3	1668,1679,1680
Partition 4	1684,1685,1686,1687
Partition 5	1669,1676,1677
Partition 6	1696,1699,1697,1698,1663
Partition 7	1670,1690,1691,1688,1689,1667
Partition 8	1671,1695,1701
Partition 9	1672,1673,1674,1702,1703
Partition 10	1664
Partition 11	1694
Partition 12	1700
Partition 13	1704
Partition 15	1675,1665
path	4
T	8
cut	24
Partition 0	1708,1706,1707,1705
Partition 1	1678,1692,1666,1693
Partition 2	1681,1682,1683,1662
Partition 3	1668,1679,1680
Partition 4	1684,1685,1686,1687
Partition 5	1675,1665,1696,1676
Partition 6	1699,1697,1698,1663,1700
Partition 7	1670,1690,1688,1689,1667
Partition 8	1671,1695,1701,1704
Partition 9	1672,1673,1674,1702
Partition 10	1664
Partition 11	1691,1703
Partition 13	1694
Partition 14	1677
Partition 16	1669
path	5
T	7
cut	23
Partition 0	1708,1706,1707,1705
Partition 1	1678,1692,1666,1693
Partition 2	1681,1682,1683
Partition 3	1668,1679,1680
Partition 4	1684,1685,1686,1662,1687
Partition 5	1675,1665,1696,1676
Partition 6	1699,1697,1698,1663,1700
Partition 7	1670,1690,1689,1667
Partition 8	1671,1695,1701,1704
Partition 9	1672,1673,1674,1702,1691,1703
Partition 10	1688
Partition 12	1664
Partition 13	1694
Partition 15	1669,1677
