path	1
T	5
cut	20
Partition 0	3540,3541
Partition 1	3526,3537,3538
Partition 2	3521,3534,3535,3536,3533
Partition 3	3542,3543
Partition 4	3524,3527
Partition 5	3547,3548,3525
Partition 6	3550,3551
Partition 7	3545,3546,3544,3523
Partition 8	3528,3529,3522
Partition 9	3531,3530,3520
Partition 10	3554,3555,3552,3553
Partition 11	3532
Partition 12	3539
Partition 13	3549
path	2
T	8
cut	20
Partition 0	3538,3540,3541
Partition 1	3537
Partition 2	3521,3534,3535,3533
Partition 3	3542,3543
Partition 4	3526,3539,3532,3524,3527
Partition 5	3547,3548,3549,3525
Partition 6	3550,3551
Partition 7	3545,3544,3523
Partition 8	3528,3529,3522
Partition 9	3531,3530,3520
Partition 10	3554,3555,3553
Partition 11	3536
Partition 12	3546
Partition 13	3552
path	3
T	8
cut	18
Partition 1	3523
Partition 2	3535,3532,3536,3524,3533
Partition 3	3542,3543
Partition 4	3528,3527
Partition 5	3547,3548,3525
Partition 6	3545,3546,3550,3544,3551
Partition 7	3549
Partition 8	3529,3522,3530,3520
Partition 9	3534
Partition 10	3531,3554,3555,3552,3553
Partition 13	3526,3537,3539,3538,3540
Partition 14	3521,3541
path	4
T	6
cut	19
Partition 0	3542,3541
Partition 1	3526,3537,3538
Partition 2	3521,3534,3535,3533
Partition 3	3543
Partition 4	3539
Partition 5	3550,3547,3548,3549,3551
Partition 6	3546
Partition 7	3545,3544,3523
Partition 8	3525,3528,3529,3527,3522
Partition 9	3531,3530,3520
Partition 10	3554,3555,3552,3553
Partition 12	3540
Partition 13	3532,3536,3524
path	5
T	5
cut	18
Partition 0	3539
Partition 1	3526,3537,3538
Partition 2	3521,3534,3535,3533
Partition 3	3540,3536,3542,3541,3543
Partition 4	3532,3524,3527
Partition 5	3547,3548,3525
Partition 6	3550,3551
Partition 7	3545,3546,3544,3523
Partition 8	3528,3529,3522
Partition 9	3531,3530,3520
Partition 10	3554,3555,3552,3553
Partition 11	3549
