path	1
T	3
cut	12
Partition 0	800,802,803,804
Partition 1	806,809,798,810,811,805,819
Partition 2	807,799,808,816,817
Partition 3	797,818,815
Partition 4	801,814,813
Partition 5	821,796,812,820
path	2
T	2
cut	10
Partition 0	800,802,803,804
Partition 1	806,809,798,810
Partition 2	807,799,808,816,817
Partition 3	797,818,815,819
Partition 4	801,814,813
Partition 5	821,796,812,811,820,805
path	3
T	4
cut	11
Partition 0	800,802,803,804,798
Partition 1	806,809,807
Partition 2	799,808,816,810,815
Partition 3	797,818,819,817
Partition 4	801,814,813
Partition 5	821,796,812,811,820,805
path	4
T	3
cut	11
Partition 0	800,802,803,804
Partition 1	806,809,798,810
Partition 2	807,799,808,816,817,805
Partition 3	797,818,815,819
Partition 4	801,814,813
Partition 5	821,796,812,811,820
path	5
T	2
cut	10
Partition 0	800,802,803,804
Partition 1	806,809,798,810
Partition 2	807,799,808,816,817
Partition 3	797,818,815,819
Partition 4	801,814,813
Partition 5	821,796,812,811,820,805
path	6
T	4
cut	10
Partition 0	800,802,803,804,798
Partition 1	806,809,810,807,797,808
Partition 2	799,816,817
Partition 3	818,815,819
Partition 4	801,814,813
Partition 5	821,796,812,811,820,805
path	7
T	3
cut	11
Partition 0	800,802,803,804
Partition 1	806,809,798,810
Partition 2	807,799,808,816,817,805
Partition 3	797,818,815,819
Partition 4	801,814,813
Partition 5	821,796,812,811,820
path	8
T	4
cut	10
Partition 0	800,802,803,804
Partition 1	806,809,798
Partition 2	807,799,808,816
Partition 3	797,818,815,819,817
Partition 4	801,805,814,813,810,811
Partition 5	821,796,812,820
path	9
T	3
cut	11
Partition 0	800,802,803,804
Partition 1	806,809,798,810
Partition 2	807,799,808,816,817,805
Partition 3	797,818,815,819
Partition 4	801,814,813
Partition 5	821,796,812,811,820
path	10
T	2
cut	10
Partition 0	800,802,803,804
Partition 1	806,809,798,810
Partition 2	807,799,808,816,817
Partition 3	797,818,815,819
Partition 4	801,814,813
Partition 5	821,796,812,811,820,805
