path	1
T	4
cut	15
Partition 0	827,813,826,825,824
Partition 1	800,801,809,808,802,807
Partition 2	811,812,810
Partition 3	799,806,815
Partition 4	803,804,817,823
Partition 5	816,821,820,798,822
Partition 6	797,814,818,819,796,805
path	2
T	5
cut	16
Partition 0	827,813,826,825,824
Partition 1	800,801,809
Partition 2	811,810,819
Partition 3	805,796,799,806,807,802
Partition 4	803,804,817,823,820,812,808
Partition 5	816,821,798,822
Partition 6	797,814,815,818
path	3
T	4
cut	13
Partition 0	827,826,825
Partition 1	800,801,809,808,807,802,810
Partition 2	811,812,813
Partition 3	799,806,803,823,804
Partition 4	817,820,819
Partition 5	816,821,798,822,824
Partition 6	797,814,815,818,796,805
path	4
T	5
cut	14
Partition 0	827,813,826,825,812
Partition 1	800,809,808
Partition 2	811,810,801
Partition 3	805,796,799,806,803,823,804
Partition 4	817,802,807,820,819
Partition 5	816,821,798,822,824
Partition 6	797,814,815,818
path	5
T	4
cut	15
Partition 0	827,813,826,825,809
Partition 1	808,802,807
Partition 2	811,812,810,800,801
Partition 3	799,806,819
Partition 4	803,804,823
Partition 5	816,821,820,798,822,824,817
Partition 6	797,814,815,818,796,805
path	6
T	5
cut	16
Partition 0	827,813,826,825,824
Partition 1	800,809,808,807,802
Partition 2	811,812,810
Partition 3	805,796,797
Partition 4	803,804,817,823,801
Partition 5	816,821,820,798,822
Partition 6	814,815,818,819,799,806
path	7
T	4
cut	15
Partition 0	827,813,826,825
Partition 1	800,801,809,812,810,811
Partition 2	802,807,808
Partition 3	805,796,799,806
Partition 4	803,804,817,823,815
Partition 5	816,821,820,798,822,824
Partition 6	797,814,818,819
path	8
T	6
cut	16
Partition 0	827,813,826,812,808,809
Partition 1	800,801,825
Partition 2	802,807,811,810
Partition 3	805,799,806
Partition 4	803,804,817,823,820
Partition 5	821,798,822,824
Partition 6	797,814,815,818,819,816,796
path	9
T	5
cut	16
Partition 0	827,813,826,825
Partition 1	800,801,809,808,807,802,817
Partition 2	811,812,810
Partition 3	805,799,806
Partition 4	803,804,823
Partition 5	816,821,820,798,822,819,824
Partition 6	797,814,815,818,796
path	10
T	4
cut	14
Partition 0	827,826,825
Partition 1	800,801,802
Partition 2	807,811,812,810,813,808,809
Partition 3	805,796,799,806,803
Partition 4	804,823,824
Partition 5	816,821,820,798,822,817
Partition 6	797,814,815,818,819
