path	1
T	NA
cut	67
Partition 0	3538,3563,3556
Partition 1	3557,3558,3522,3555
Partition 2	3560,3559
Partition 3	3585,3586,3598,3597
Partition 4	3581,3526,3580
Partition 5	3554,3579,3577
Partition 6	3567,3566
Partition 7	3544,3545
Partition 8	3533,3532,3587,3588,3589
Partition 9	3537,3539,3530,3540,3528,3536,3531
Partition 10	3590,3595,3593,3594
Partition 11	3535,3576,3591,3592
Partition 12	3575,3618,3616,3617
Partition 13	3521,3612,3614,3615
Partition 14	3534,3546,3547,3574
Partition 15	3600,3601,3599,3520
Partition 16	3578,3606,3607,3611
Partition 17	3527,3602,3603
Partition 18	3605,3613,3550
Partition 19	3529,3541,3542,3543
Partition 20	3548,3552,3561
Partition 21	3525,3564,3569
Partition 22	3608,3609,3610
Partition 23	3562,3572,3573,3571
Partition 26	3549
Partition 27	3596
Partition 28	3570
Partition 29	3582,3584,3604,3583,3524
Partition 30	3568
Partition 31	3551
Partition 32	3553
Partition 33	3565
Partition 37	3523
path	2
T	NA
cut	65
Partition 0	3538,3563,3556
Partition 1	3557,3558,3522,3555
Partition 2	3596,3589
Partition 3	3585,3586,3598,3597
Partition 4	3581,3584,3580,3583
Partition 5	3553,3554,3579,3577
Partition 6	3526,3567,3566
Partition 7	3565,3523
Partition 8	3533,3530,3532,3587,3588
Partition 9	3537,3539,3540,3536,3531
Partition 10	3590,3595,3593,3594
Partition 11	3535,3576,3591,3592
Partition 12	3575,3618,3616,3617
Partition 13	3521,3612,3614,3615
Partition 14	3534,3546,3547,3574
Partition 15	3600,3601,3599,3520
Partition 16	3578,3606,3607,3611
Partition 17	3527,3602,3603
Partition 18	3549,3550
Partition 19	3529,3541,3542,3543
Partition 20	3551,3552,3561
Partition 21	3564,3569,3568,3570
Partition 22	3608,3609,3610,3605
Partition 23	3582,3604,3524,3562,3572,3573,3571
Partition 24	3613
Partition 25	3528
Partition 26	3545
Partition 31	3544
Partition 33	3525
Partition 34	3548
Partition 36	3560,3559
path	3
T	NA
cut	60
Partition 0	3538,3563,3556
Partition 1	3557,3558,3522,3555
Partition 2	3560,3596,3559,3589
Partition 3	3585,3586,3598,3597
Partition 4	3581,3584,3580,3583
Partition 5	3553,3554,3579,3577,3523
Partition 6	3567,3566
Partition 7	3565
Partition 8	3530,3528,3532,3587,3588
Partition 9	3537,3539,3540,3536,3531
Partition 10	3590,3595,3593,3594
Partition 11	3535,3576,3591,3592
Partition 12	3574,3575,3618,3616,3617
Partition 13	3521,3612,3614,3615
Partition 14	3533,3534,3546,3547
Partition 15	3600,3601,3599,3520
Partition 16	3578,3606,3607,3611
Partition 17	3527,3602,3603
Partition 18	3613,3550
Partition 19	3541,3542,3543
Partition 20	3525,3529,3548,3551,3552,3549,3561
Partition 21	3564,3569,3568,3570
Partition 22	3608,3609,3610,3605
Partition 23	3582,3604,3524,3562,3572,3573,3571
Partition 26	3526
Partition 28	3544,3545
path	4
T	NA
cut	64
Partition 0	3538,3563,3556
Partition 1	3557,3558,3555
Partition 2	3560,3559
Partition 3	3585,3586,3598,3597
Partition 4	3581,3584,3580,3583
Partition 5	3554,3579,3577
Partition 6	3528,3522
Partition 7	3553,3565,3566,3587,3588,3523
Partition 8	3530,3532
Partition 9	3537,3539,3540,3536,3531
Partition 10	3590,3595,3593,3594
Partition 11	3535,3576,3591,3592
Partition 12	3575,3618,3616,3617
Partition 13	3521,3612,3614,3615
Partition 14	3534,3546,3547,3574
Partition 15	3600,3601,3599,3520
Partition 16	3578,3606,3607,3611
Partition 17	3527,3602,3603,3526
Partition 18	3613,3550
Partition 19	3525,3529,3541,3551,3542,3543
Partition 20	3548,3552,3561
Partition 21	3564,3569,3568,3570
Partition 22	3608,3609,3610,3605
Partition 23	3582,3604,3524,3562,3572,3573,3571
Partition 29	3549
Partition 31	3544,3545
Partition 32	3533
Partition 33	3589
Partition 34	3596
Partition 35	3567
path	5
T	NA
cut	66
Partition 0	3538,3563,3556
Partition 1	3557,3558,3522,3555
Partition 2	3596,3589
Partition 3	3585,3586,3598,3597
Partition 4	3581,3582,3584,3580,3583
Partition 5	3554,3560,3579,3577
Partition 6	3526,3567,3566
Partition 7	3565,3523
Partition 8	3530,3528,3532,3587,3588
Partition 9	3537,3539,3540,3536,3531,3545
Partition 10	3595,3593,3594
Partition 11	3535,3576,3591,3592
Partition 12	3575,3618,3616,3617
Partition 13	3521,3612,3614,3615
Partition 14	3534,3546,3547,3574
Partition 15	3600,3601,3599,3520
Partition 16	3578,3606,3607,3611
Partition 17	3527,3602,3603
Partition 18	3613,3549,3550
Partition 19	3525,3529,3541,3542,3543
Partition 20	3548,3551,3552
Partition 21	3564,3569,3604,3568,3524,3570
Partition 22	3608,3609,3610
Partition 23	3562,3572,3573,3571
Partition 27	3605
Partition 29	3533
Partition 30	3590
Partition 31	3559
Partition 33	3544
Partition 34	3561
Partition 35	3553
