path	1
T	9
cut	68
Partition 0	3546,3621
Partition 2	3526,3559,3560
Partition 3	3553,3570
Partition 4	3552,3551,3549,3550,3588,3524
Partition 5	3620,3622,3623
Partition 6	3571,3619,3591,3592
Partition 7	3612,3613,3614
Partition 8	3557,3558
Partition 9	3609,3610,3611,3615
Partition 10	3547,3608,3602,3525,3598,3603
Partition 11	3593,3596,3605,3595,3599,3604,3606
Partition 13	3594,3575,3574
Partition 14	3607,3618,3616,3617
Partition 15	3563,3568,3569
Partition 16	3556,3562,3561
Partition 17	3565,3566,3567
Partition 18	3530,3531
Partition 19	3522,3600,3601
Partition 20	3527,3528,3529
Partition 21	3540,3541
Partition 22	3532,3534,3554,3555,3535,3523
Partition 23	3582,3585,3586,3587
Partition 24	3580,3581,3578,3579
Partition 25	3533,3564,3548
Partition 26	3597,3583,3520
Partition 28	3577,3589,3590
Partition 29	3573,3572
Partition 30	3521
Partition 32	3545,3544
Partition 33	3537
Partition 34	3536,3543,3542
Partition 35	3538,3539
Partition 36	3584
Partition 39	3576
path	2
T	19
cut	74
Partition 0	3521,3546
Partition 1	3601,3602
Partition 2	3559,3560
Partition 3	3552,3553
Partition 4	3549,3524
Partition 5	3621,3620,3622,3623
Partition 6	3570,3571,3619,3592
Partition 7	3612,3613,3614
Partition 9	3609,3610,3611,3615
Partition 10	3525,3598,3599
Partition 11	3605,3604,3603
Partition 12	3593,3596
Partition 13	3594,3595,3574
Partition 14	3607,3618,3616,3617,3606
Partition 15	3566,3567,3568,3569
Partition 16	3563,3562,3557,3558,3561
Partition 17	3538,3539,3565
Partition 19	3522,3527,3530,3540,3600
Partition 20	3528,3529,3545
Partition 21	3543,3542
Partition 22	3532,3534,3535
Partition 23	3582,3585,3586,3587
Partition 24	3580,3581,3578,3579
Partition 25	3533,3564,3547,3548
Partition 26	3597,3583,3520
Partition 27	3554,3555
Partition 28	3550,3588,3589,3591,3590
Partition 29	3573,3572
Partition 31	3531
Partition 32	3536
Partition 33	3544
Partition 35	3541,3537
Partition 37	3551
Partition 38	3526
Partition 41	3556
Partition 42	3575
Partition 45	3608
Partition 46	3576,3577
Partition 47	3523
Partition 49	3584
path	3
T	22
cut	70
Partition 0	3521,3546
Partition 1	3601,3605,3602,3604,3603
Partition 2	3526,3547,3559,3560
Partition 3	3553,3570
Partition 4	3552,3551
Partition 5	3620,3622,3623
Partition 6	3571,3619,3591,3592
Partition 7	3613
Partition 8	3525
Partition 9	3608
Partition 10	3598
Partition 12	3609,3610,3611,3614,3615,3616
Partition 14	3593,3596,3594,3575,3576,3595,3574
Partition 15	3563,3568
Partition 16	3539,3556,3562
Partition 17	3538,3565,3566,3567
Partition 18	3530,3531,3536,3549,3550,3588,3543
Partition 19	3522,3600
Partition 20	3527,3528,3529
Partition 21	3545,3544
Partition 22	3532,3534,3535
Partition 23	3582,3585,3586,3587
Partition 24	3580,3581
Partition 25	3533,3564,3548
Partition 26	3597,3583,3520
Partition 27	3554,3555
Partition 28	3577,3589,3590
Partition 29	3573,3572
Partition 32	3612,3578,3579,3537,3557,3558,3524
Partition 33	3540,3541,3542
Partition 34	3599
Partition 37	3561
Partition 38	3569
Partition 39	3523,3584,3607,3618,3617,3606
Partition 43	3621
path	4
T	22
cut	69
Partition 1	3601,3602,3604,3603
Partition 2	3559,3521,3546
Partition 3	3553
Partition 4	3549,3550,3524
Partition 5	3620,3622,3623
Partition 6	3571,3619,3591,3592
Partition 7	3612,3613,3614
Partition 9	3609,3610,3611,3615
Partition 10	3593,3572,3525,3537,3598,3599
Partition 11	3596,3605,3594,3595,3574,3606
Partition 13	3560,3557,3558,3561
Partition 14	3523,3584,3607,3618,3616,3617
Partition 15	3563,3567,3568,3569
Partition 16	3539,3556,3562
Partition 17	3531,3538,3565
Partition 18	3530,3536
Partition 19	3522,3527,3540,3552,3541
Partition 20	3528,3529,3545
Partition 21	3543,3544,3542
Partition 22	3534,3535
Partition 23	3582,3585,3586,3587
Partition 24	3533,3580,3581,3578,3579
Partition 25	3564,3526,3547,3548,3566
Partition 26	3597,3520
Partition 27	3554,3555
Partition 28	3589,3590
Partition 29	3573,3575,3576,3577
Partition 31	3608
Partition 34	3600
Partition 35	3532
Partition 37	3621
Partition 38	3551
Partition 39	3570
Partition 40	3583
Partition 41	3588
path	5
T	17
cut	75
Partition 0	3546,3621
Partition 1	3598
Partition 2	3526,3559,3560,3521
Partition 3	3551
Partition 4	3531,3549,3550,3588
Partition 5	3620,3622,3623
Partition 6	3571,3619,3591,3592
Partition 7	3612,3613,3614
Partition 8	3557,3558
Partition 9	3609,3610,3611,3615
Partition 10	3593,3601,3594,3602,3525,3537,3574
Partition 12	3596,3605,3595,3606
Partition 14	3608
Partition 15	3563,3568,3569
Partition 16	3539,3556,3562,3561
Partition 17	3565,3566
Partition 19	3522,3527,3540,3552,3541,3543,3542
Partition 20	3528,3529,3545
Partition 21	3538
Partition 22	3532,3534,3535
Partition 23	3582,3585,3586,3587
Partition 24	3580,3581,3578,3579
Partition 25	3533,3564,3548
Partition 26	3599,3604,3603
Partition 27	3554,3555,3523,3584,3524,3583
Partition 28	3577,3589,3590
Partition 29	3573,3572
Partition 32	3536
Partition 33	3618,3616,3617
Partition 34	3607
Partition 35	3597,3520
Partition 36	3530
Partition 37	3544
Partition 39	3600
Partition 41	3567
Partition 43	3547
Partition 44	3575,3576
Partition 46	3570
Partition 48	3553
path	6
T	9
cut	73
Partition 0	3546,3621
Partition 2	3526,3559,3560
Partition 3	3553,3570
Partition 4	3551,3549,3550
Partition 5	3620,3622,3623
Partition 6	3571,3619,3591,3592
Partition 7	3612,3613,3614
Partition 8	3557,3558
Partition 9	3609,3610,3611,3615
Partition 10	3547,3608,3602,3525,3598,3603
Partition 11	3593,3596,3605,3595
Partition 13	3594,3575,3574
Partition 14	3607,3618,3616,3617
Partition 15	3563,3568,3569
Partition 16	3556,3562,3561
Partition 17	3565,3566,3567
Partition 18	3530,3531
Partition 19	3522,3600,3601
Partition 20	3527,3528,3529
Partition 21	3541,3537
Partition 22	3532,3534,3554,3535,3523,3584
Partition 23	3582,3585,3586,3587
Partition 24	3580,3581,3578,3579
Partition 25	3533,3564,3548
Partition 26	3597,3583,3520
Partition 28	3577,3589,3590
Partition 29	3573,3572
Partition 30	3521
Partition 32	3545,3544
Partition 33	3524
Partition 34	3536,3543,3542
Partition 35	3540,3538,3539
Partition 39	3576
Partition 45	3599
Partition 48	3604
Partition 50	3606
Partition 51	3555
Partition 52	3588
Partition 54	3552
path	7
T	21
cut	74
Partition 0	3545
Partition 1	3601,3602
Partition 2	3526,3559,3521,3546
Partition 3	3552,3553
Partition 5	3621,3620,3622,3623
Partition 6	3570,3571,3619,3592
Partition 7	3612,3613,3614
Partition 9	3609,3610,3611,3615
Partition 10	3525,3598,3599
Partition 11	3605,3604,3603
Partition 12	3593,3596
Partition 13	3594,3595,3574
Partition 14	3607,3618,3616,3617,3606
Partition 15	3566,3567,3568,3569
Partition 16	3556,3562,3557,3558,3561,3524
Partition 17	3538,3539,3565
Partition 20	3527,3528,3529
Partition 21	3543,3542
Partition 22	3532,3534,3535
Partition 23	3582,3585,3586,3587
Partition 24	3580,3581,3578,3579
Partition 25	3533,3564,3548
Partition 26	3597,3583,3520
Partition 27	3554,3555,3563
Partition 28	3522,3530,3600,3531,3536
Partition 29	3573,3572
Partition 31	3589
Partition 32	3550
Partition 33	3544
Partition 35	3541,3537
Partition 37	3547,3551
Partition 38	3560
Partition 41	3549
Partition 42	3575
Partition 45	3608
Partition 46	3576,3577
Partition 47	3523
Partition 49	3584
Partition 51	3540
Partition 54	3588,3591,3590
path	8
T	19
cut	70
Partition 0	3521,3546
Partition 1	3601,3602,3604,3603
Partition 2	3526,3559,3560
Partition 3	3553,3570
Partition 4	3552,3547,3608,3551,3525
Partition 5	3620,3622,3623
Partition 6	3571,3619,3591,3592
Partition 7	3613
Partition 10	3598
Partition 12	3609,3610,3611,3614,3615,3616
Partition 14	3593,3596,3594,3575,3576,3595,3574
Partition 15	3563,3568
Partition 16	3539,3556,3562
Partition 17	3538,3565,3566,3567
Partition 18	3530,3531,3536,3549,3550,3588,3543
Partition 19	3522,3600
Partition 20	3527,3528,3529
Partition 21	3545,3544
Partition 22	3532,3534,3535,3523,3584
Partition 23	3582,3585,3586,3587
Partition 24	3580,3581
Partition 25	3533,3564,3548
Partition 26	3597,3583,3520
Partition 27	3554,3555
Partition 28	3577,3589,3590
Partition 29	3573,3572
Partition 32	3612,3578,3579,3537,3557,3558,3524
Partition 33	3540,3541,3542
Partition 34	3599
Partition 37	3561
Partition 38	3569
Partition 39	3607,3618,3617
Partition 43	3621
Partition 45	3605
Partition 46	3606
path	9
T	13
cut	73
Partition 1	3601,3602,3604,3603
Partition 2	3559,3521
Partition 3	3553
Partition 4	3549,3524
Partition 5	3620,3622,3623
Partition 6	3571,3619,3591,3592
Partition 7	3612,3613,3614
Partition 9	3609,3610,3611,3615
Partition 10	3593,3572,3525,3537,3598,3599
Partition 11	3596,3594,3595,3574
Partition 13	3560,3557,3558,3561
Partition 14	3607,3618,3616,3617,3606
Partition 15	3563,3567,3568,3569
Partition 16	3539,3556,3562
Partition 17	3531,3538,3565
Partition 18	3530,3536
Partition 19	3522,3527,3540,3552,3541
Partition 20	3528,3529,3546,3545
Partition 21	3543,3544,3542
Partition 22	3534,3535
Partition 23	3582,3585,3586,3587
Partition 24	3533,3580,3581,3578,3579
Partition 25	3564,3548,3566
Partition 26	3597,3520
Partition 27	3554,3555
Partition 28	3589,3590
Partition 29	3573,3575,3576,3577
Partition 31	3608
Partition 34	3600
Partition 35	3532
Partition 37	3621
Partition 38	3547,3551
Partition 39	3570
Partition 40	3583
Partition 41	3550,3588
Partition 42	3584
Partition 43	3523
Partition 44	3605
Partition 46	3526
path	10
T	23
cut	75
Partition 1	3598
Partition 2	3553,3570
Partition 4	3549,3550,3588
Partition 5	3620,3622,3623
Partition 6	3571,3619,3591,3592
Partition 7	3612,3613,3614
Partition 8	3557,3558
Partition 9	3609,3610,3611,3615
Partition 10	3593,3526,3594,3525,3537,3574
Partition 12	3596,3605,3595,3606
Partition 14	3608
Partition 15	3563,3568
Partition 16	3539,3556,3562
Partition 17	3565,3566
Partition 19	3527,3540,3552,3541,3543,3542
Partition 20	3528,3529,3545
Partition 21	3538
Partition 22	3532,3534,3535
Partition 23	3582,3585,3586,3587
Partition 24	3580,3581,3578,3579
Partition 25	3533,3564,3548
Partition 26	3604,3603
Partition 27	3554,3555,3523,3584,3524,3583
Partition 28	3577,3589,3590
Partition 29	3573,3572
Partition 32	3536
Partition 33	3618,3616,3617
Partition 34	3607
Partition 35	3597,3599
Partition 36	3530
Partition 37	3520,3544
Partition 41	3567
Partition 44	3575,3576
Partition 48	3559,3521,3546,3621
Partition 49	3531
Partition 50	3522
Partition 51	3569
Partition 53	3560,3561
Partition 54	3600,3601,3547,3551,3602
