path	1
T	10
cut	57
Partition 0	3521,3598,3559,3599,3600,3601,3602
Partition 1	3543,3558
Partition 2	3533,3532
Partition 3	3588,3586,3587,3589
Partition 4	3529,3530,3531
Partition 5	3523,3561,3562,3560
Partition 6	3539,3538,3540,3541,3535
Partition 7	3536,3537,3583,3595,3596
Partition 8	3565,3564,3566,3571,3570
Partition 9	3576,3577,3580
Partition 10	3590,3591,3592,3593
Partition 12	3524,3550,3551,3526,3548,3549
Partition 14	3574,3575,3582,3581,3597
Partition 15	3573,3522,3553,3554
Partition 16	3544,3572,3545,3547,3585,3546
Partition 17	3552,3556,3557
Partition 19	3542
Partition 24	3563
Partition 25	3567,3568,3569
Partition 27	3534
Partition 28	3525
Partition 29	3594
Partition 30	3520
Partition 31	3579
Partition 32	3578
Partition 34	3584
Partition 36	3528
Partition 37	3527
Partition 41	3555
path	2
T	13
cut	60
Partition 0	3521,3598,3559,3599
Partition 1	3557
Partition 2	3533,3532
Partition 3	3588,3586,3587
Partition 4	3529,3530
Partition 5	3561,3562,3560
Partition 6	3523,3539,3538,3540,3541,3542
Partition 7	3568,3569
Partition 8	3565,3564,3566,3571,3570
Partition 9	3576,3577,3580
Partition 10	3590,3591,3592,3549,3593,3583
Partition 12	3534,3578,3579,3548,3525
Partition 13	3585,3531,3584,3595,3596,3597
Partition 14	3574,3575,3582,3581
Partition 15	3572,3573,3522,3553,3546
Partition 17	3555,3552,3556,3554
Partition 18	3543,3558
Partition 19	3563
Partition 20	3520
Partition 21	3550
Partition 23	3544
Partition 24	3545
Partition 25	3524
Partition 26	3526
Partition 27	3536,3537
Partition 28	3594
Partition 29	3551,3547
Partition 30	3600
Partition 31	3601,3602
Partition 32	3527,3528,3567
Partition 33	3535
Partition 34	3589
path	3
T	15
cut	58
Partition 0	3521,3598,3559,3599
Partition 2	3527,3528,3533,3532
Partition 3	3588,3586,3587,3589
Partition 4	3531
Partition 5	3523,3561,3576,3562,3529,3530,3563
Partition 6	3539,3540,3541,3535,3543,3542
Partition 8	3565,3564,3566,3571,3570
Partition 9	3578,3548
Partition 11	3524,3550,3549,3583
Partition 12	3567,3534,3537,3525
Partition 14	3574,3575,3582,3581,3597
Partition 15	3572,3573,3522,3553,3554,3546
Partition 16	3544,3545,3585,3584
Partition 17	3555,3552,3556
Partition 18	3602
Partition 19	3558
Partition 20	3538
Partition 21	3568
Partition 23	3579,3580
Partition 27	3569
Partition 29	3526,3590,3520
Partition 32	3577
Partition 34	3557
Partition 37	3536
Partition 38	3551,3547
Partition 41	3595,3596
Partition 47	3591,3592,3593,3594
Partition 49	3560
Partition 50	3600
Partition 51	3601
path	4
T	10
cut	58
Partition 0	3559,3599,3543,3558
Partition 1	3600,3571,3601,3602
Partition 2	3533,3532
Partition 3	3588,3585,3586,3587,3589,3594,3595
Partition 4	3527,3528,3529,3530,3531
Partition 5	3561,3562,3560
Partition 6	3538,3540,3541,3535
Partition 7	3567,3536,3537,3568,3583
Partition 8	3563,3565,3564,3566
Partition 9	3576,3577,3548,3525
Partition 10	3590
Partition 11	3578,3579,3592,3593,3580
Partition 12	3591
Partition 13	3534
Partition 14	3574,3575,3582,3581,3597
Partition 15	3573,3522,3553,3554
Partition 16	3523,3544,3572,3545,3547,3546
Partition 17	3550,3551,3555,3552,3556,3557
Partition 19	3526
Partition 23	3520
Partition 25	3569
Partition 26	3539
Partition 28	3542
Partition 29	3521,3598
Partition 30	3549
Partition 33	3584
Partition 34	3596
Partition 37	3524
Partition 39	3570
path	5
T	16
cut	60
Partition 0	3521,3598,3559,3599
Partition 2	3601,3602
Partition 3	3588,3586,3587,3589
Partition 4	3529
Partition 5	3562,3563
Partition 6	3540,3533,3541,3535,3532,3542
Partition 7	3567,3536,3537,3568
Partition 8	3565,3564,3566,3571,3570
Partition 9	3545
Partition 10	3590,3591,3592,3593
Partition 11	3524
Partition 12	3534,3578,3548,3525
Partition 13	3550,3585,3549,3584,3583,3595,3596
Partition 14	3574,3575,3582,3543,3558
Partition 15	3555,3522,3553,3556,3554,3557
Partition 16	3523,3561,3576,3577,3560
Partition 19	3526
Partition 21	3569
Partition 22	3520
Partition 24	3538
Partition 27	3544
Partition 28	3531
Partition 30	3539,3530
Partition 31	3594
Partition 33	3580,3581
Partition 38	3597
Partition 40	3572,3573
Partition 42	3579
Partition 45	3546
Partition 46	3551,3547,3552
Partition 48	3527,3528
Partition 50	3600
path	6
T	9
cut	59
Partition 0	3521,3598,3559,3599,3600,3601,3602
Partition 1	3543,3558
Partition 2	3533,3532
Partition 3	3528,3588,3586,3587,3525,3589
Partition 4	3531
Partition 5	3523,3561,3560
Partition 6	3541,3534,3535
Partition 7	3536
Partition 8	3565,3564,3566,3571,3570
Partition 9	3578,3579,3580
Partition 10	3590,3591,3592,3593
Partition 12	3524,3550,3551,3548,3549
Partition 14	3574,3575,3582,3581,3597
Partition 15	3573,3522,3553,3554
Partition 16	3544,3572,3545,3547,3585,3546
Partition 17	3552,3556,3557
Partition 19	3542
Partition 24	3563
Partition 25	3567,3568,3569
Partition 28	3576,3577
Partition 29	3594
Partition 30	3520
Partition 34	3537,3584,3583
Partition 36	3526
Partition 37	3527
Partition 41	3555
Partition 42	3529
Partition 45	3562
Partition 47	3539,3538,3540
Partition 48	3530
Partition 49	3595
Partition 50	3596
path	7
T	13
cut	62
Partition 0	3521,3598,3559,3599
Partition 1	3520
Partition 2	3533,3531,3532
Partition 3	3588,3586,3587
Partition 4	3529,3530
Partition 5	3561,3562,3560
Partition 6	3538,3540,3541,3535
Partition 7	3568,3569
Partition 8	3565,3564,3566,3571,3570
Partition 9	3577,3580
Partition 10	3590,3591,3592,3549,3593,3584,3583
Partition 12	3576,3534,3578,3579,3548,3525
Partition 13	3595,3596,3597
Partition 14	3574,3575,3582,3581
Partition 15	3572,3573,3522
Partition 17	3556,3557
Partition 18	3543,3558,3542
Partition 19	3563
Partition 20	3536
Partition 23	3546
Partition 24	3555
Partition 25	3524
Partition 26	3526
Partition 27	3537
Partition 28	3594
Partition 29	3544,3545,3550,3551,3547,3552
Partition 30	3600
Partition 31	3601,3602
Partition 32	3527,3528,3567
Partition 33	3539
Partition 34	3589
Partition 37	3523
Partition 39	3553,3554
Partition 41	3585
path	8
T	14
cut	60
Partition 0	3521,3598,3559,3599
Partition 2	3527,3528,3533,3532
Partition 3	3588,3586,3587,3589
Partition 4	3531
Partition 5	3523,3539,3561,3576,3562,3530,3563
Partition 6	3541,3535,3557,3543,3558,3542
Partition 8	3565,3564,3566,3571,3570
Partition 9	3578,3548,3549
Partition 11	3583
Partition 12	3567,3524,3534,3537,3525
Partition 14	3574,3575,3582,3581,3597
Partition 15	3572,3573,3522,3553,3554,3546
Partition 16	3544,3545
Partition 17	3555,3552,3556
Partition 18	3602
Partition 20	3538
Partition 21	3526,3568
Partition 23	3579,3580
Partition 27	3569
Partition 29	3520
Partition 32	3577
Partition 37	3536
Partition 38	3550,3551
Partition 41	3595,3596
Partition 47	3590,3591,3592,3593,3594
Partition 49	3560
Partition 50	3600
Partition 51	3601
Partition 52	3585,3584
Partition 53	3547
Partition 55	3529
Partition 56	3540
path	9
T	13
cut	63
Partition 0	3559,3599,3543,3558
Partition 1	3600,3571,3601,3602
Partition 2	3533,3532
Partition 3	3588,3586,3587,3593,3589,3594
Partition 4	3529,3530,3531
Partition 5	3561,3562,3560
Partition 6	3538,3540,3541,3535
Partition 7	3567,3536,3537,3568,3583
Partition 8	3563,3565,3564,3566
Partition 9	3523
Partition 10	3520
Partition 11	3578,3579,3580
Partition 12	3590,3591,3592
Partition 13	3552
Partition 14	3574,3575,3582,3581,3597
Partition 15	3572,3573,3522,3553,3554
Partition 16	3544,3545
Partition 17	3524,3534,3550,3549
Partition 19	3526
Partition 23	3576,3577
Partition 25	3569
Partition 26	3539
Partition 28	3542
Partition 29	3521,3598
Partition 30	3551,3547,3546
Partition 33	3584
Partition 34	3596
Partition 37	3556,3557
Partition 39	3570
Partition 42	3555
Partition 43	3548
Partition 44	3525
Partition 46	3595
Partition 47	3585
Partition 50	3527
Partition 51	3528
path	10
T	16
cut	59
Partition 0	3521,3598,3559,3599
Partition 2	3601,3602
Partition 3	3588,3586,3587,3589
Partition 5	3562,3563
Partition 6	3540,3541,3535
Partition 7	3567,3536,3537,3568
Partition 8	3565,3564,3566,3571,3570
Partition 10	3590,3591,3592,3593
Partition 11	3524
Partition 12	3576,3534,3578,3548,3525
Partition 13	3550,3585,3549,3584,3583,3595,3596
Partition 14	3574,3575,3582
Partition 15	3555,3553,3556,3554
Partition 16	3523,3539,3544,3561,3545,3560
Partition 19	3526
Partition 21	3569
Partition 22	3577
Partition 24	3538
Partition 28	3533,3532,3542
Partition 30	3529,3530,3531
Partition 31	3594
Partition 33	3580,3581
Partition 38	3597
Partition 40	3572,3573
Partition 42	3579
Partition 45	3546
Partition 46	3551,3547,3552
Partition 48	3527,3528
Partition 50	3600
Partition 55	3557,3520
Partition 57	3543,3558
Partition 59	3522
