path	1
T	4
cut	11
Partition 0	797,807,806
Partition 1	818,821,820,822
Partition 2	799,817,823,824,826,825
Partition 3	805,814,804
Partition 4	811,812,813
Partition 5	802,801,803,796,800,819,810
Partition 6	808,809,798,815,816
path	2
T	5
cut	11
Partition 0	807,806,798
Partition 1	818,821,820,822,819,797
Partition 2	799,817,823,824,826,825
Partition 3	805,814,804
Partition 4	810,811,812,813,808
Partition 5	802,801,803,796,800
Partition 6	809,815,816
path	3
T	5
cut	12
Partition 0	797,807,806
Partition 1	818,821,822,824,823
Partition 2	799,817,816,810
Partition 3	826,805,814,804,825
Partition 4	811,812,813,820
Partition 5	802,801,803,796,800,819,815
Partition 6	808,809,798
path	4
T	4
cut	11
Partition 0	797,807,806
Partition 1	818,821,820,822
Partition 2	799,817,823,824,825,826
Partition 3	805,814,804
Partition 4	811,812,813
Partition 5	802,801,803,796,800,819,810
Partition 6	808,809,798,815,816
path	5
T	4
cut	11
Partition 0	797,807,806
Partition 1	818,821,820,822,819
Partition 2	799,817,823,824,825,826,816
Partition 3	805,814,804
Partition 4	811,812,813
Partition 5	802,801,803,796,800,810,815
Partition 6	808,809,798
path	6
T	4
cut	11
Partition 0	797,807,806
Partition 1	818,821,820,822,799,819
Partition 2	804,805,814,826
Partition 3	825,824,823
Partition 4	810,811,812,813
Partition 5	802,801,803,796,800
Partition 6	808,809,798,815,816,817
path	7
T	5
cut	11
Partition 0	797,807,806
Partition 1	818,821,822
Partition 2	799,817,823,824,825,826
Partition 3	805,814,804
Partition 4	810,811,812,813,820
Partition 5	802,801,803,796,800,819
Partition 6	808,809,798,815,816
path	8
T	3
cut	13
Partition 0	797,807,806
Partition 1	818,821,820,822
Partition 2	799,817,823
Partition 3	805,804,825
Partition 4	810,811,812,813,826,814
Partition 5	802,801,803,796,800,819,824
Partition 6	808,809,798,815,816
path	9
T	4
cut	10
Partition 0	797,807,806
Partition 1	818,821,820,822
Partition 2	799,817,823,824
Partition 3	826,805,814,804,825
Partition 4	810,811,812,813
Partition 5	802,801,803,796,800,819
Partition 6	808,809,798,815,816
path	10
T	4
cut	14
Partition 0	807,806,811,810
Partition 1	821,820,822
Partition 2	799,817,824,815,816,819,797
Partition 3	812,813,823
Partition 4	814,826,825,805,804
Partition 5	802,801,803,796,800,818
Partition 6	808,809,798
