cut	62
Partition 0	7527,7531,7533,7532
Partition 1	7493,7549,7526,7497
Partition 2	7576,7577,7496,7578
Partition 3	7509,7510,7523,7524,7525
Partition 4	7583,7521,7522,7535,7534
Partition 5	7540,7541,7581,7582
Partition 6	7500,7504,7501,7505
Partition 7	7502,7503,7546,7569,7545,7547
Partition 8	7574,7548,7575,7580,7579
Partition 9	7585,7584,7586,7587
Partition 10	7595,7594,7593,7588,7589
Partition 11	7573,7564,7563,7590
Partition 12	7550,7559,7571,7570
Partition 13	7557,7556,7568,7572,7558
Partition 14	7539,7536,7591,7592
Partition 15	7562,7551,7552,7560,7561
Partition 16	7494,7537,7555,7495,7538
Partition 17	7565,7566,7567,7554
Partition 18	7513,7491,7511,7512
Partition 19	7498,7499,7520,7519,7517,7518
Partition 20	7542,7544,7543,7553
Partition 21	7490,7506,7528,7507,7508
Partition 22	7514,7515,7492,7529,7516,7530
