cut	32
Partition 0	7491,7514,7546,7555,7547
Partition 1	7540,7539,7516,7515,7492
Partition 2	7541,7542,7548,7549,7550
Partition 3	7513,7499,7504,7503,7512
Partition 4	7495,7498,7508,7502,7501
Partition 5	7494,7506,7543,7505,7544
Partition 6	7511,7507,7509,7493,7510
Partition 7	7519,7518,7497,7517,7535
Partition 8	7523,7524,7525,7496,7526
Partition 9	7520,7521,7522,7528,7527
Partition 10	7500,7536,7537,7538,7551
Partition 11	7532,7533,7530,7534,7531
Partition 12	7558,7490,7545,7557,7556
Partition 13	7559,7554,7529,7553,7552
