cut	119
Partition 0	2064,2125,2126,2182
Partition 1	s_i[1],2124,2183,2184
Partition 2	2192,2189,2123,2188
Partition 3	2191,2187,s_i[0],2190
Partition 4	2065,2079,2096,2080
Partition 5	2085,2084,2086,2081
Partition 6	2200,a_o[1],b_i[1],2199
Partition 7	2198,a_o[0],2196,2197
Partition 8	2185,2193,2186,2195,2194
Partition 9	round_i[1],2063,2088,2089
Partition 10	2082,2094,2083,round_i[0],2062
Partition 11	2097,2098,2105,2106
Partition 12	2099,2095,2100,2104
Partition 13	a_i[1],2069,2112,2111
Partition 14	2087,2109,2110,2108
Partition 15	2102,2101,d_i[1],2103
Partition 16	2090,2092,2093,2107
Partition 17	2077,2078,c_i[1],2075,2091,2067
Partition 18	2148,2141,2149,2147
Partition 19	2144,2151,2150,2152
Partition 20	2073,2119,2122,2120
Partition 21	2117,t_i[1],2121,2118
Partition 22	2131,2145,d_i[0],2068
Partition 23	b_i[0],2066,2142,2143
Partition 24	2134,2136,2137,2133
Partition 25	2129,2130,2132,2146,2135
Partition 26	2138,c_i[0],2076,2139,2140
Partition 27	2113,m_i[1],2116,2114
Partition 28	2071,2115,2127,2174
Partition 29	2154,2167,2169,2172
Partition 30	2128,2176,2173,2175,2171
Partition 31	2180,2179,2181,2177,2178
Partition 32	m_i[0],2072,2155,2157
Partition 33	2156,2158,t_i[0],2074
Partition 34	2165,2153,2168,2170
Partition 35	2162,2163,2166,2159
Partition 36	a_i[0],2070,2164,2161,2160
