cut	51
Partition 0	3528,3529,3530
Partition 1	3574,3527,3564
Partition 2	3524,3584,3585
Partition 3	3575,3577,3576
Partition 4	3572,3573,3586,3587,3588
Partition 5	3567,3566,3568
Partition 6	3523,3540,3557
Partition 7	3542,3541,3565,3526
Partition 8	3563,3570,3569
Partition 9	3520,3532,3531,3558
Partition 10	3560,3544,3561,3559,3562
Partition 11	3534,3535,3536
Partition 12	3537,3538,3593,3533
Partition 13	3548,3549,3547
Partition 14	3589,3590,3591,3592
Partition 15	3525,3543,3545,3546
Partition 16	3597,3571,3596
Partition 17	3598,3556,3521
Partition 18	3522,3539,3553,3555,3554
Partition 19	3583,3594,3595
Partition 20	3580,3578,3582,3581
Partition 21	3579,3551,3552,3550
