path	1
T	5
cut	25
Partition 0	1664
Partition 1	1676,1666,1689,1702,1697
Partition 2	1670,1686
Partition 3	1699,1698
Partition 4	1703,1704,1705,1706
Partition 5	1681,1682
Partition 6	1687,1688
Partition 7	1709,1712,1708,1707,1711
Partition 8	1701,1700
Partition 9	1662,1692
Partition 10	1693,1694,1695
Partition 11	1674,1677,1678,1679
Partition 13	1663,1675,1691,1667
Partition 14	1683,1684,1685
Partition 15	1710
Partition 16	1690,1696
Partition 17	1668,1671,1672,1673,1680
Partition 18	1669,1665
path	2
T	8
cut	26
Partition 0	1689,1699,1697,1698,1664
Partition 1	1666
Partition 2	1673
Partition 3	1676,1702
Partition 4	1703,1704
Partition 5	1705,1682
Partition 6	1687,1688,1701,1700,1708
Partition 7	1709,1712,1711
Partition 8	1706,1707
Partition 9	1662,1692,1693,1694,1695
Partition 10	1691
Partition 11	1674,1677,1678,1663,1675
Partition 12	1681
Partition 13	1668,1671,1672,1667
Partition 14	1683,1684
Partition 15	1680,1679
Partition 16	1685
Partition 17	1670,1686
Partition 18	1669,1690,1696,1710,1665
path	3
T	5
cut	23
Partition 1	1676,1666,1689,1702,1706
Partition 2	1670,1686
Partition 3	1699,1697,1700,1698,1664
Partition 4	1703,1704
Partition 5	1691
Partition 7	1709,1712,1685,1710,1711
Partition 8	1687,1688,1701,1708,1707
Partition 9	1662,1692
Partition 10	1693,1694,1695
Partition 11	1674,1677,1678,1663,1675
Partition 13	1705,1667,1681,1682
Partition 14	1683,1684
Partition 15	1680,1679
Partition 16	1690,1696
Partition 17	1668,1671,1672,1673
Partition 18	1669,1665
path	4
T	5
cut	24
Partition 0	1676,1702,1697,1698,1664
Partition 1	1666,1689
Partition 2	1670,1686
Partition 4	1703,1704,1705,1706,1707
Partition 5	1683,1681,1682
Partition 6	1687,1688,1701
Partition 7	1709,1712,1708,1711
Partition 8	1699,1700
Partition 9	1662,1692
Partition 10	1693,1694,1695
Partition 11	1674,1677,1678,1680,1679
Partition 13	1663,1675
Partition 14	1690,1696,1684,1685,1710
Partition 15	1673
Partition 17	1668,1671,1672,1691,1667
Partition 18	1669,1665
path	5
T	8
cut	26
Partition 0	1699,1697,1700,1698,1664
Partition 1	1666,1689,1702,1706,1707
Partition 2	1670,1686
Partition 4	1703,1704
Partition 5	1682
Partition 6	1687,1688,1701
Partition 7	1709,1712,1708,1711
Partition 8	1705
Partition 9	1695
Partition 10	1662,1692,1693,1691,1694
Partition 11	1674,1677,1678
Partition 12	1681
Partition 13	1663,1675,1676
Partition 14	1683,1684,1685
Partition 15	1680,1679
Partition 16	1690,1696
Partition 17	1668,1671,1672,1673,1667
Partition 18	1669,1665
Partition 22	1710
