path	1
T	6
cut	41
Partition 0	617,661,662,652
Partition 1	655,656,657
Partition 2	603,616,647,649
Partition 3	636,637,648,600
Partition 4	610,654,613,623
Partition 5	609,658,631,622
Partition 6	659,660,611,612
Partition 7	653,638,639,640
Partition 8	621,618,619,602
Partition 9	632,620,624,633
Partition 10	650,651,601,606
Partition 11	642,645,646,644
Partition 12	604,628,629,630
Partition 13	641,634,635,643
Partition 14	605,608,607,614
Partition 15	615,626,625,627
path	2
T	6
cut	41
Partition 0	617,661,662,652
Partition 1	655,656,657
Partition 2	603,616,647,649
Partition 3	636,637,648,600
Partition 4	610,654,613,623
Partition 5	609,658,631,622
Partition 6	659,660,611,612
Partition 7	653,638,639,640
Partition 8	621,618,619,602
Partition 9	632,620,624,633
Partition 10	650,651,601,606
Partition 11	642,645,646,644
Partition 12	604,628,629,630
Partition 13	641,634,635,643
Partition 14	605,608,607,614
Partition 15	615,626,625,627
path	3
T	6
cut	41
Partition 0	617,661,662,652
Partition 1	655,656,657
Partition 2	603,616,647,649
Partition 3	636,637,648,600
Partition 4	610,654,613,623
Partition 5	609,658,631,622
Partition 6	659,660,611,612
Partition 7	653,638,639,640
Partition 8	621,618,619,602
Partition 9	632,620,624,633
Partition 10	650,651,601,606
Partition 11	642,645,646,644
Partition 12	604,628,629,630
Partition 13	641,634,635,643
Partition 14	605,608,607,614
Partition 15	615,626,625,627
path	4
T	6
cut	41
Partition 0	617,661,662,652
Partition 1	655,656,657
Partition 2	603,616,647,649
Partition 3	636,637,648,600
Partition 4	610,654,613,623
Partition 5	609,658,631,622
Partition 6	659,660,611,612
Partition 7	653,638,639,640
Partition 8	621,618,619,602
Partition 9	632,620,624,633
Partition 10	650,651,601,606
Partition 11	642,645,646,644
Partition 12	604,628,629,630
Partition 13	641,634,635,643
Partition 14	605,608,607,614
Partition 15	615,626,625,627
path	5
T	6
cut	41
Partition 0	617,661,662,652
Partition 1	655,656,657
Partition 2	603,616,647,649
Partition 3	636,637,648,600
Partition 4	610,654,613,623
Partition 5	609,658,631,622
Partition 6	659,660,611,612
Partition 7	653,638,639,640
Partition 8	621,618,619,602
Partition 9	632,620,624,633
Partition 10	650,651,601,606
Partition 11	642,645,646,644
Partition 12	604,628,629,630
Partition 13	641,634,635,643
Partition 14	605,608,607,614
Partition 15	615,626,625,627
path	6
T	6
cut	41
Partition 0	617,661,662,652
Partition 1	655,656,657
Partition 2	603,616,647,649
Partition 3	636,637,648,600
Partition 4	610,654,613,623
Partition 5	609,658,631,622
Partition 6	659,660,611,612
Partition 7	653,638,639,640
Partition 8	621,618,619,602
Partition 9	632,620,624,633
Partition 10	650,651,601,606
Partition 11	642,645,646,644
Partition 12	604,628,629,630
Partition 13	641,634,635,643
Partition 14	605,608,607,614
Partition 15	615,626,625,627
path	7
T	6
cut	41
Partition 0	617,661,662,652
Partition 1	655,656,657
Partition 2	603,616,647,649
Partition 3	636,637,648,600
Partition 4	610,654,613,623
Partition 5	609,658,631,622
Partition 6	659,660,611,612
Partition 7	653,638,639,640
Partition 8	621,618,619,602
Partition 9	632,620,624,633
Partition 10	650,651,601,606
Partition 11	642,645,646,644
Partition 12	604,628,629,630
Partition 13	641,634,635,643
Partition 14	605,608,607,614
Partition 15	615,626,625,627
path	8
T	6
cut	41
Partition 0	617,661,662,652
Partition 1	655,656,657
Partition 2	603,616,647,649
Partition 3	636,637,648,600
Partition 4	610,654,613,623
Partition 5	609,658,631,622
Partition 6	659,660,611,612
Partition 7	653,638,639,640
Partition 8	621,618,619,602
Partition 9	632,620,624,633
Partition 10	650,651,601,606
Partition 11	642,645,646,644
Partition 12	604,628,629,630
Partition 13	641,634,635,643
Partition 14	605,608,607,614
Partition 15	615,626,625,627
path	9
T	6
cut	41
Partition 0	617,661,662,652
Partition 1	655,656,657
Partition 2	603,616,647,649
Partition 3	636,637,648,600
Partition 4	610,654,613,623
Partition 5	609,658,631,622
Partition 6	659,660,611,612
Partition 7	653,638,639,640
Partition 8	621,618,619,602
Partition 9	632,620,624,633
Partition 10	650,651,601,606
Partition 11	642,645,646,644
Partition 12	604,628,629,630
Partition 13	641,634,635,643
Partition 14	605,608,607,614
Partition 15	615,626,625,627
path	10
T	6
cut	41
Partition 0	617,661,662,652
Partition 1	655,656,657
Partition 2	603,616,647,649
Partition 3	636,637,648,600
Partition 4	610,654,613,623
Partition 5	609,658,631,622
Partition 6	659,660,611,612
Partition 7	653,638,639,640
Partition 8	621,618,619,602
Partition 9	632,620,624,633
Partition 10	650,651,601,606
Partition 11	642,645,646,644
Partition 12	604,628,629,630
Partition 13	641,634,635,643
Partition 14	605,608,607,614
Partition 15	615,626,625,627
