cut	115
Partition 0	1114,1091
Partition 1	1097,1115,1211
Partition 2	1214,1098,1215
Partition 3	1089,1102,1103
Partition 4	1221,1220,1222
Partition 5	1100,1101,1104,1105
Partition 6	1234,1186,1233
Partition 7	1145,1095,1092
Partition 8	1096,1111,1112
Partition 9	1090,1134,1135
Partition 10	1195,1196,1198
Partition 11	1193,1194,1197,1199
Partition 12	1141,1088,1142
Partition 13	1099,1108,1121,1120
Partition 14	1087,1106,1107
Partition 15	1139,1140,1143
Partition 16	1109,1110,1113,1119
Partition 17	1161,1162,1200
Partition 18	1146,1147
Partition 19	1182,1183,1184
Partition 20	1144,1185,1189,1190
Partition 21	1165,1166
Partition 22	1116,1117,1118
Partition 23	1187,1163,1164,1188
Partition 24	1137,1138,1136
Partition 25	1150,1151,1152
Partition 26	1123,1124,1131
Partition 27	1175,1122,1174
Partition 28	1167,1169,1168
Partition 29	1153,1154,1170
Partition 30	1157,1159,1160
Partition 31	1158,1125,1126
Partition 32	1224,1155,1156
Partition 33	1148,1149,1203
Partition 34	1204,1129,1130
Partition 35	1201,1202,1205,1206
Partition 36	1085,1132,1133
Partition 37	1093,1086,1094
Partition 38	1128,1171,1172
Partition 39	1181,1191,1192
Partition 40	1176,1127,1177
Partition 41	1173,1179,1180,1178
Partition 42	1207,1209,1208
Partition 43	1232,1210,1231
Partition 44	1229,1230,1228
Partition 45	1212,1213,1216,1217
Partition 46	1218,1219,1223
Partition 47	1226,1225,1227
