cut	99
Partition 0	345,370,346
Partition 1	424,422,423
Partition 2	490,420,421,489
Partition 3	359,371,360
Partition 4	504,418,419,417
Partition 5	414,415,416,503
Partition 6	361,373,362
Partition 7	402,403,505
Partition 8	506,404,405
Partition 9	363,372,364
Partition 10	408,409,410
Partition 11	508,507,407
Partition 12	406,412,413,411
Partition 13	390,391,392
Partition 14	353,375,354
Partition 15	394,395,393
Partition 16	339,374,340
Partition 17	400,401,399
Partition 18	484,396,397,398,483
Partition 19	355,377,356
Partition 20	378,379,499
Partition 21	500,338,381,380
Partition 22	357,376,358
Partition 23	498,388,497,389
Partition 24	384,385,386
Partition 25	502,382,501,383,387
Partition 26	367,369,368
Partition 27	512,428,429
Partition 28	426,427,511,425
Partition 29	336,432,337
Partition 30	438,431,437
Partition 31	433,434,430,436,435
Partition 32	347,443,348
Partition 33	453,454,491
Partition 34	492,457,455,456
Partition 35	365,444,366
Partition 36	447,451,452
Partition 37	448,450,449
Partition 38	510,445,446,509
Partition 39	488,479,480
Partition 40	482,343,439,481
Partition 41	477,478,344,487
Partition 42	341,440,342
Partition 43	486,475,476,474
Partition 44	471,472,473,485
Partition 45	349,442,350
Partition 46	494,461,462
Partition 47	459,460,493,458
Partition 48	351,441,352
Partition 49	465,466,467
Partition 50	463,495,464
Partition 51	496,469,470,468
