path	1
T	NA
cut	52
Partition 0	3534,3536,3529,3530
Partition 1	3527,3564,3569
Partition 2	3570
Partition 3	3559,3566,3520
Partition 4	3522,3567,3568,3540,3541
Partition 5	3560,3561,3562
Partition 6	3526,3531,3557,3523
Partition 7	3574,3575,3577,3576
Partition 8	3524,3528,3572,3573,3565
Partition 9	3584,3586,3585,3587,3588
Partition 10	3535,3580,3578,3581
Partition 11	3579,3552,3550,3551
Partition 12	3521,3556,3598
Partition 13	3583,3594,3592,3593
Partition 14	3595,3571,3596
Partition 15	3539,3555,3554
Partition 16	3537,3533,3538,3532
Partition 17	3589,3590,3591,3525,3563
Partition 18	3543,3545,3546,3547
Partition 19	3542,3548,3549,3553
Partition 20	3597
Partition 21	3582
Partition 23	3544
Partition 25	3558
path	2
T	NA
cut	50
Partition 0	3534,3536,3529,3530
Partition 1	3527,3564,3569
Partition 2	3561,3562,3563
Partition 3	3559,3566,3558,3520
Partition 4	3567,3568,3540,3541,3565
Partition 5	3560,3544
Partition 6	3526,3531,3557,3523
Partition 7	3574,3575,3577,3576
Partition 8	3524,3528,3572,3573
Partition 9	3584,3586,3585,3587,3588
Partition 10	3535,3580,3578,3581,3582
Partition 11	3579,3552,3550,3551
Partition 12	3521,3556,3598,3597
Partition 13	3583,3594,3592,3593
Partition 14	3595,3571,3596
Partition 15	3539,3555,3554
Partition 16	3537,3533,3538,3532
Partition 17	3589,3590,3591,3525
Partition 18	3543,3545,3546,3547
Partition 19	3542,3548,3549,3553
Partition 21	3522
Partition 22	3570
path	3
T	NA
cut	51
Partition 0	3534,3536,3529,3530
Partition 1	3527,3564,3569
Partition 2	3562,3563,3570
Partition 3	3561,3559,3566,3558,3520
Partition 4	3567,3568
Partition 5	3560,3544
Partition 6	3528,3540,3541,3526,3557,3523
Partition 7	3574,3575,3577,3576
Partition 8	3572,3573
Partition 9	3584,3586,3585,3587,3588
Partition 10	3535,3580,3578,3581
Partition 11	3579,3552,3550,3551
Partition 12	3521,3556,3598,3597
Partition 13	3583,3594,3592,3593
Partition 14	3595,3571,3596
Partition 15	3539,3555,3554
Partition 16	3537,3533,3538,3532
Partition 17	3589,3590,3591,3525
Partition 18	3543,3545,3546,3547
Partition 19	3542,3548,3549,3553
Partition 20	3582
Partition 22	3565
Partition 27	3522
Partition 28	3531
Partition 29	3524
