path	1
T	17
cut	62
Partition 0	3601,3602,3603
Partition 1	3599,3608,3609
Partition 2	3604,3605,3607,3606
Partition 3	3579,3580,3581,3582,3583
Partition 5	3598
Partition 6	3538,3556,3567
Partition 7	3537
Partition 8	3573,3555,3553,3554
Partition 9	3562,3563,3561
Partition 10	3558,3564,3566,3565
Partition 11	3578,3559,3560,3521
Partition 12	3532,3600,3557,3525
Partition 13	3530,3531,3542
Partition 14	3572,3520,3610
Partition 15	3543,3571
Partition 16	3576,3548,3577,3524,3541
Partition 17	3534,3535,3536,3539,3540
Partition 18	3523,3529,3575
Partition 19	3585,3586,3587
Partition 20	3584,3589,3596,3588,3595,3597
Partition 21	3546,3547,3552,3591,3594
Partition 22	3522,3544,3592,3593
Partition 23	3568,3569,3570
Partition 24	3545,3550,3551
Partition 25	3533,3590,3549
Partition 26	3574
Partition 28	3611
Partition 31	3528
Partition 32	3526
Partition 34	3527
path	2
T	13
cut	63
Partition 0	3601,3602,3603
Partition 1	3599,3608,3609
Partition 2	3604,3605,3607,3606
Partition 3	3579,3537,3580,3581,3582
Partition 4	3573
Partition 5	3574,3584,3583
Partition 6	3538,3539,3556
Partition 7	3527,3528
Partition 8	3526,3555,3553,3554
Partition 9	3562,3563,3561
Partition 10	3547,3558,3567,3564,3566,3565
Partition 11	3578,3559,3560,3521
Partition 12	3532,3600,3557,3525
Partition 13	3536,3530,3540,3531,3541,3542
Partition 14	3572,3520,3610
Partition 15	3543,3571
Partition 16	3548,3577,3524
Partition 17	3534,3535
Partition 18	3523
Partition 19	3585,3586,3587
Partition 20	3589,3596,3588,3595
Partition 21	3591,3594
Partition 22	3522,3544,3592,3593
Partition 23	3568,3569,3570
Partition 24	3552,3550,3551
Partition 25	3533,3590,3549
Partition 26	3611
Partition 28	3597,3598
Partition 29	3545,3529
Partition 33	3576,3575
Partition 37	3546
path	3
T	18
cut	67
Partition 0	3601,3602,3603
Partition 1	3599,3608,3609
Partition 2	3604,3605,3607,3606
Partition 3	3579,3580,3581,3582
Partition 4	3573,3574,3584,3583
Partition 5	3597,3598
Partition 6	3537,3538,3556
Partition 7	3528,3531
Partition 8	3526,3555,3553,3554
Partition 9	3562,3563,3561
Partition 10	3558,3566,3565
Partition 11	3539,3521
Partition 12	3527,3532,3600,3557,3525
Partition 13	3541,3542
Partition 14	3572,3520,3610
Partition 15	3543,3571
Partition 16	3548,3577,3524
Partition 17	3534,3535,3536
Partition 18	3523,3529,3530,3575
Partition 19	3585,3586,3587
Partition 20	3589,3596,3595
Partition 21	3591,3594
Partition 22	3522,3544,3592,3593
Partition 23	3568,3569,3570
Partition 24	3545,3550,3551
Partition 25	3533,3590,3549
Partition 28	3611
Partition 30	3567
Partition 31	3546,3552
Partition 32	3547
Partition 33	3588
Partition 34	3576
Partition 36	3540
Partition 39	3578
Partition 42	3559,3560,3564
path	4
T	4
cut	66
Partition 0	3601,3602,3603
Partition 1	3599,3608
Partition 2	3604,3605,3607,3606
Partition 3	3579,3580,3581,3582,3577,3583
Partition 4	3598
Partition 6	3538,3539
Partition 7	3528,3537
Partition 8	3526,3527,3555,3553,3554
Partition 9	3562,3563,3561
Partition 10	3558,3567,3564,3566,3565
Partition 11	3578,3559,3560,3521
Partition 12	3532,3600,3557,3525
Partition 13	3530,3531,3542
Partition 14	3520
Partition 15	3543,3571,3572,3610,3611
Partition 16	3548,3524,3541
Partition 17	3534,3535
Partition 18	3536,3576,3523,3529,3575
Partition 19	3585,3586,3587
Partition 20	3589,3596,3588,3595
Partition 21	3591,3594
Partition 22	3522,3592,3593
Partition 23	3568,3569
Partition 24	3552,3550,3551
Partition 25	3533,3590,3549
Partition 26	3609
Partition 27	3570
Partition 28	3544,3545
Partition 29	3540
Partition 30	3556
Partition 31	3573,3574
Partition 32	3584,3597
Partition 34	3546
Partition 36	3547
path	5
T	21
cut	68
Partition 0	3601,3602,3603
Partition 1	3608,3609
Partition 2	3604,3605,3607,3606
Partition 3	3579,3580,3581,3582
Partition 4	3573,3574,3584
Partition 5	3597,3598
Partition 6	3537,3538,3556
Partition 7	3527,3528
Partition 8	3526,3555,3553,3554
Partition 9	3562,3563,3564
Partition 10	3567,3566,3565
Partition 11	3578,3559,3521
Partition 12	3600,3560,3557,3525
Partition 13	3530,3531,3542
Partition 14	3572,3520,3610
Partition 15	3543,3571
Partition 16	3548,3524,3541
Partition 17	3536,3540
Partition 18	3545,3535,3576,3523,3529,3575
Partition 19	3585,3586,3587
Partition 20	3589,3596,3588,3595
Partition 21	3546
Partition 22	3522,3544,3592,3593
Partition 23	3568,3569,3570
Partition 24	3552,3550,3551
Partition 25	3533,3590
Partition 26	3611
Partition 27	3599
Partition 30	3577,3583
Partition 33	3532
Partition 34	3549
Partition 35	3547,3558
Partition 37	3591,3594
Partition 40	3534
Partition 41	3539
Partition 42	3561
path	6
T	20
cut	65
Partition 0	3601,3602,3603
Partition 1	3599,3608,3609
Partition 2	3604,3605,3607,3606
Partition 3	3579,3580,3581,3582,3583
Partition 5	3598
Partition 6	3538,3556,3567
Partition 7	3537
Partition 8	3573,3555,3553,3554
Partition 9	3562,3563,3561
Partition 10	3558,3564,3566,3565
Partition 11	3578,3559,3560,3521
Partition 12	3532,3600,3557,3525
Partition 13	3528,3530,3531,3541,3542
Partition 14	3572,3520,3610
Partition 15	3543,3571
Partition 16	3548,3577,3524
Partition 17	3534,3535,3536,3539,3540
Partition 18	3523,3529,3575
Partition 19	3585,3586,3587
Partition 20	3589,3596,3588,3595
Partition 21	3546,3547,3552,3591,3594
Partition 22	3522,3544,3592,3593
Partition 23	3568,3569,3570
Partition 24	3545,3550,3551
Partition 25	3533,3590
Partition 26	3574
Partition 28	3611
Partition 32	3526
Partition 34	3527
Partition 35	3597
Partition 37	3584
Partition 38	3549
Partition 40	3576
path	7
T	13
cut	65
Partition 0	3601,3602,3603
Partition 1	3599,3608,3609
Partition 2	3604,3605,3607,3606
Partition 3	3578,3579,3580,3581,3582
Partition 4	3573,3574,3584,3583
Partition 5	3597,3598
Partition 6	3537,3538,3556
Partition 7	3528,3531
Partition 8	3526,3555,3553,3554
Partition 9	3562,3563,3561
Partition 10	3566,3565
Partition 11	3539
Partition 12	3527,3591,3532,3600,3521,3557,3525
Partition 13	3541,3542
Partition 14	3572,3520,3610
Partition 15	3543,3571
Partition 16	3548,3577,3524
Partition 17	3534,3535,3536
Partition 18	3546,3523,3529,3530,3575
Partition 19	3585,3586,3587
Partition 20	3589,3596,3595
Partition 21	3594
Partition 22	3522,3544,3592,3593
Partition 23	3568,3569,3552,3550,3567,3570,3551
Partition 24	3545
Partition 25	3533,3590,3549
Partition 28	3611
Partition 31	3547
Partition 33	3588
Partition 34	3576
Partition 36	3540
Partition 39	3559
Partition 42	3560,3564
Partition 45	3558
path	8
T	17
cut	64
Partition 0	3601,3602,3603
Partition 1	3599,3608
Partition 2	3604,3605,3607,3606
Partition 3	3579,3580,3581,3582,3583
Partition 4	3598
Partition 6	3538,3539
Partition 7	3527,3528
Partition 8	3573,3574,3526,3555,3578,3553,3554
Partition 9	3562,3563,3561
Partition 10	3547,3558,3556,3567,3564,3566,3565
Partition 11	3560
Partition 12	3532,3600,3521,3557,3525
Partition 13	3530,3531,3542
Partition 14	3520
Partition 15	3543,3571,3572,3610,3611
Partition 16	3548,3524,3541
Partition 17	3534,3535
Partition 18	3536,3576,3523,3529,3559,3575
Partition 19	3585,3586,3587
Partition 20	3589,3596,3588,3595
Partition 21	3591,3594
Partition 22	3522,3592,3593
Partition 23	3568,3569
Partition 24	3552,3550,3551
Partition 25	3533,3590,3549
Partition 26	3609
Partition 27	3570
Partition 28	3544,3545
Partition 29	3540
Partition 32	3584,3597
Partition 34	3546
Partition 38	3577
Partition 39	3537
path	9
T	14
cut	64
Partition 0	3601,3602,3603
Partition 1	3599,3608
Partition 2	3604,3605,3607,3606
Partition 3	3579,3580,3581,3582,3583
Partition 4	3598
Partition 6	3538,3539
Partition 7	3527,3528
Partition 8	3573,3574,3526,3555,3553,3554
Partition 9	3562,3563,3561
Partition 10	3547,3558,3556,3567,3564,3566,3565
Partition 11	3560
Partition 12	3532,3600,3521,3557,3525
Partition 13	3530,3531,3542
Partition 14	3520
Partition 15	3543,3571,3572,3610,3611
Partition 16	3548,3524,3541
Partition 17	3534,3535
Partition 18	3578,3536,3576,3523,3529,3559,3575
Partition 19	3585,3586,3587
Partition 20	3589,3596,3588,3595
Partition 21	3591,3594
Partition 22	3522,3592,3593
Partition 23	3568,3569
Partition 24	3552,3550,3551
Partition 25	3533,3590,3549
Partition 26	3609
Partition 27	3570
Partition 28	3544,3545
Partition 29	3540
Partition 32	3584,3597
Partition 34	3546
Partition 38	3577
Partition 39	3537
