path	1
T	9
cut	46
Partition 0	3558,3559
Partition 1	3562,3560,3561
Partition 2	3539,3564,3538,3563
Partition 3	3589,3585,3590
Partition 4	3584,3520,3583,3582
Partition 5	3550,3551
Partition 6	3527,3528,3572,3525
Partition 7	3587,3588,3586
Partition 8	3537,3535,3536
Partition 9	3533,3532,3534
Partition 10	3529,3530
Partition 11	3566,3567,3540
Partition 13	3524,3570,3571,3522,3552
Partition 14	3569,3568,3579
Partition 15	3557,3555,3556
Partition 16	3523,3541,3546,3542,3554
Partition 17	3573,3576,3577
Partition 18	3545
Partition 19	3575,3578,3581,3580
Partition 20	3547,3548,3526
Partition 21	3521,3565,3574
Partition 22	3553
Partition 25	3543,3544
Partition 26	3549
Partition 27	3531
path	2
T	13
cut	47
Partition 0	3558,3559
Partition 1	3560,3561
Partition 2	3539,3564,3563
Partition 3	3589,3585,3590
Partition 4	3584,3520,3583,3582
Partition 5	3546,3549
Partition 6	3527,3528
Partition 7	3587,3588,3586
Partition 8	3537,3535,3536
Partition 9	3529,3538,3533,3522,3531,3532,3534
Partition 10	3530,3550,3545,3551
Partition 11	3540,3543
Partition 12	3566,3555
Partition 13	3570,3571,3552
Partition 14	3567,3569,3568,3544,3572,3525,3579
Partition 15	3565,3557,3556
Partition 17	3573,3576,3577
Partition 18	3542,3554,3553
Partition 19	3578,3581,3580
Partition 20	3547,3548,3526
Partition 21	3574,3575
Partition 22	3521
Partition 23	3541
Partition 24	3562
Partition 28	3523
Partition 29	3524
path	3
T	10
cut	47
Partition 0	3558,3559
Partition 1	3562,3560,3561
Partition 2	3539,3564,3563
Partition 3	3589,3585,3590
Partition 4	3584,3520,3583,3582
Partition 5	3550
Partition 6	3524,3570
Partition 7	3587,3588,3586
Partition 8	3537,3535,3536
Partition 9	3529,3538,3533,3527,3528,3532,3534
Partition 10	3530,3545,3551
Partition 11	3540,3543
Partition 12	3566,3522,3531,3555
Partition 13	3571,3552,3572
Partition 14	3569,3568,3579
Partition 15	3565,3557,3556
Partition 16	3546,3549
Partition 17	3573,3576,3577,3541
Partition 18	3542,3554,3553
Partition 19	3578,3581,3580
Partition 20	3547,3548,3526
Partition 21	3521,3574,3575
Partition 22	3567
Partition 23	3525
Partition 25	3544
Partition 27	3523
path	4
T	10
cut	48
Partition 0	3558,3559
Partition 1	3562,3560,3561
Partition 2	3564,3563
Partition 3	3589,3585,3590
Partition 4	3584,3520,3583,3582
Partition 5	3550
Partition 6	3543,3544,3527,3528,3572,3525
Partition 7	3587,3588,3586
Partition 8	3537,3535,3536
Partition 9	3533,3532,3534
Partition 10	3529,3530,3545
Partition 11	3522
Partition 12	3566,3555
Partition 13	3570,3571,3552
Partition 14	3569,3568,3579
Partition 15	3565,3557,3556
Partition 16	3523,3546,3549
Partition 17	3573,3576,3577,3541
Partition 18	3542,3554,3553
Partition 19	3578,3581,3580
Partition 20	3547,3548,3526
Partition 21	3521,3574,3575
Partition 23	3567,3540
Partition 24	3539,3538
Partition 25	3524
Partition 26	3551
Partition 28	3531
path	5
T	9
cut	49
Partition 0	3558,3559,3560
Partition 1	3550,3551
Partition 2	3539,3564,3538,3562,3561,3563
Partition 3	3589,3585,3590
Partition 4	3584,3520,3583,3582
Partition 5	3543,3544
Partition 6	3527,3528
Partition 7	3587,3588,3586
Partition 8	3537,3535,3536
Partition 9	3533,3532,3534
Partition 10	3529,3530,3545
Partition 11	3567,3540
Partition 12	3566,3555
Partition 13	3569,3568,3571,3552,3572
Partition 14	3525
Partition 15	3565,3557,3556
Partition 16	3523,3546,3549
Partition 17	3573,3576,3577,3541
Partition 18	3542,3554,3553
Partition 19	3581,3579,3580
Partition 20	3547,3548
Partition 21	3521,3574,3575
Partition 22	3524
Partition 23	3531,3526
Partition 24	3522
Partition 26	3570
Partition 28	3578
