path	1
T	10
cut	45
Partition 0	3539,3564,3584,3590
Partition 1	3520,3583,3582
Partition 2	3562,3561,3563
Partition 3	3537,3538,3535,3536
Partition 4	3586
Partition 5	3587,3588,3589,3585
Partition 6	3525
Partition 7	3529,3530,3545
Partition 8	3533,3532,3534
Partition 9	3521,3547,3522,3531,3526
Partition 10	3523,3541,3546,3542
Partition 11	3565,3569,3568
Partition 12	3574,3575,3577,3578
Partition 13	3573,3576
Partition 14	3554,3553,3560
Partition 15	3548,3549
Partition 16	3557,3558,3559,3556
Partition 17	3570,3571,3552
Partition 18	3540,3543,3544,3550,3551
Partition 19	3566,3567,3555
Partition 20	3572,3579
Partition 22	3524,3527
Partition 23	3581,3580
Partition 25	3528
path	2
T	13
cut	46
Partition 0	3539,3564,3584,3590
Partition 1	3520,3583,3582
Partition 3	3537,3538,3535,3536
Partition 4	3544,3570,3571,3572,3586,3525
Partition 5	3587,3588,3589,3585
Partition 6	3545
Partition 7	3523,3529,3546,3530,3550,3551
Partition 8	3533,3527,3528,3532,3534
Partition 9	3521,3547,3573,3576,3531,3526
Partition 10	3548,3549
Partition 11	3569,3568
Partition 12	3574,3575,3577,3578
Partition 13	3581,3579,3580
Partition 14	3554,3552,3553,3560
Partition 15	3541,3542
Partition 16	3557,3558,3559,3556
Partition 17	3522
Partition 18	3566,3567,3555
Partition 19	3524
Partition 20	3565
Partition 22	3540,3543
Partition 25	3561
Partition 26	3562,3563
path	3
T	12
cut	48
Partition 0	3539,3564,3584,3590
Partition 1	3520,3583,3582
Partition 2	3545,3551,3562,3561,3563
Partition 3	3537,3538,3535,3536
Partition 4	3525
Partition 5	3533,3527,3528,3585,3532,3534
Partition 6	3524,3570,3522
Partition 8	3588,3589
Partition 10	3547,3548,3546,3549
Partition 11	3521,3565,3574,3566,3567,3569,3568
Partition 13	3573,3576,3577,3578,3572,3579
Partition 14	3554,3553,3560
Partition 15	3523,3541,3542
Partition 16	3557,3558,3559,3556
Partition 17	3540
Partition 21	3581
Partition 23	3555
Partition 25	3550
Partition 26	3580
Partition 27	3526
Partition 28	3571,3552
Partition 33	3543,3544
Partition 34	3529,3530
Partition 35	3575
Partition 36	3531
Partition 39	3587,3586
path	4
T	10
cut	45
Partition 0	3539,3564,3584,3590
Partition 1	3520,3583,3582
Partition 2	3562,3561,3563
Partition 3	3537,3538,3535,3536
Partition 4	3544,3572,3586,3525
Partition 5	3587,3588,3589,3585
Partition 6	3550
Partition 7	3529,3530,3545
Partition 8	3533,3527,3528,3532,3534
Partition 9	3521
Partition 10	3548,3546,3549
Partition 11	3565,3569,3568
Partition 12	3574,3575,3577,3578,3581
Partition 13	3573,3576,3531,3526,3579,3580
Partition 14	3554,3553,3560
Partition 15	3523,3541,3543,3542
Partition 16	3557,3558,3556
Partition 17	3559
Partition 18	3566,3567,3540,3570,3571,3522,3555
Partition 20	3551
Partition 21	3524
Partition 22	3552
Partition 24	3547
path	5
T	14
cut	45
Partition 0	3539,3564,3584,3590
Partition 1	3520,3583
Partition 2	3562,3561,3563
Partition 3	3537,3538,3535,3536
Partition 4	3567,3568,3540,3543,3544,3586,3525
Partition 5	3587,3588,3589,3585
Partition 7	3529,3530,3545
Partition 8	3533,3527,3528,3532,3534
Partition 9	3521,3547,3565,3574,3548,3549,3550
Partition 10	3523,3546
Partition 11	3582
Partition 13	3569,3572,3579,3580
Partition 14	3554,3553,3560
Partition 15	3573,3576,3541
Partition 16	3557,3558,3559,3556
Partition 17	3524,3570,3571,3522,3531,3552,3526
Partition 19	3578
Partition 22	3581
Partition 23	3551
Partition 26	3555
Partition 30	3577
Partition 33	3542
Partition 34	3566
Partition 37	3575
