cut	55
Partition 0	3541,3542
Partition 1	3537,3538
Partition 2	3581,3536,3523
Partition 3	3588,3590
Partition 4	3586,3587,3520
Partition 5	3544,3545,3543
Partition 6	3532,3547,3546
Partition 7	3554,3589
Partition 8	3553,3525,3568
Partition 9	3521,3527,3528
Partition 10	3530,3531,3529
Partition 11	3535,3534,3533
Partition 12	3565,3524
Partition 13	3575,3574,3573
Partition 14	3566,3569,3567
Partition 15	3584,3582
Partition 16	3583,3540,3539
Partition 17	3599,3598
Partition 18	3585,3596,3597
Partition 19	3580,3579,3564
Partition 20	3576,3577,3578
Partition 21	3572,3571
Partition 22	3602,3601,3600
Partition 23	3557,3560,3559
Partition 24	3561,3562
Partition 25	3555,3552,3556
Partition 26	3526,3558,3570
Partition 27	3551,3563
Partition 28	3548,3550,3549
Partition 29	3522,3593,3592
Partition 30	3591,3595,3594
