cut	46
Partition 0	3525,3534,3535,3586,3587
Partition 1	3524,3550,3578,3549,3548
Partition 2	3523,3544,3561,3560,3562
Partition 3	3576,3577,3579,3580
Partition 4	3572,3573,3574,3575,3582
Partition 5	3521,3598,3597,3581,3596
Partition 6	3545,3522,3555,3553,3554
Partition 7	3546,3551,3547,3552,3556
Partition 8	3565,3564,3566,3571,3570
Partition 9	3602,3601,3599,3600
Partition 10	3536,3520,3557,3526,3590
Partition 11	3559,3558,3568,3543,3569
Partition 12	3539,3540,3530,3529,3563
Partition 13	3533,3541,3531,3542,3532
Partition 14	3527,3528,3538,3537,3567
Partition 15	3591,3592,3593,3594,3595
Partition 16	3588,3585,3584,3583,3589
