path	1
T	11
cut	54
Partition 0	3561,3562,3522
Partition 1	3555,3530
Partition 2	3531,3532,3549,3550,3551
Partition 3	3536,3537,3538,3540,3541,3548
Partition 4	3569,3570,3575,3574
Partition 5	3566,3567,3568,3564
Partition 6	3576,3520,3599
Partition 7	3596,3553,3597,3598
Partition 8	3534,3535,3552
Partition 9	3584,3585,3595,3594
Partition 10	3590,3591,3592,3593
Partition 11	3554,3523,3539
Partition 12	3589,3588
Partition 13	3525,3565,3580,3583,3587,3521,3582
Partition 14	3542,3545,3577,3578,3524
Partition 15	3544,3547,3558,3546
Partition 16	3543,3579,3529,3526,3581
Partition 17	3573,3557
Partition 18	3559,3560,3572,3571
Partition 20	3556
Partition 21	3586
Partition 22	3563
Partition 23	3533
Partition 25	3527
Partition 26	3528
path	2
T	11
cut	57
Partition 0	3561,3562,3563
Partition 1	3532,3530
Partition 2	3549,3550
Partition 3	3536,3537,3538,3540,3541,3548
Partition 4	3569,3570,3575,3574
Partition 5	3566,3567,3568,3564
Partition 6	3576,3520,3599
Partition 7	3596,3553,3597,3598
Partition 8	3533,3534,3535,3552
Partition 9	3584,3585,3595,3594
Partition 10	3590,3591,3592,3593
Partition 11	3554,3523,3539
Partition 12	3589,3587,3588
Partition 13	3525,3565,3580,3583,3527,3528,3521
Partition 14	3577,3578
Partition 15	3544,3547,3558,3546
Partition 16	3581,3582
Partition 17	3579
Partition 18	3560,3571
Partition 19	3529
Partition 22	3543,3526
Partition 24	3586
Partition 25	3542
Partition 26	3559
Partition 27	3572,3573
Partition 28	3522,3555
Partition 29	3551
Partition 30	3531,3545,3524
Partition 31	3556,3557
path	3
T	13
cut	58
Partition 0	3561,3562,3522
Partition 1	3530
Partition 2	3549,3550,3551
Partition 3	3540,3541
Partition 4	3569,3570,3575,3574
Partition 5	3566,3567,3568,3564
Partition 6	3576,3520,3599
Partition 7	3596,3553,3597,3598
Partition 8	3534,3535,3552
Partition 9	3584,3585,3595,3594
Partition 10	3590,3591,3592,3593
Partition 11	3554,3523,3539
Partition 12	3589,3587,3588
Partition 13	3525,3565,3580,3583
Partition 14	3579,3578
Partition 15	3544,3558
Partition 16	3527,3529,3526,3581,3582
Partition 17	3542,3545,3577,3546,3524,3557
Partition 18	3559,3560,3572,3573,3571
Partition 19	3563
Partition 20	3528,3521
Partition 23	3586
Partition 27	3556,3555
Partition 28	3531
Partition 29	3537,3538,3548
Partition 31	3533
Partition 33	3532
Partition 36	3536
Partition 37	3543
Partition 39	3547
path	4
T	9
cut	54
Partition 0	3540,3541,3548,3549
Partition 1	3555,3530
Partition 2	3552,3550,3551
Partition 3	3536,3537,3538,3527
Partition 4	3569,3570,3575,3574
Partition 5	3566,3567,3568,3564
Partition 6	3576,3520,3599
Partition 7	3596,3553,3597,3598
Partition 8	3528,3533,3534,3535
Partition 9	3584,3585,3595,3594
Partition 10	3590,3591,3592,3593
Partition 11	3554,3523,3539
Partition 12	3589,3587,3588
Partition 13	3525,3565,3580,3583,3521
Partition 14	3577,3578
Partition 15	3543,3544,3558,3559
Partition 16	3529,3526,3581,3582
Partition 17	3556,3586,3531,3545,3546,3524,3557
Partition 18	3560,3571
Partition 19	3563
Partition 20	3572,3573
Partition 21	3579
Partition 23	3542
Partition 27	3561,3562,3522
Partition 29	3547
Partition 32	3532
path	5
T	11
cut	56
Partition 0	3561,3562,3563,3592
Partition 1	3527,3555,3528,3530
Partition 2	3549,3550,3551
Partition 3	3536,3537,3538,3540,3541,3548
Partition 4	3569,3570,3575,3574
Partition 5	3566,3567,3568,3564
Partition 6	3576,3520,3599
Partition 7	3596,3553,3597,3598
Partition 8	3532,3533,3534,3535
Partition 9	3584,3585,3595,3594
Partition 10	3589,3593
Partition 11	3554,3556
Partition 12	3577,3587,3588
Partition 13	3525,3565,3580,3590,3583,3586,3521
Partition 14	3579,3578
Partition 15	3544,3547,3558,3546
Partition 16	3581,3582
Partition 17	3531,3545,3524
Partition 18	3559,3560,3572,3573,3529,3571
Partition 19	3552
Partition 22	3522
Partition 24	3543,3526
Partition 25	3542
Partition 27	3523
Partition 28	3539
Partition 29	3557
Partition 30	3591
path	6
T	8
cut	54
Partition 0	3561,3562,3522
Partition 1	3555,3530
Partition 2	3549,3550,3551
Partition 3	3536,3537,3538,3540,3541,3548
Partition 4	3569,3570,3575,3574
Partition 5	3566,3567,3568,3564
Partition 6	3576,3520,3599
Partition 7	3596,3553,3597,3598
Partition 8	3534,3535,3552
Partition 9	3584,3585,3595,3594
Partition 10	3590,3591,3592,3593
Partition 11	3554,3523,3539
Partition 12	3589,3588
Partition 13	3525,3565,3580,3583,3587,3521,3582
Partition 15	3544,3547,3558,3546
Partition 16	3543,3579,3529,3526,3581
Partition 17	3573,3557
Partition 18	3559,3560,3572,3571
Partition 20	3556
Partition 21	3586
Partition 22	3563
Partition 23	3532,3533
Partition 25	3527
Partition 26	3528
Partition 27	3542,3545,3577,3578,3524
Partition 28	3531
path	7
T	12
cut	56
Partition 0	3561,3562,3563
Partition 1	3532,3530
Partition 2	3549,3550
Partition 3	3536,3537,3538,3540,3541,3548
Partition 4	3569,3570,3575,3574
Partition 5	3566,3567,3568,3564
Partition 6	3576,3520,3599
Partition 7	3596,3553,3597,3598
Partition 8	3533,3534,3535,3552
Partition 9	3584,3585,3595,3594
Partition 10	3590,3591,3592,3593
Partition 11	3554,3523,3539
Partition 12	3589,3587,3588
Partition 13	3525,3565,3580,3583,3527,3528,3521
Partition 14	3577,3578
Partition 15	3544,3547,3558,3546
Partition 16	3581,3582
Partition 17	3579
Partition 18	3560,3571
Partition 19	3529,3526
Partition 25	3542,3545,3572
Partition 26	3586,3531,3524
Partition 27	3573,3557
Partition 28	3522
Partition 29	3551
Partition 30	3559
Partition 31	3556,3555
Partition 32	3543
path	8
T	10
cut	59
Partition 0	3561,3562,3522
Partition 1	3557
Partition 2	3549,3550,3551
Partition 3	3540,3541
Partition 4	3573,3569,3570,3575,3574
Partition 5	3566,3567,3568,3564
Partition 6	3576,3520,3599
Partition 7	3596,3553,3597,3598
Partition 8	3534,3535,3552
Partition 9	3584,3585,3595,3594
Partition 10	3590,3591,3592,3593
Partition 11	3554,3523,3539,3521
Partition 12	3589,3587,3588
Partition 13	3580,3583
Partition 14	3579,3577,3578
Partition 15	3544,3558
Partition 16	3527,3529,3526,3581,3582
Partition 17	3542,3545,3546
Partition 18	3560,3571
Partition 19	3563
Partition 20	3528
Partition 23	3586
Partition 27	3556,3555
Partition 28	3531,3532,3559,3533,3530,3524
Partition 29	3537,3538,3548
Partition 36	3536
Partition 37	3543
Partition 39	3547
Partition 42	3565
Partition 44	3525
Partition 45	3572
path	9
T	10
cut	57
Partition 0	3561,3562,3563,3592
Partition 1	3555,3530
Partition 2	3549,3550,3551
Partition 3	3536,3537,3538,3540,3541,3548
Partition 4	3569,3570,3575,3574
Partition 5	3566,3567,3568,3564
Partition 6	3576,3520,3599
Partition 7	3596,3553,3597,3598
Partition 8	3532,3533,3534,3535
Partition 9	3584,3585,3595,3594
Partition 10	3589,3593
Partition 11	3554,3556
Partition 12	3577,3587,3588
Partition 13	3525,3565,3580,3590,3586,3521
Partition 14	3579,3578
Partition 15	3544,3547,3558,3546
Partition 16	3543,3526,3581,3582
Partition 17	3531,3545,3524
Partition 18	3559,3560,3572,3573,3529,3571
Partition 19	3552
Partition 22	3522
Partition 25	3542
Partition 27	3523
Partition 28	3539
Partition 29	3557
Partition 30	3591
Partition 32	3583
Partition 33	3528
Partition 35	3527
