path	1
T	4
cut	10
Partition 0	816,817,798,818
Partition 1	822,811,821
Partition 2	799,815,797,819,820
Partition 3	800,813,807,796,814
Partition 4	805,806,808,802,812
Partition 5	804,801,803,809,810
path	2
T	4
cut	12
Partition 0	816,817,798,818
Partition 1	822,811,821
Partition 2	799,815,797,819
Partition 3	800,813,807,796,814
Partition 4	805,806,808,802,812
Partition 5	804,801,803,809,810,820
path	3
T	4
cut	12
Partition 0	816,817,798,818
Partition 1	822,811,821
Partition 2	799,815,797,819
Partition 3	800,813,807,796,814
Partition 4	805,806,808,802,812
Partition 5	804,801,803,809,810,820
path	4
T	4
cut	12
Partition 0	816,817,798,818
Partition 1	822,811,821
Partition 2	799,815,797,819
Partition 3	800,813,807,796,814
Partition 4	805,806,808,802,812
Partition 5	804,801,803,809,810,820
path	5
T	4
cut	10
Partition 0	816,817,798,818
Partition 1	822,811,821
Partition 2	799,815,797,819,820
Partition 3	800,813,807,796,814
Partition 4	805,806,808,802,812
Partition 5	804,801,803,809,810
path	6
T	4
cut	12
Partition 0	816,817,798,818
Partition 1	822,811,821
Partition 2	799,815,797,819
Partition 3	800,813,807,796,814
Partition 4	805,806,808,802,812
Partition 5	804,801,803,809,810,820
path	7
T	4
cut	12
Partition 0	816,817,798,818
Partition 1	822,811,821
Partition 2	799,815,797,819
Partition 3	800,813,807,796,814
Partition 4	805,806,808,802,812
Partition 5	804,801,803,809,810,820
path	8
T	4
cut	12
Partition 0	816,817,818
Partition 1	822,820,821,799,815,819,797
Partition 2	811,810,814
Partition 3	800,813,807,796,798
Partition 4	805,806,808,802,812
Partition 5	804,801,803,809
path	9
T	4
cut	10
Partition 0	816,817,798,818
Partition 1	822,811,821
Partition 2	799,815,797,819,820
Partition 3	800,813,807,796,814
Partition 4	805,806,808,802,812
Partition 5	804,801,803,809,810
path	10
T	4
cut	12
Partition 0	816,817,818
Partition 1	822,811,821
Partition 2	799,815,797,819,810,820,814
Partition 3	800,813,807,796,798
Partition 4	805,806,808,802,812
Partition 5	804,801,803,809
