path	1
T	12
cut	34
Partition 0	1715
Partition 1	1665,1707,1716,1717
Partition 2	1677,1679,1678
Partition 4	1694,1718,1719,1693,1692
Partition 5	1680,1681,1691
Partition 6	1688,1689,1690
Partition 7	1662,1682,1685,1684,1672
Partition 8	1671,1673,1675,1674
Partition 9	1713,1712
Partition 10	1710,1701,1711
Partition 11	1705,1702
Partition 12	1703,1704,1663
Partition 13	1696,1666,1709
Partition 14	1697,1695,1700,1698,1699
Partition 15	1670
Partition 16	1686,1687,1708,1667,1714
Partition 17	1668,1669,1664
Partition 18	1706
Partition 19	1683
Partition 20	1676
path	2
T	14
cut	33
Partition 0	1713,1712,1714,1716,1715
Partition 1	1718,1719,1717
Partition 2	1677,1679,1678
Partition 4	1694,1693,1692
Partition 5	1680,1681,1691
Partition 6	1688,1689,1690
Partition 7	1662,1670,1682,1685,1684
Partition 8	1671
Partition 10	1710,1701,1711
Partition 11	1702
Partition 12	1703,1704,1705,1663,1672
Partition 13	1676,1683,1696,1666,1709
Partition 14	1697,1695,1700,1698,1699
Partition 16	1686,1687,1667
Partition 17	1708,1664
Partition 20	1706,1665,1707
Partition 21	1668,1669
Partition 22	1675
Partition 23	1673,1674
path	3
T	11
cut	34
Partition 0	1716,1715
Partition 1	1694,1718,1719,1717
Partition 2	1677,1679,1678,1680,1681
Partition 3	1709
Partition 4	1675
Partition 5	1693,1692
Partition 6	1690,1691
Partition 7	1662,1670,1671,1700,1699
Partition 8	1672,1673,1674
Partition 9	1708
Partition 10	1710,1701,1711,1712
Partition 11	1705,1702
Partition 12	1703,1704,1713,1663,1714
Partition 13	1676,1696,1697,1666,1698
Partition 14	1686,1687,1695,1667
Partition 15	1706
Partition 16	1688,1689
Partition 17	1668,1669,1664
Partition 18	1682,1683,1685,1684,1665
Partition 19	1707
path	4
T	7
cut	37
Partition 0	1713,1712,1714,1716,1715
Partition 1	1718,1719,1717
Partition 2	1676,1677
Partition 3	1678,1665
Partition 4	1694,1675,1691,1693,1692
Partition 5	1679,1680,1681
Partition 6	1688,1689,1690
Partition 7	1682
Partition 8	1672,1673,1674
Partition 9	1708
Partition 10	1710,1701,1711
Partition 11	1705,1702
Partition 12	1703,1704,1663
Partition 13	1696,1666,1709
Partition 14	1671,1697,1700,1698,1699
Partition 15	1706
Partition 16	1686,1687,1667
Partition 17	1668,1669,1664
Partition 18	1695
Partition 19	1707
Partition 21	1683,1684
Partition 22	1662,1670
Partition 23	1685
path	5
T	7
cut	34
Partition 0	1716,1715
Partition 1	1718,1719,1717
Partition 2	1665
Partition 3	1683,1684
Partition 4	1694,1693,1692
Partition 5	1679,1678,1680,1681
Partition 6	1685,1688,1689,1690,1691
Partition 7	1662,1682
Partition 8	1671,1673,1675,1700,1674
Partition 9	1664
Partition 10	1710,1701,1702,1711
Partition 11	1704
Partition 12	1703,1663,1672
Partition 13	1696,1666,1709
Partition 14	1697,1698,1699
Partition 16	1686,1687
Partition 17	1670,1668,1669,1695,1667
Partition 18	1708,1713,1712,1714
Partition 19	1705,1706,1707
Partition 20	1676,1677
