path	1
T	22
cut	95
Partition 1	2098,2104,2105,2106
Partition 2	2093,2109,2107,2108
Partition 3	2082,2083,2062
Partition 4	2094,2095
Partition 6	2063,2088,2099,2089,2100
Partition 7	2065,2102,2103,2101
Partition 9	2096,2077,2097,2075,2067
Partition 10	2081
Partition 11	2168,2085,2084,2086,2087
Partition 14	2078,2090,2091,2092
Partition 15	2079,2080
Partition 16	2199,2200
Partition 18	2192,2191,2193,2124,2190
Partition 20	2196,2194
Partition 21	2186,2195,2197,2198
Partition 24	2187,2189
Partition 25	2185,2183,2184,2182
Partition 28	2112,2113,2110
Partition 29	2064,2125,2126,2188
Partition 30	2142,2143,2144,2151
Partition 31	2141,2149,2150
Partition 33	2133
Partition 35	2166,2170,2169,2172
Partition 36	2162,2165,2167,2154,2171
Partition 37	2138,2139,2140,2076,2134
Partition 40	2135,2136,2137,2153,2152
Partition 41	2146,2147,2145,2148
Partition 42	2131,2129,2130,2132,2068
Partition 44	2066
Partition 45	2118,2073,2119
Partition 46	2121,2122,2123
Partition 47	2116,2117
Partition 48	2114,2071,2115
Partition 49	2180,2176,2175,2178
Partition 50	2069,2111,2127,2128,2174
Partition 52	2120,2179,2181,2173,2177
Partition 54	2072,2156,2155,2159,2074
Partition 55	2070,2161,2163,2164
Partition 57	2158,2157,2160
path	2
T	25
cut	92
Partition 5	2168,2082,2083,2062,2171
Partition 6	2063,2088,2099,2089
Partition 7	2102,2103,2101,2104
Partition 11	2081,2085,2084,2086,2087
Partition 13	2090,2092,2093,2107,2106
Partition 14	2096,2078,2097,2091,2075
Partition 15	2065,2079,2077,2080,2067
Partition 16	2199,2200
Partition 18	2192,2138,2191,2193,2190
Partition 20	2196,2194
Partition 21	2186,2195,2197,2198
Partition 23	2187,2189
Partition 24	2121,2122,2123
Partition 25	2185,2124,2183,2184,2182
Partition 28	2069,2111,2109,2110,2108
Partition 29	2064,2125,2126,2188
Partition 30	2098,2094,2095,2105
Partition 31	2139,2140,2141,2149,2150
Partition 33	2137
Partition 34	2144,2153,2151,2152
Partition 36	2165,2167,2170,2154
Partition 39	2147,2145,2148
Partition 40	2132,2133,2135,2134,2136
Partition 41	2131
Partition 42	2100
Partition 43	2066,2142,2076
Partition 44	2129,2130,2143,2146,2068
Partition 45	2118,2073,2119
Partition 47	2116,2117
Partition 48	2112,2113,2114,2071,2115
Partition 49	2180,2176,2181,2175,2178
Partition 50	2127,2169,2128,2174,2172
Partition 51	2120,2179,2173,2177
Partition 53	2163,2164,2166
Partition 54	2072,2156,2155,2159,2074
Partition 55	2070,2158,2157,2160
Partition 56	2161
Partition 58	2162
path	3
T	29
cut	94
Partition 1	2094,2095
Partition 2	2093,2107,2108,2106
Partition 3	2087,2137,2082,2083,2062
Partition 6	2063,2088,2099,2089
Partition 7	2097,2098,2103,2104,2105
Partition 9	2077,2090,2067
Partition 10	2079,2080,2102,2101
Partition 11	2081,2085,2075,2084,2086
Partition 14	2078,2091,2092
Partition 17	2199,2200,2184,2174
Partition 18	2192,2191,2193,2189,2190
Partition 20	2196,2194
Partition 21	2186,2195,2197,2198
Partition 22	2118,2073,2119
Partition 23	2187
Partition 25	2065,2096,2185,2183,2182
Partition 27	2069,2111,2109,2110
Partition 29	2064,2125,2124,2126,2188
Partition 30	2146,2100
Partition 31	2144,2141,2149,2150,2151
Partition 32	2147,2145,2148
Partition 34	2153,2152
Partition 36	2070,2161,2163,2165,2167
Partition 37	2138,2133,2140
Partition 40	2135,2134,2136
Partition 42	2142,2130,2143,2139,2076
Partition 44	2066,2131,2129,2132,2068
Partition 46	2121,2122,2123
Partition 47	2116,2117
Partition 48	2112,2113,2114,2071,2115
Partition 49	2180,2176,2181,2175,2178
Partition 50	2127,2128
Partition 51	2170,2168,2173,2177,2171
Partition 52	2120,2179
Partition 53	2169,2154,2172
Partition 54	2162,2155,2159
Partition 57	2164,2166,2160
Partition 60	2072,2156,2158,2157,2074
path	4
T	20
cut	92
Partition 0	2100,2104,2105,2106
Partition 2	2093,2109,2107,2108
Partition 3	2082,2083
Partition 4	2098,2094,2095
Partition 6	2063,2088,2099,2089,2062
Partition 7	2102,2103,2101
Partition 8	2081,2085,2084,2086,2087
Partition 9	2077,2090,2067
Partition 10	2079,2080
Partition 14	2078,2091,2092,2075
Partition 15	2185,2199,2200,2183,2184
Partition 17	2065,2096,2097
Partition 18	2192,2191,2193,2189,2190
Partition 19	2186,2195
Partition 21	2196,2194,2197,2198
Partition 22	2121,2124,2188,2122,2123
Partition 23	2187
Partition 27	2069,2111
Partition 28	2112,2110
Partition 29	2064,2125,2126,2182
Partition 34	2144,2153,2150,2151,2152
Partition 35	2165,2167,2170,2171,2172
Partition 36	2154
Partition 37	2138,2139,2140
Partition 39	2147,2145,2148,2141,2149
Partition 40	2135,2076,2134,2136,2137
Partition 41	2131,2132,2146,2133
Partition 42	2142,2129,2130,2143,2068
Partition 43	2066
Partition 47	2117,2118,2073,2119
Partition 49	2180,2176,2175,2178
Partition 50	2174,2173,2177
Partition 51	2127,2128
Partition 52	2120,2179,2181
Partition 53	2163,2164,2166,2168,2169
Partition 55	2158,2157,2160,2074
Partition 56	2070
Partition 57	2072
Partition 58	2161,2162,2156,2155,2159
Partition 59	2113,2114,2116,2071,2115
path	5
T	16
cut	91
Partition 2	2098,2093,2105,2107,2106
Partition 3	2137,2082,2083,2062
Partition 4	2094,2095
Partition 6	2063,2088,2099,2089,2100
Partition 7	2102,2103,2101,2104
Partition 8	2065
Partition 9	2079,2077,2080,2067
Partition 10	2199,2200,2184
Partition 11	2110
Partition 12	2096,2185,2097,2196,2194
Partition 13	2090,2092
Partition 14	2078,2091,2081,2075,2084
Partition 18	2192,2191,2193,2190
Partition 21	2186,2195,2197,2198
Partition 25	2124,2183,2187,2189,2182
Partition 27	2069,2111
Partition 28	2085,2086,2087,2109,2108
Partition 29	2064,2125,2126,2188
Partition 32	2147,2145,2148,2141,2149
Partition 34	2168,2153,2154,2152
Partition 35	2169,2172
Partition 36	2161,2165,2167,2170,2171
Partition 37	2130,2138,2146,2139,2140
Partition 39	2066,2131,2129,2132,2068
Partition 40	2133,2135,2076,2134,2136
Partition 41	2142,2143,2144,2150,2151
Partition 45	2118,2073,2119,2120
Partition 46	2121,2122,2123
Partition 47	2116,2117
Partition 48	2112,2113,2114,2071,2115
Partition 49	2180,2176,2175,2178
Partition 50	2127,2128
Partition 51	2174,2179,2181,2173,2177
Partition 53	2070,2163,2164,2166,2160
Partition 58	2162,2155,2159
Partition 60	2072,2156,2158,2157,2074
path	6
T	27
cut	92
Partition 0	2146,2100,2104
Partition 2	2078,2091,2092,2093,2107
Partition 6	2063,2088,2099,2089,2062
Partition 9	2077,2090,2067
Partition 10	2065,2079,2080
Partition 11	2082,2083
Partition 12	2102,2103,2101
Partition 14	2081,2075,2084
Partition 15	2096,2097,2098,2105,2106
Partition 16	2186
Partition 17	2185,2199,2200,2183,2184
Partition 18	2066,2131,2192,2191,2193
Partition 20	2196,2194
Partition 21	2195,2197,2198
Partition 22	2169,2124,2174,2172
Partition 23	2187,2189,2190,2188
Partition 27	2069,2111
Partition 28	2085,2086,2087,2109,2108
Partition 29	2064,2125,2126,2182
Partition 30	2142,2143,2144,2094,2095
Partition 31	2147,2145,2148,2149,2150
Partition 34	2168,2153,2151,2152
Partition 36	2161,2165,2167,2170,2171
Partition 37	2139,2140,2141
Partition 40	2130,2135,2134,2136,2137
Partition 42	2129,2132,2138,2133,2068
Partition 43	2076
Partition 45	2118,2073,2119,2120
Partition 46	2121,2122,2123
Partition 47	2116,2117
Partition 48	2127,2114,2071,2115,2128
Partition 49	2180,2176,2181,2175,2178
Partition 51	2179,2173,2177
Partition 53	2070,2163,2164,2166
Partition 55	2072,2156,2158,2157,2160
Partition 56	2154
Partition 57	2074
Partition 58	2162,2155,2159
Partition 59	2112,2113,2110
path	7
T	23
cut	93
Partition 1	2098,2094,2095,2104,2105
Partition 2	2093,2109,2107,2108,2106
Partition 3	2082,2083
Partition 6	2063,2088,2099,2089,2062
Partition 7	2100
Partition 8	2065,2079,2096,2080,2097
Partition 10	2077,2102,2103,2101,2067
Partition 11	2081,2085,2084,2086,2087
Partition 14	2078,2090,2091,2092,2075
Partition 16	2199,2200
Partition 17	2185,2124,2183,2184,2182
Partition 18	2066,2192,2191,2193,2190
Partition 20	2196,2194
Partition 21	2186,2195,2197,2198
Partition 22	2064,2125,2126
Partition 23	2189,2188
Partition 25	2187
Partition 26	2112,2113,2110
Partition 30	2170,2169,2172
Partition 31	2141,2149,2150
Partition 32	2147,2145,2148
Partition 34	2168,2137,2153,2151,2152
Partition 35	2154
Partition 37	2142,2143,2144
Partition 39	2130,2139,2076
Partition 40	2132,2133,2135,2134,2136
Partition 41	2131,2146
Partition 42	2129,2138,2140,2068
Partition 45	2118,2073,2119
Partition 46	2121,2122,2123
Partition 47	2116,2117
Partition 49	2180,2175,2178
Partition 50	2069,2111,2127,2128
Partition 51	2167,2176,2173,2171
Partition 52	2120,2174,2179,2181,2177
Partition 53	2070
Partition 54	2155,2159
Partition 55	2161,2163,2164,2166,2160
Partition 57	2072,2156,2158,2157,2074
Partition 58	2162,2165
Partition 59	2114,2071,2115
path	8
T	15
cut	90
Partition 1	2098,2144,2094,2095,2105
Partition 2	2093,2107,2106
Partition 3	2085,2086,2087,2082,2083
Partition 6	2063,2088,2099,2089,2062
Partition 7	2102,2103,2101,2104
Partition 9	2100
Partition 12	2096,2097,2081,2075,2084
Partition 14	2078,2090,2091,2092
Partition 15	2065,2079,2077,2080,2067
Partition 16	2185,2199,2200,2183,2184
Partition 18	2192,2191,2193,2190
Partition 19	2186,2195,2197,2198
Partition 20	2196,2194
Partition 22	2189,2188
Partition 25	2124,2187,2182,2180,2181
Partition 28	2069,2111,2109,2110,2108
Partition 29	2064,2125,2126
Partition 31	2141,2149,2150,2151
Partition 34	2170,2168,2137,2153,2152
Partition 35	2127,2128,2176,2175,2178
Partition 36	2164,2167,2169,2154,2171
Partition 37	2130,2139,2140
Partition 38	2131
Partition 39	2147,2145,2148
Partition 40	2133,2135,2134,2136
Partition 42	2138
Partition 43	2066,2142,2076
Partition 44	2129,2132,2143,2146,2068
Partition 45	2172
Partition 46	2121,2122,2123
Partition 47	2116,2117
Partition 49	2118,2073,2119
Partition 52	2120,2174,2179,2173,2177
Partition 54	2070,2163,2166
Partition 55	2072,2158,2157,2160,2074
Partition 56	2161,2162,2165
Partition 59	2112,2113,2114,2071,2115
Partition 60	2156,2155,2159
path	9
T	21
cut	95
Partition 2	2093,2107,2106
Partition 3	2082,2062
Partition 6	2063,2088,2099,2089,2100
Partition 7	2185,2102,2103,2104,2105
Partition 9	2077,2090,2067
Partition 10	2079,2080,2081,2084,2101
Partition 11	2085,2086,2087,2137,2083
Partition 12	2096,2097,2098
Partition 14	2078,2091,2092,2075
Partition 16	2065
Partition 18	2192,2191,2193,2189,2190
Partition 19	2186,2195
Partition 20	2196,2194,2197,2198
Partition 21	2200
Partition 23	2188
Partition 25	2199,2183,2184,2182
Partition 28	2069,2111,2109,2110,2108
Partition 29	2064,2125,2126
Partition 30	2094,2095
Partition 31	2144,2141,2149,2150,2151
Partition 34	2165,2170,2168,2153,2152
Partition 35	2120,2174,2179,2173,2177
Partition 37	2130,2138,2143,2139,2140
Partition 39	2146,2147,2145,2148
Partition 40	2135,2136
Partition 41	2133,2076,2134
Partition 42	2066,2131,2132
Partition 43	2142
Partition 44	2129,2068
Partition 45	2118,2073,2119
Partition 46	2121,2124,2187,2122,2123
Partition 47	2116,2117
Partition 48	2112,2113,2114,2071,2115
Partition 49	2180,2176,2181,2175,2178
Partition 50	2127,2128
Partition 51	2167,2169,2154,2171,2172
Partition 53	2070,2163,2164,2166,2160
Partition 54	2162,2155,2159
Partition 55	2161
Partition 60	2072,2156,2158,2157,2074
path	10
T	21
cut	95
Partition 1	2098,2144,2095,2105,2151
Partition 2	2093,2109,2107,2108,2106
Partition 4	2094
Partition 5	2082,2083
Partition 6	2063,2088,2099,2100,2062
Partition 7	2077,2067
Partition 8	2065,2079,2096,2080,2097
Partition 10	2102,2103,2101,2104
Partition 11	2081,2085,2084,2086,2087
Partition 14	2078,2090,2091,2092,2075
Partition 16	2185
Partition 17	2199,2200,2184
Partition 18	2196,2192,2191,2193,2194
Partition 19	2186,2195,2197,2198
Partition 23	2183
Partition 24	2187,2189,2190,2182,2181
Partition 29	2064,2125,2126,2188,2123
Partition 31	2141,2149,2089,2150
Partition 32	2147,2145,2148
Partition 34	2153,2152
Partition 35	2170,2169,2172
Partition 37	2131,2130,2132,2139,2076
Partition 38	2168,2171
Partition 40	2133,2135,2134,2136,2137
Partition 41	2146
Partition 42	2142,2143
Partition 44	2066,2129,2068
Partition 45	2118,2073,2119,2120,2179
Partition 46	2121,2122
Partition 47	2116,2117
Partition 48	2114,2071,2115
Partition 49	2180,2176,2175,2178
Partition 50	2069,2111,2127,2128
Partition 51	2138,2140,2174,2173,2177
Partition 52	2124
Partition 54	2072,2156,2155,2159,2074
Partition 55	2070,2163,2166
Partition 58	2161,2162,2165,2167,2154
Partition 59	2112,2113,2110
Partition 60	2164,2158,2157,2160
