path	1
T	18
cut	88
Partition 0	2129,2130,2138,2068
Partition 3	2131,2132
Partition 6	2133,2135,2076,2134,2136
Partition 8	2066,2142,2143,2094,2095
Partition 10	2144,2153,2154,2151,2152
Partition 11	2139,2140,2141,2149,2150
Partition 13	2146,2147,2145,2148
Partition 14	2103,2104,2105,2106
Partition 15	2069,2111
Partition 16	2062
Partition 17	2063,2088,2099,2089,2100
Partition 18	2107,2108
Partition 20	2087,2137,2082,2083,2109
Partition 22	2078,2090,2091,2092,2093
Partition 24	2077,2102,2101,2067
Partition 25	2096,2097,2098,2075
Partition 27	2065,2079
Partition 28	2080,2081,2085,2084,2086
Partition 29	2182
Partition 30	2064,2125,2126
Partition 31	2187,2120,2180,2179,2181
Partition 32	2112,2113,2114,2116,2110
Partition 33	2118,2073,2119
Partition 38	2185,2199,2200,2183,2184
Partition 39	2124,2189,2188,2122,2123
Partition 41	2186,2195,2197,2198
Partition 42	2192,2191,2193,2190
Partition 43	2196,2194
Partition 45	2170,2169,2174,2172
Partition 47	2071,2115,2117,2121
Partition 49	2127,2167,2168,2176,2171
Partition 50	2128,2173,2175,2177,2178
Partition 53	2070,2161
Partition 54	2072,2158,2157,2160,2074
Partition 55	2162,2165
Partition 56	2156,2155,2159
Partition 58	2163,2164,2166
path	2
T	18
cut	87
Partition 0	2129,2130,2139,2076,2068
Partition 2	2138,2140
Partition 3	2066,2131,2142,2132,2143
Partition 6	2133,2135,2134,2136
Partition 7	2078,2091,2075
Partition 8	2094
Partition 11	2141,2149,2150,2151,2152
Partition 12	2093
Partition 13	2147,2145,2148
Partition 14	2103,2104,2105,2107,2106
Partition 15	2109,2108
Partition 16	2069,2111,2127,2176
Partition 17	2146,2063,2099,2100
Partition 19	2087,2137,2083,2153
Partition 20	2088,2082,2089,2062
Partition 21	2090,2092
Partition 23	2077,2102,2101,2067
Partition 25	2096,2097,2098,2144,2095
Partition 27	2080,2081,2085,2084,2086
Partition 28	2065,2079
Partition 30	2064,2125,2126
Partition 31	2187,2189,2190,2182,2181
Partition 32	2112,2113,2110
Partition 33	2116,2117
Partition 34	2118,2073,2119
Partition 36	2186,2192,2191,2193,2195
Partition 38	2185,2199,2200,2183,2184
Partition 39	2121,2124,2188,2122,2123
Partition 41	2196,2194,2197,2198
Partition 44	2120,2174,2179,2177
Partition 45	2162,2165,2170,2169,2172
Partition 47	2114,2071,2115
Partition 50	2180,2128,2173,2175,2178
Partition 54	2070,2161,2158,2157,2160
Partition 56	2072,2156,2155,2159,2074
Partition 57	2167,2154
Partition 58	2163,2164,2166,2168,2171
path	3
T	16
cut	88
Partition 1	2129,2130,2139,2068
Partition 3	2066,2131,2132,2135
Partition 4	2142,2143,2144
Partition 5	2133,2076,2134,2136
Partition 7	2096,2097,2098,2104,2105
Partition 8	2094,2095
Partition 11	2138,2140,2141,2149,2150
Partition 13	2146,2147,2145,2148
Partition 15	2069,2111,2127,2109,2108
Partition 17	2093,2089,2107,2106
Partition 18	2063,2088,2099,2100
Partition 19	2087,2137,2082,2083,2062
Partition 21	2090,2092
Partition 22	2078,2091
Partition 24	2077,2102,2103,2101,2067
Partition 27	2081,2085,2075,2084,2086
Partition 28	2065,2079,2080
Partition 30	2064,2125,2126,2182
Partition 31	2187,2189,2190,2188
Partition 33	2116,2117
Partition 34	2118,2073,2119,2120
Partition 35	2121,2124,2122,2123
Partition 36	2186,2195,2197,2198
Partition 37	2185,2199,2200,2183,2184
Partition 40	2196,2192,2191,2193,2194
Partition 42	2180,2174,2179,2181,2177
Partition 45	2170,2169,2172
Partition 47	2114,2071,2115
Partition 48	2112,2113,2110
Partition 50	2128,2176,2173,2175,2178
Partition 51	2074
Partition 53	2164,2166
Partition 54	2072,2156,2158,2157,2160
Partition 55	2161,2165
Partition 56	2070,2163,2162,2155,2159
Partition 57	2153,2154,2151,2152
Partition 58	2167,2168,2171
path	4
T	16
cut	93
Partition 0	2066,2131,2129,2132,2068
Partition 1	2130,2139
Partition 4	2142,2143,2144,2151,2152
Partition 6	2133,2135,2076,2134,2136
Partition 7	2096,2097,2098,2104,2105
Partition 8	2094,2095
Partition 10	2154
Partition 11	2138,2140,2141,2149,2150
Partition 12	2099,2100
Partition 15	2069,2111,2127
Partition 17	2146,2147,2145,2148
Partition 18	2063
Partition 19	2088,2082,2083,2089,2062
Partition 21	2090,2092,2093,2107,2106
Partition 23	2077,2102,2103,2101,2067
Partition 26	2078,2091,2075
Partition 27	2084,2086,2087,2109,2108
Partition 28	2065,2079,2080,2081,2085
Partition 29	2182
Partition 30	2064,2125,2126
Partition 31	2187,2189,2188
Partition 32	2112,2113,2110
Partition 34	2118,2073,2119
Partition 35	2121,2122,2123
Partition 37	2199,2200,2184
Partition 38	2185
Partition 39	2124,2183
Partition 40	2196,2194,2197,2198
Partition 42	2192,2191,2193,2190
Partition 43	2186,2195
Partition 44	2120,2174,2179,2181,2177
Partition 45	2161,2165,2170,2169,2172
Partition 47	2114,2071,2115
Partition 48	2116,2117
Partition 49	2167,2168,2176,2171
Partition 50	2180,2128,2173,2175,2178
Partition 51	2156,2158,2157,2160,2074
Partition 52	2072
Partition 56	2162,2155,2159
Partition 57	2137,2153
Partition 58	2070,2163,2164,2166
path	5
T	20
cut	92
Partition 0	2129,2130,2138,2068
Partition 4	2066,2131,2142,2143,2144
Partition 5	2132
Partition 6	2133,2135,2134,2136,2137
Partition 8	2098,2104,2105
Partition 9	2094,2095
Partition 10	2153,2151,2152
Partition 11	2139,2140,2141,2149,2150
Partition 12	2099,2100
Partition 13	2146,2147,2145,2148
Partition 14	2090,2092,2093,2107,2106
Partition 15	2069,2111
Partition 16	2087,2076,2109,2108
Partition 18	2063,2088,2089,2062
Partition 19	2082,2083
Partition 22	2096,2078,2097,2091,2075
Partition 24	2077,2102,2103,2101,2067
Partition 27	2080,2081,2085,2084,2086
Partition 28	2065,2079
Partition 29	2064,2125
Partition 30	2188
Partition 32	2112,2113,2110
Partition 33	2116,2117
Partition 34	2120,2179
Partition 35	2121,2122,2123
Partition 36	2185,2199,2200,2186,2195
Partition 38	2124,2183,2126,2184,2182
Partition 39	2118,2073,2119,2180
Partition 40	2196,2194,2197,2198
Partition 42	2191,2187,2189,2190,2181
Partition 43	2192,2193
Partition 46	2127
Partition 47	2114,2071,2115
Partition 49	2162,2165,2167,2176,2171
Partition 50	2128,2173,2175,2177,2178
Partition 52	2072,2156,2155,2159,2074
Partition 53	2070,2161,2163
Partition 54	2158,2157,2160
Partition 57	2170,2174,2172
Partition 58	2164,2166,2168,2169,2154
path	6
T	23
cut	87
Partition 0	2129,2138,2068
Partition 1	2130,2139,2076
Partition 4	2098,2142,2143,2144,2095
Partition 5	2131
Partition 6	2132,2133,2135,2134,2136
Partition 8	2094
Partition 10	2151,2152
Partition 11	2140,2141,2149,2089,2150
Partition 12	2063,2088,2099,2100,2062
Partition 13	2146,2147,2145,2148
Partition 15	2069,2111,2127,2174,2176
Partition 16	2087,2109,2107,2108,2106
Partition 19	2137,2082,2083,2153,2154
Partition 21	2090,2091,2092,2093
Partition 23	2102,2103,2101,2104,2105
Partition 24	2077,2078,2067
Partition 25	2065,2096,2097,2075
Partition 27	2080,2081,2085,2084,2086
Partition 28	2079
Partition 29	2064,2125,2126,2182
Partition 30	2187
Partition 31	2120,2179,2181,2177
Partition 33	2116,2117
Partition 34	2118,2073,2119
Partition 35	2121,2122
Partition 38	2185,2199,2200,2183,2184
Partition 39	2124,2189,2188,2123
Partition 40	2196,2194
Partition 41	2186,2195,2197,2198
Partition 43	2066,2192,2191,2193,2190
Partition 45	2170,2169,2172
Partition 47	2114,2071,2115
Partition 48	2112,2113,2110
Partition 50	2180,2128,2173,2175,2178
Partition 52	2072,2156,2157,2074
Partition 54	2070,2161,2164,2158,2160
Partition 57	2162,2165,2155,2159
Partition 58	2163,2166,2167,2168,2171
path	7
T	26
cut	90
Partition 0	2129,2132,2068
Partition 1	2130,2139
Partition 6	2133,2135,2076,2134,2136
Partition 8	2098,2094,2095
Partition 10	2142,2143,2144,2151,2152
Partition 11	2138,2140,2141,2149,2150
Partition 12	2099,2100
Partition 13	2146,2147,2145,2148
Partition 14	2109,2110,2107,2108,2106
Partition 15	2069
Partition 17	2063,2088,2089
Partition 19	2087,2137,2082,2083,2062
Partition 21	2090,2091,2092,2093
Partition 23	2102,2103,2101,2104,2105
Partition 24	2077,2078,2097,2067
Partition 25	2065,2096,2075
Partition 27	2080,2081,2085,2084,2086
Partition 28	2079
Partition 30	2064,2125,2126,2182
Partition 32	2111,2112,2113,2127,2114
Partition 33	2116,2117
Partition 34	2118,2073,2119
Partition 37	2186,2066,2131,2192
Partition 38	2185,2199,2200,2183,2184
Partition 39	2121,2124,2188,2122,2123
Partition 40	2196,2194,2195,2197,2198
Partition 42	2187,2189
Partition 43	2191,2193,2190
Partition 44	2120,2180,2179,2181
Partition 45	2170,2169,2174,2172
Partition 47	2071,2115
Partition 49	2167,2168,2176,2171
Partition 50	2128,2173,2175,2177,2178
Partition 51	2157,2074
Partition 53	2070
Partition 54	2072,2156,2158,2160
Partition 56	2161,2162,2165,2155,2159
Partition 58	2163,2164,2166,2153,2154
path	8
T	26
cut	88
Partition 0	2129,2146,2068
Partition 1	2130,2139,2076
Partition 5	2131
Partition 6	2132,2133,2135,2134,2136
Partition 8	2137,2153,2151,2152
Partition 9	2077,2078,2091,2075,2067
Partition 10	2142,2143,2144,2094,2095
Partition 11	2138,2140,2141,2149,2150
Partition 13	2147,2145,2148
Partition 14	2093,2089,2107,2106
Partition 16	2087,2109,2108
Partition 17	2063,2088,2099,2100
Partition 19	2082,2083,2062
Partition 21	2090,2092
Partition 23	2102,2103,2101,2104,2105
Partition 25	2096,2097,2098
Partition 27	2080,2081,2085,2084,2086
Partition 28	2065,2079
Partition 29	2064,2125,2126
Partition 32	2069,2111,2112,2113,2110
Partition 33	2180
Partition 34	2118,2121,2073,2119,2122
Partition 37	2200,2186,2195
Partition 38	2185,2199,2183,2184,2182
Partition 39	2124,2189,2190,2188,2123
Partition 41	2196,2194,2197,2198
Partition 43	2066,2192,2191,2193
Partition 44	2187,2120,2179,2181,2177
Partition 46	2170,2174,2172
Partition 47	2127,2116,2071,2115,2117
Partition 48	2114
Partition 50	2128,2176,2173,2175,2178
Partition 54	2070,2163,2158,2157,2160
Partition 55	2161,2162,2165,2167,2171
Partition 56	2072,2156,2155,2159,2074
Partition 58	2164,2166,2168,2169,2154
path	9
T	17
cut	87
Partition 0	2129,2130,2139,2068
Partition 2	2138,2140,2141,2088,2089
Partition 3	2066,2131,2132
Partition 6	2133,2135,2076,2134,2136
Partition 7	2105,2106
Partition 8	2098,2094,2095
Partition 9	2142,2143,2144,2151,2152
Partition 12	2146,2063,2099,2100,2104
Partition 13	2147,2145,2148,2149,2150
Partition 15	2069,2111
Partition 16	2109
Partition 19	2087,2137,2082,2083,2062
Partition 21	2090,2092,2093,2107,2108
Partition 22	2078,2091
Partition 23	2077,2102,2103,2101,2067
Partition 25	2065,2096,2097,2075
Partition 27	2080,2081,2085,2084,2086
Partition 28	2079
Partition 32	2112,2113,2110
Partition 33	2114,2116,2071,2115,2117
Partition 34	2118,2073,2119,2176
Partition 35	2121,2124,2188,2122,2123
Partition 37	2199,2200,2184
Partition 38	2185,2186,2183,2182
Partition 39	2064,2125,2126
Partition 40	2196,2194
Partition 41	2195,2197,2198
Partition 43	2192,2191,2193,2189,2190
Partition 44	2187,2120,2179,2181,2177
Partition 45	2170,2174,2172
Partition 47	2127
Partition 50	2180,2128,2173,2175,2178
Partition 51	2072,2156,2155,2159,2074
Partition 54	2161,2164,2158,2157,2160
Partition 55	2162,2165,2167,2171
Partition 56	2070,2163
Partition 58	2166,2168,2169,2153,2154
path	10
T	17
cut	90
Partition 1	2130,2139
Partition 2	2138,2140
Partition 3	2066,2131,2129,2132,2068
Partition 4	2098,2143,2144,2095
Partition 6	2133,2135,2076,2134,2136
Partition 8	2142,2094
Partition 10	2141,2149,2150,2151,2152
Partition 12	2146,2099,2100,2104,2105
Partition 13	2147,2145,2148
Partition 15	2110
Partition 16	2093,2107,2108,2106
Partition 19	2087,2137,2082,2083,2153
Partition 20	2063,2088,2089,2062
Partition 21	2090,2092
Partition 22	2078,2091
Partition 23	2077,2102,2103,2101,2067
Partition 27	2080,2081,2085,2084,2086
Partition 28	2065,2079,2096,2097,2075
Partition 29	2124,2189,2126,2182,2188
Partition 30	2064,2125
Partition 32	2127,2128,2174,2173,2177
Partition 33	2112,2113,2114,2071,2115
Partition 34	2118,2073,2119
Partition 35	2121,2122,2123
Partition 37	2199,2200
Partition 38	2185,2186,2195,2183,2184
Partition 40	2196,2194,2197,2198
Partition 43	2192,2191,2193,2190
Partition 44	2187,2120,2180,2179,2181
Partition 45	2170,2169,2172
Partition 47	2116,2117
Partition 48	2069,2111,2109
Partition 49	2162,2165,2167,2168,2171
Partition 50	2176,2175,2178
Partition 53	2070,2161,2163,2164,2166
Partition 54	2158,2157,2160
Partition 56	2072,2156,2155,2159,2074
Partition 58	2154
