path	1
T	17
cut	111
Partition 1	2066,2131,2132
Partition 2	2129,2068
Partition 3	2133,2135,2134,2136,2137
Partition 4	2076
Partition 5	2142,2143,2144
Partition 6	2130,2139
Partition 7	2138,2140
Partition 8	2063,2099,2100
Partition 9	2145,2148
Partition 10	2146,2147
Partition 11	2088,2089,2062
Partition 12	2082,2083
Partition 13	2141,2149
Partition 14	2150,2151
Partition 15	2085,2086
Partition 16	2079,2080
Partition 17	2081,2084
Partition 18	2090,2092
Partition 19	2078,2091
Partition 20	2077,2067
Partition 21	2075
Partition 22	2112,2113,2110
Partition 23	2069,2111
Partition 24	2087,2109
Partition 25	2093,2107,2108
Partition 26	2094,2095
Partition 27	2105,2106
Partition 28	2065,2096,2097,2098
Partition 29	2102,2103,2101,2104
Partition 30	2200,2190
Partition 31	2192,2191,2193
Partition 32	2187,2189,2188
Partition 33	2196,2197,2198
Partition 34	2186,2194,2195
Partition 35	2199,2184
Partition 36	2185
Partition 37	2124,2183,2182
Partition 38	2064,2125,2126
Partition 39	2118,2073,2119
Partition 40	2120,2180,2179,2181
Partition 41	2121,2122,2123
Partition 42	2116,2117
Partition 43	2072
Partition 44	2156,2157,2074
Partition 45	2158,2160
Partition 46	2070,2163
Partition 47	2164,2166
Partition 48	2155,2159
Partition 49	2161,2162,2165
Partition 50	2170,2169,2172
Partition 51	2154
Partition 52	2153,2152
Partition 53	2167,2168,2171
Partition 54	2114,2071,2115
Partition 55	2175,2178
Partition 56	2174,2173,2177
Partition 57	2127,2128,2176
path	2
T	17
cut	111
Partition 1	2066,2131
Partition 2	2132,2135
Partition 3	2133,2134,2136,2137
Partition 4	2142,2076
Partition 5	2143,2144
Partition 6	2130,2139
Partition 7	2129,2068
Partition 8	2099,2100
Partition 9	2145,2148
Partition 10	2146,2147
Partition 11	2063,2088,2089,2062
Partition 12	2082,2083
Partition 13	2138,2140,2141
Partition 14	2149,2150,2151
Partition 15	2085,2086
Partition 16	2079,2080
Partition 17	2081,2084
Partition 18	2090,2092
Partition 19	2078,2091
Partition 20	2077,2067
Partition 21	2065,2096
Partition 22	2112,2113,2110
Partition 23	2069,2111
Partition 24	2087,2109
Partition 25	2093,2107,2108
Partition 26	2094,2095
Partition 27	2097,2098,2104,2105,2106
Partition 28	2075
Partition 29	2102,2103,2101
Partition 30	2192,2193,2194
Partition 31	2191,2190
Partition 32	2187,2189
Partition 33	2186,2196,2195,2197,2198
Partition 34	2200
Partition 35	2185,2199,2183,2184
Partition 36	2182
Partition 37	2064,2125,2126
Partition 38	2124,2188,2123
Partition 39	2073,2119
Partition 40	2120,2180,2179,2181
Partition 41	2121,2122
Partition 42	2118
Partition 43	2072,2156
Partition 44	2157,2074
Partition 45	2158,2160
Partition 46	2070,2163
Partition 47	2164,2166
Partition 48	2155,2159
Partition 49	2161,2162,2165
Partition 50	2170,2169,2172
Partition 51	2153,2152
Partition 52	2167,2154
Partition 53	2168,2171
Partition 54	2114,2071,2115
Partition 55	2176,2175,2178
Partition 56	2174,2177
Partition 57	2128,2173
Partition 58	2116,2117
Partition 59	2127
path	3
T	16
cut	109
Partition 1	2131,2132
Partition 2	2066
Partition 3	2133,2135,2134,2136
Partition 4	2142,2076
Partition 5	2143,2144
Partition 6	2130,2139
Partition 7	2129,2068
Partition 8	2063
Partition 9	2145,2148
Partition 10	2146,2147
Partition 11	2088,2089,2062
Partition 12	2082,2083
Partition 13	2138,2140,2141
Partition 14	2149,2150,2151
Partition 15	2085,2086
Partition 16	2079,2080
Partition 17	2081,2084
Partition 18	2090,2092
Partition 19	2078,2091
Partition 20	2077,2067
Partition 21	2096,2075
Partition 22	2112,2113,2110
Partition 23	2069,2111
Partition 24	2087,2109
Partition 25	2093,2107,2108,2106
Partition 26	2094,2095
Partition 27	2097,2098,2103,2104,2105
Partition 28	2099,2100
Partition 29	2102,2101
Partition 30	2192,2193
Partition 31	2191,2190
Partition 32	2187,2189,2188
Partition 33	2196,2194
Partition 34	2186,2195,2197,2198
Partition 35	2199,2200
Partition 36	2185,2124,2183,2184,2182
Partition 37	2064,2125,2126
Partition 38	2065
Partition 39	2118,2073,2119
Partition 40	2120,2180,2179,2181
Partition 41	2121,2122,2123
Partition 42	2116,2117
Partition 43	2072
Partition 44	2156
Partition 45	2158,2157,2160,2074
Partition 46	2070,2163
Partition 47	2164,2166
Partition 48	2155,2159
Partition 49	2161,2162,2165
Partition 50	2170,2169,2172
Partition 51	2137,2153,2152
Partition 52	2167,2154
Partition 53	2168,2171
Partition 54	2114,2071,2115
Partition 55	2176,2175,2178
Partition 56	2174,2173,2177
Partition 57	2127,2128
path	4
T	15
cut	106
Partition 1	2066,2131
Partition 2	2132,2133,2135,2134,2136
Partition 3	2142,2076
Partition 4	2143,2144
Partition 5	2130,2139
Partition 6	2129,2068
Partition 7	2063,2099,2100
Partition 8	2145,2148
Partition 9	2146,2147
Partition 10	2088,2089
Partition 11	2082,2083
Partition 12	2062
Partition 13	2150,2151,2152
Partition 14	2085,2086
Partition 15	2079,2080
Partition 16	2081,2084
Partition 17	2090,2092
Partition 18	2096,2097,2098,2075
Partition 19	2077,2067
Partition 20	2065
Partition 21	2112,2113,2110
Partition 22	2069,2111
Partition 23	2087,2109
Partition 24	2093,2107,2108
Partition 25	2094,2095
Partition 26	2105,2106
Partition 27	2078,2091
Partition 28	2102,2103,2101,2104
Partition 29	2192,2191,2193,2190
Partition 30	2187,2189
Partition 31	2196,2194,2195,2197,2198
Partition 32	2199,2200
Partition 33	2185,2183,2184,2182
Partition 34	2064,2125,2126
Partition 35	2186
Partition 36	2124,2188,2123
Partition 37	2118,2073,2119,2120
Partition 38	2180,2174,2179,2181,2177
Partition 39	2121,2122
Partition 40	2116,2117
Partition 41	2072,2156,2158
Partition 42	2074
Partition 43	2157,2160
Partition 44	2070,2163
Partition 45	2164,2166
Partition 46	2155,2159
Partition 47	2161,2162,2165
Partition 48	2170,2169,2172
Partition 49	2137,2153,2154
Partition 50	2138,2140,2141,2149
Partition 51	2167,2168,2171
Partition 52	2114,2071,2115
Partition 53	2176,2175,2178
Partition 54	2128,2173
Partition 55	2127
path	5
T	27
cut	111
Partition 1	2066
Partition 2	2131,2132,2133,2135
Partition 3	2134,2136,2137
Partition 4	2142,2076
Partition 5	2143,2144
Partition 6	2130,2139
Partition 7	2129,2068
Partition 8	2099,2100
Partition 9	2145,2148
Partition 10	2146,2147
Partition 11	2088,2089,2062
Partition 12	2082,2083
Partition 13	2138,2140
Partition 14	2141,2149,2150,2151
Partition 15	2085,2086
Partition 16	2079,2080
Partition 17	2081,2084
Partition 18	2090,2092
Partition 19	2078,2091
Partition 20	2077,2067
Partition 21	2096,2075
Partition 22	2112,2113,2110
Partition 23	2069,2111
Partition 24	2087,2109
Partition 25	2093,2107,2108
Partition 26	2094,2095
Partition 27	2097,2098,2104,2105,2106
Partition 28	2063
Partition 29	2102,2103,2101
Partition 30	2192
Partition 31	2191,2190
Partition 32	2187,2189,2188
Partition 33	2196,2193,2194
Partition 34	2186,2195,2197,2198
Partition 35	2199,2200,2184
Partition 36	2065,2185
Partition 37	2064,2125,2126
Partition 38	2182
Partition 39	2124,2183
Partition 40	2073,2119
Partition 41	2120,2180,2179,2181
Partition 42	2121,2122,2123
Partition 43	2116,2117
Partition 44	2072,2156
Partition 45	2074
Partition 46	2158,2157,2160
Partition 47	2070,2163
Partition 48	2164,2166
Partition 49	2155,2159
Partition 50	2161,2162,2165
Partition 51	2170,2169,2172
Partition 52	2153,2154,2152
Partition 53	2167,2168,2171
Partition 54	2114,2071,2115
Partition 55	2176,2175,2178
Partition 56	2173,2177
Partition 57	2127,2128
Partition 58	2118,2174
