path	1
T	15
cut	49
Partition 0	3571,3572
Partition 1	3588,3531,3589,3587
Partition 2	3539,3538,3540
Partition 3	3573,3578,3574
Partition 4	3533,3532
Partition 5	3534
Partition 6	3577,3521
Partition 7	3527,3575,3576,3528,3561,3525
Partition 8	3559,3524,3566
Partition 9	3557,3558,3554,3556
Partition 10	3551,3552,3553,3594,3593
Partition 11	3580,3592,3579,3520,3581
Partition 12	3547,3548,3549,3546,3550
Partition 13	3541,3543,3542,3544,3545
Partition 14	3526,3591
Partition 15	3563,3564,3560,3562,3565
Partition 16	3522,3530,3537,3567,3569,3568
Partition 17	3570
Partition 20	3585,3586,3590
Partition 22	3555
Partition 23	3523
Partition 26	3529
Partition 27	3535
Partition 28	3536
Partition 29	3584,3582,3583
path	2
T	15
cut	46
Partition 0	3528,3523
Partition 1	3585,3588,3531,3584,3586,3587
Partition 2	3522,3537,3539,3538,3540,3525
Partition 3	3569,3568,3573,3574
Partition 4	3530,3533,3532
Partition 5	3534,3529,3535
Partition 6	3577,3578,3521,3582,3583
Partition 7	3575,3576,3561
Partition 8	3559,3524,3566
Partition 9	3557,3558,3554,3556
Partition 10	3551,3552,3553,3594,3593
Partition 11	3580,3592,3579,3520,3581
Partition 12	3547,3548,3549,3546,3550
Partition 13	3541,3543,3542,3544,3545
Partition 14	3526,3591
Partition 15	3563,3564,3560,3562,3565
Partition 16	3589,3590
Partition 17	3555
Partition 19	3570,3571,3572
Partition 21	3527
Partition 22	3536
Partition 23	3567
path	3
T	8
cut	44
Partition 0	3570,3571,3572
Partition 1	3585,3588,3531,3584,3586,3587
Partition 2	3522,3537,3539,3538,3540
Partition 3	3569,3568,3573,3574
Partition 4	3530,3533,3532
Partition 5	3534,3529,3535
Partition 6	3521,3582,3583
Partition 7	3575,3576,3523,3561,3525
Partition 8	3559,3524,3536
Partition 9	3557,3558,3554,3556
Partition 10	3551,3552,3553,3594,3593
Partition 11	3580,3577,3592,3578,3579,3520,3581
Partition 12	3547,3548,3549,3546,3550
Partition 13	3541,3543,3542,3544,3545
Partition 14	3589,3591,3590
Partition 15	3567,3563,3564,3560,3562,3565,3566
Partition 16	3526
Partition 17	3528
Partition 20	3527
Partition 22	3555
path	4
T	11
cut	47
Partition 0	3570,3571,3572
Partition 1	3531,3587
Partition 2	3522,3530,3537,3539,3538
Partition 3	3569,3577,3568,3573,3578,3574
Partition 4	3585,3586
Partition 5	3534,3529,3535
Partition 6	3521,3582,3583
Partition 7	3575,3576,3528,3523,3561,3525
Partition 8	3559,3524,3566
Partition 9	3557,3558,3554,3555,3556
Partition 10	3551,3552,3553,3594
Partition 11	3580,3592,3579,3520,3581
Partition 12	3547,3548,3549,3546,3550
Partition 13	3541,3543,3542,3544,3545
Partition 14	3589,3591,3590
Partition 15	3563,3564,3560,3562,3565
Partition 18	3588
Partition 20	3527,3526
Partition 22	3584
Partition 23	3533,3532
Partition 25	3540
Partition 28	3567
Partition 29	3536
Partition 30	3593
path	5
T	10
cut	49
Partition 0	3570,3571,3572
Partition 1	3585,3584,3586
Partition 2	3522,3537,3539,3569,3538,3568,3540
Partition 3	3573,3578,3574
Partition 4	3530,3533,3532
Partition 5	3534,3529,3535
Partition 6	3521,3582,3583
Partition 7	3575,3576,3561,3525
Partition 8	3559,3524,3536
Partition 9	3557,3558,3554,3556
Partition 10	3551,3552,3553,3594,3593
Partition 11	3580,3592,3579,3520,3581
Partition 12	3547,3548,3549,3546,3550
Partition 13	3541,3543,3542,3544,3545
Partition 14	3589,3591,3590
Partition 15	3563,3564,3560,3562,3565
Partition 16	3523
Partition 17	3588
Partition 18	3555
Partition 21	3577
Partition 22	3526
Partition 25	3527,3528
Partition 28	3567
Partition 29	3566
Partition 31	3587
Partition 33	3531
path	6
T	12
cut	52
Partition 0	3571,3572
Partition 1	3588,3531,3589,3587
Partition 2	3539,3538,3540
Partition 3	3573,3578,3574
Partition 4	3533,3532
Partition 5	3534
Partition 6	3521
Partition 7	3575,3576
Partition 8	3559,3524,3566
Partition 9	3557,3558,3556
Partition 10	3551,3552,3553,3594,3593
Partition 11	3580,3592,3579,3520,3581
Partition 12	3547,3548,3549,3546,3550
Partition 13	3541,3543,3542,3544,3545
Partition 14	3526,3591
Partition 15	3563,3564,3560,3562,3565
Partition 16	3522,3527,3530,3537,3567,3569,3568
Partition 17	3570
Partition 20	3585,3586,3590
Partition 22	3555,3525
Partition 23	3523
Partition 26	3528,3529
Partition 27	3535
Partition 28	3536
Partition 29	3582,3583
Partition 31	3577
Partition 33	3584
Partition 34	3561
Partition 35	3554
path	7
T	15
cut	47
Partition 0	3528,3523
Partition 1	3588,3531,3587
Partition 2	3522,3537,3539,3538,3540,3525
Partition 3	3569,3568,3573,3574
Partition 4	3530,3533,3532
Partition 5	3534,3529,3535
Partition 6	3577,3578,3521,3582,3583
Partition 7	3575,3576,3561
Partition 8	3559,3524,3566
Partition 9	3557,3558,3554,3556
Partition 10	3551,3552,3553,3594,3593
Partition 11	3580,3592,3579,3520,3581
Partition 12	3547,3548,3549,3546,3550
Partition 13	3541,3543,3542,3544,3545
Partition 14	3526,3591
Partition 15	3563,3564,3560,3562,3565
Partition 16	3586,3589,3590
Partition 17	3555
Partition 19	3570,3571,3572
Partition 21	3527
Partition 22	3536
Partition 23	3567
Partition 26	3584
Partition 27	3585
path	8
T	12
cut	50
Partition 0	3570,3571,3572
Partition 1	3588,3531,3587
Partition 2	3522,3537,3567,3539,3538
Partition 3	3569,3568,3573,3574
Partition 4	3530,3533,3532
Partition 5	3534,3529,3535
Partition 6	3521,3582,3583
Partition 7	3575,3576,3523,3561,3525
Partition 8	3559,3524,3566
Partition 9	3557,3558,3554,3556
Partition 10	3551,3552,3553,3594,3593
Partition 11	3580,3592,3579,3520,3581
Partition 12	3547,3548,3549,3546,3550
Partition 13	3541,3543,3542,3544,3545
Partition 14	3589,3591,3590
Partition 15	3563,3564,3560,3562
Partition 16	3526
Partition 17	3528
Partition 20	3527
Partition 22	3555
Partition 23	3565
Partition 24	3536
Partition 27	3540
Partition 32	3578
Partition 34	3577
Partition 35	3586
Partition 37	3585,3584
path	9
T	10
cut	51
Partition 0	3570,3571,3572
Partition 1	3531,3587
Partition 2	3522,3530,3537,3539,3538
Partition 3	3569,3568,3573,3574
Partition 4	3585,3586
Partition 5	3534,3529,3535
Partition 6	3521,3582,3583,3525
Partition 7	3575,3576,3561
Partition 8	3559,3524,3566
Partition 9	3557,3558,3554,3555,3556
Partition 10	3551,3552,3553,3594
Partition 11	3580,3592,3579,3520,3581
Partition 12	3547,3548,3549,3546,3550
Partition 13	3541,3543,3542,3544,3545
Partition 14	3589,3591,3590
Partition 15	3563,3564,3560,3562,3565
Partition 18	3588
Partition 20	3527,3526
Partition 22	3584
Partition 23	3533,3532
Partition 25	3540
Partition 28	3567
Partition 29	3536
Partition 30	3593
Partition 31	3578
Partition 36	3577
Partition 37	3523
Partition 39	3528
