path	1
T	15
cut	63
Partition 0	3575,3618,3616,3617
Partition 1	3612,3614,3615
Partition 2	3529,3551,3552,3549,3550
Partition 3	3608,3604,3605,3613
Partition 4	3609,3610,3611
Partition 5	3537,3538,3539,3582,3583
Partition 6	3563,3570,3571
Partition 7	3556,3524,3562,3587,3588,3589
Partition 8	3547,3574,3572,3573
Partition 9	3560,3559,3561
Partition 10	3534,3557,3522,3555,3521
Partition 11	3578,3606,3603,3607
Partition 12	3602,3600,3601,3520
Partition 13	3586,3598,3599,3597
Partition 14	3590,3595,3596,3594
Partition 15	3553,3554
Partition 16	3581,3584,3580
Partition 17	3535,3576,3593,3591,3592
Partition 19	3540,3536,3531
Partition 20	3564,3569,3567,3568,3566
Partition 21	3525
Partition 22	3527,3533,3530,3526,3528,3532
Partition 23	3558
Partition 26	3548
Partition 28	3546,3545
Partition 30	3585
Partition 32	3577
Partition 33	3579
Partition 36	3565,3544,3523
Partition 37	3541
Partition 39	3542,3543
path	2
T	10
cut	65
Partition 0	3575,3618,3617
Partition 1	3614,3616,3615
Partition 2	3551,3549,3550
Partition 3	3608,3604,3605,3613
Partition 4	3548,3609,3610,3611,3521,3612
Partition 5	3537,3538,3539,3582,3583
Partition 6	3562,3574,3572,3573,3571
Partition 7	3587,3588,3589
Partition 8	3546,3545,3547
Partition 9	3560,3559,3561
Partition 10	3557,3558,3522,3555
Partition 11	3578,3606,3603,3607
Partition 12	3602,3600,3601,3520
Partition 13	3586,3598,3597
Partition 14	3590,3595,3596,3594
Partition 15	3554,3579,3576,3577
Partition 16	3581,3584,3580
Partition 17	3535,3593,3591,3592
Partition 19	3540,3536,3531
Partition 20	3525,3564,3569,3568
Partition 21	3541,3542
Partition 22	3533,3530,3534,3528,3532
Partition 23	3563,3570
Partition 24	3552
Partition 25	3553
Partition 28	3585
Partition 29	3599
Partition 30	3526,3567
Partition 31	3527
Partition 33	3565,3566,3543,3544,3523
Partition 34	3529
Partition 35	3556
Partition 37	3524
path	3
T	13
cut	66
Partition 0	3575,3618
Partition 1	3614,3616,3615
Partition 2	3551,3549,3550
Partition 3	3608,3604,3605,3613
Partition 4	3548,3609,3552,3610,3611,3612
Partition 5	3537,3538,3539,3582,3584,3583
Partition 6	3563,3570,3571
Partition 7	3556,3561,3562,3587,3588,3589
Partition 8	3546,3545,3547,3574,3572,3573
Partition 9	3560,3558,3559
Partition 10	3557,3522
Partition 11	3578,3606,3603,3607
Partition 12	3602,3600,3601,3520
Partition 13	3586,3598,3599,3597
Partition 14	3590,3595,3596,3594
Partition 15	3554,3579,3576,3577
Partition 16	3553,3581,3580,3523
Partition 17	3535,3593,3591,3592
Partition 18	3567,3565,3566
Partition 19	3540,3536,3531
Partition 20	3525,3564,3569,3568
Partition 21	3541,3542
Partition 22	3529,3533,3530,3528,3532
Partition 23	3617
Partition 24	3585
Partition 26	3524
Partition 27	3534,3521
Partition 28	3555
Partition 30	3527
Partition 32	3526
Partition 33	3543
Partition 38	3544
path	4
T	16
cut	65
Partition 0	3575,3618,3617
Partition 1	3614,3616,3615
Partition 2	3551,3552,3560,3549,3550,3561,3562
Partition 3	3608,3604,3605,3613
Partition 4	3609,3610,3611
Partition 5	3537,3538,3539,3582
Partition 6	3574,3572,3573,3571
Partition 7	3587,3588,3589
Partition 8	3546,3545,3547
Partition 9	3557,3558,3559,3522,3555
Partition 11	3578,3606,3603,3607
Partition 12	3602,3600,3601,3520
Partition 13	3586,3598,3599,3597
Partition 14	3590,3595,3596,3594
Partition 15	3553,3554
Partition 16	3581,3584,3580
Partition 17	3535,3576,3593,3591,3592
Partition 18	3532,3565,3566,3543,3544,3523
Partition 19	3540,3536,3531
Partition 20	3564,3569,3567,3568
Partition 21	3541,3542
Partition 22	3533,3534
Partition 24	3585
Partition 27	3521,3612
Partition 28	3525,3548
Partition 30	3583
Partition 32	3563,3570
Partition 35	3524
Partition 37	3556
Partition 38	3527,3526
Partition 44	3579,3577
Partition 45	3528
Partition 47	3529,3530
path	5
T	13
cut	70
Partition 0	3575,3618,3616,3617
Partition 1	3612,3614,3615
Partition 2	3551,3552,3549,3550
Partition 3	3608,3604,3605,3613
Partition 4	3609,3610,3611
Partition 5	3537,3538,3539,3582,3583
Partition 6	3563,3570,3571
Partition 7	3556,3524,3562,3587,3588,3589
Partition 8	3547,3574,3572,3573
Partition 9	3560,3558,3559
Partition 10	3534,3521
Partition 11	3578,3606,3603,3607
Partition 12	3602,3600,3601,3520
Partition 13	3598,3599,3597
Partition 14	3590,3595,3596,3594
Partition 15	3554,3579,3576,3577
Partition 16	3581,3584,3580
Partition 17	3535,3593,3591,3592
Partition 18	3565,3566
Partition 19	3540,3536,3531
Partition 20	3564,3569,3567,3568
Partition 21	3541,3542
Partition 22	3533,3530,3528,3532,3523
Partition 23	3525,3548
Partition 25	3561
Partition 26	3553
Partition 27	3585
Partition 28	3586
Partition 30	3545
Partition 32	3546
Partition 33	3527,3526
Partition 34	3529
Partition 35	3543
Partition 36	3544
Partition 38	3555
Partition 40	3522
Partition 41	3557
path	6
T	13
cut	66
Partition 0	3575,3618,3616,3617
Partition 1	3612,3614,3615
Partition 2	3551,3613,3549,3550
Partition 3	3608,3604,3605
Partition 4	3609,3610,3611
Partition 5	3537,3538,3539,3582,3583
Partition 6	3563,3570,3571
Partition 7	3556,3524,3562,3587,3588,3589
Partition 8	3547,3574,3572,3573
Partition 9	3560,3559,3561
Partition 10	3534,3521
Partition 11	3578,3606,3603,3607
Partition 12	3602,3600,3601,3520
Partition 13	3586,3598,3599,3597
Partition 14	3590,3595,3596,3594
Partition 15	3553,3554,3523
Partition 16	3581,3584,3580
Partition 17	3535,3576,3593,3591,3592
Partition 19	3540,3536,3531
Partition 20	3564,3569,3567,3568,3565,3566
Partition 21	3525
Partition 22	3527,3533,3530,3526,3528,3532,3522
Partition 23	3555
Partition 26	3548,3552
Partition 28	3546,3545
Partition 30	3585
Partition 32	3577
Partition 33	3579
Partition 36	3544
Partition 37	3541
Partition 39	3542,3543
Partition 42	3529
Partition 43	3557
Partition 48	3558
path	7
T	16
cut	67
Partition 0	3575,3618,3617
Partition 1	3614,3616,3615
Partition 2	3551,3549,3550
Partition 3	3608,3604,3605,3613
Partition 4	3548,3609,3610,3611,3521,3612
Partition 5	3537,3538,3539,3582,3583
Partition 6	3572,3573,3571
Partition 7	3587,3588,3589
Partition 8	3546,3545,3547
Partition 9	3560,3559,3561
Partition 10	3557,3558,3522,3555
Partition 11	3578,3606,3603,3607
Partition 12	3602,3600,3601,3520
Partition 13	3586,3598,3597
Partition 14	3590,3595,3596,3594
Partition 15	3554,3579,3576,3577
Partition 16	3581,3584
Partition 17	3535,3593,3591,3592
Partition 19	3540,3536,3531
Partition 20	3525,3564,3569,3568
Partition 21	3541,3542
Partition 22	3533,3530,3534,3528,3532
Partition 23	3563,3570
Partition 24	3552
Partition 28	3585
Partition 29	3599
Partition 31	3527
Partition 33	3553,3567,3565,3566,3543,3544,3523
Partition 34	3529
Partition 35	3556
Partition 37	3562
Partition 40	3580
Partition 42	3526
Partition 44	3524
Partition 46	3574
path	8
T	16
cut	69
Partition 0	3575,3618
Partition 1	3614,3616,3615
Partition 2	3551,3549,3550
Partition 3	3608,3604,3605,3613
Partition 4	3548,3609,3552,3610,3611,3612
Partition 5	3537,3538,3539,3582,3584,3583,3524
Partition 6	3571
Partition 7	3556,3561,3562,3587,3588,3589
Partition 8	3547,3574,3572,3573
Partition 9	3560,3558,3559
Partition 10	3557,3522
Partition 11	3578,3606,3603,3607
Partition 12	3602,3600,3601,3520
Partition 13	3586,3598,3599,3597
Partition 14	3590,3595,3596,3594
Partition 15	3554,3579,3576,3577
Partition 16	3553,3581,3580
Partition 17	3535,3593,3591,3592
Partition 18	3567,3565,3566
Partition 19	3540,3545
Partition 20	3525,3564,3569,3568
Partition 21	3541,3542
Partition 22	3529,3533,3530,3528,3532
Partition 23	3617
Partition 24	3585
Partition 27	3534,3521
Partition 28	3555
Partition 30	3527
Partition 32	3526
Partition 33	3543
Partition 38	3544,3523
Partition 41	3570
Partition 42	3563
Partition 43	3546
Partition 46	3536,3531
path	9
T	15
cut	65
Partition 0	3575,3618,3617
Partition 1	3614,3616,3615
Partition 2	3551,3552,3560,3549,3550,3561,3562
Partition 3	3608,3604,3605,3613
Partition 4	3609,3610,3611
Partition 5	3537,3538,3539,3582
Partition 6	3574,3572,3573,3571
Partition 7	3587,3588,3589
Partition 8	3546,3545,3547
Partition 9	3557,3558,3559,3522,3555
Partition 11	3578,3606,3603,3607
Partition 12	3600,3601,3520
Partition 13	3586,3598,3599,3597
Partition 14	3590,3595,3596,3594
Partition 15	3553,3554
Partition 16	3581,3584,3580
Partition 17	3535,3576,3593,3591,3592
Partition 18	3532,3565,3566,3543,3544,3523
Partition 19	3540,3536,3531
Partition 20	3564,3569,3567,3568
Partition 21	3529,3527,3541,3602,3542
Partition 22	3533,3534
Partition 24	3585
Partition 27	3521,3612
Partition 28	3525,3548
Partition 30	3583
Partition 32	3563,3570
Partition 35	3524
Partition 37	3556
Partition 38	3526
Partition 44	3579,3577
Partition 45	3528
Partition 47	3530
path	10
T	13
cut	71
Partition 0	3575,3618,3616,3617
Partition 1	3612,3614,3615
Partition 2	3551,3552,3549,3550
Partition 3	3608,3604,3605,3613
Partition 4	3609,3610,3611
Partition 5	3537,3538,3539,3582,3583
Partition 6	3563,3570,3571
Partition 7	3556,3524,3562,3587,3588,3589
Partition 8	3547,3574,3572,3573
Partition 9	3560,3558,3559
Partition 10	3534,3521
Partition 11	3578,3606,3603,3607
Partition 12	3602,3600,3601,3520
Partition 13	3598,3599,3597
Partition 14	3590,3595,3596,3594
Partition 15	3554,3579,3576,3577
Partition 16	3581,3584,3580
Partition 17	3535,3593,3591,3592
Partition 18	3565,3566
Partition 19	3540,3536,3531
Partition 20	3564,3569,3567,3568
Partition 21	3541,3542
Partition 22	3533,3530,3528,3532,3523
Partition 23	3525,3548
Partition 25	3561
Partition 26	3553
Partition 27	3585
Partition 28	3586
Partition 30	3545
Partition 32	3546
Partition 33	3527
Partition 34	3529
Partition 35	3543
Partition 36	3544
Partition 38	3555
Partition 40	3522
Partition 41	3557
Partition 46	3526
