path	1
T	31
cut	107
Partition 1	2130,2139,2076
Partition 2	2138,2140
Partition 3	2129,2068
Partition 4	2131,2132
Partition 5	2133,2134
Partition 6	2135,2136,2137
Partition 7	2099,2100
Partition 8	2063,2088,2089
Partition 9	2082,2083
Partition 10	2144,2141,2149,2150,2151
Partition 11	2146,2147,2145,2148
Partition 12	2142,2143
Partition 13	2096,2097,2075
Partition 14	2077,2067
Partition 15	2078,2090,2091,2092,2084
Partition 16	2065,2185,2199,2200,2184
Partition 17	2086,2087
Partition 18	2081
Partition 19	2094,2095
Partition 20	2098,2105
Partition 21	2103,2104
Partition 22	2069,2111
Partition 23	2112,2110
Partition 24	2093,2109,2107,2108,2106
Partition 25	2120,2179
Partition 26	2180,2181
Partition 27	2118,2073,2119
Partition 28	2116,2117
Partition 29	2121,2122,2123
Partition 30	2064,2125,2126
Partition 31	2066
Partition 32	2187,2189,2188
Partition 33	2196,2194
Partition 34	2186,2195,2197,2198
Partition 35	2079
Partition 36	2124,2183,2182
Partition 37	2161,2162,2165
Partition 38	2070,2163,2164,2166
Partition 39	2169,2154
Partition 40	2155,2159
Partition 41	2158,2157,2160
Partition 42	2072,2156,2074
Partition 43	2114,2071,2115
Partition 44	2167,2168,2171
Partition 45	2153,2152
Partition 46	2128,2173,2177
Partition 47	2170,2174,2175,2172
Partition 48	2127,2176,2178
Partition 49	2080
Partition 50	2192,2191,2193,2190
Partition 51	2113
Partition 52	2085,2062
Partition 53	2102,2101
path	2
T	20
cut	107
Partition 1	2130,2139,2076
Partition 2	2138,2140
Partition 3	2129,2146,2068
Partition 4	2066,2142
Partition 5	2133,2135,2134,2136,2137
Partition 6	2131,2132
Partition 7	2099,2100
Partition 8	2088,2089
Partition 9	2082,2083,2062
Partition 10	2150,2151
Partition 11	2143,2144
Partition 12	2147,2145,2148,2141,2149
Partition 13	2096,2075
Partition 14	2077,2097,2067
Partition 15	2090,2092
Partition 16	2065,2079,2080
Partition 17	2085,2086,2087
Partition 18	2081,2084
Partition 19	2094,2095
Partition 20	2098,2105
Partition 21	2102,2103,2101,2104
Partition 22	2069,2111
Partition 23	2110
Partition 24	2093,2109,2107,2108
Partition 25	2120,2179
Partition 26	2180,2181
Partition 27	2118,2073,2119
Partition 28	2116,2117
Partition 29	2122,2123
Partition 30	2064,2125,2126
Partition 31	2191,2190
Partition 32	2187,2189,2188
Partition 33	2196,2192,2193,2194,2195
Partition 34	2197,2198
Partition 35	2186
Partition 36	2124,2183,2182
Partition 37	2161,2165,2167,2170
Partition 38	2070,2163,2164,2166
Partition 39	2169,2154
Partition 40	2162
Partition 41	2158,2157,2160
Partition 42	2072,2156
Partition 43	2114,2071,2115
Partition 44	2168,2171
Partition 45	2153,2152
Partition 46	2173,2177
Partition 47	2127,2128,2174,2175,2172
Partition 48	2176,2178
Partition 49	2121
Partition 50	2155,2159
Partition 51	2112,2113
Partition 52	2185,2199,2200,2184
Partition 53	2074
Partition 54	2078,2091
Partition 55	2063,2106
path	3
T	17
cut	109
Partition 1	2142,2076
Partition 2	2130,2138,2139,2140
Partition 3	2129,2068
Partition 4	2066,2131,2132
Partition 5	2133,2134
Partition 6	2135,2136,2137
Partition 7	2099,2100
Partition 8	2088,2089
Partition 9	2082,2083
Partition 10	2144,2150,2151
Partition 11	2143,2146,2147,2145,2148
Partition 12	2141,2149
Partition 13	2096,2097
Partition 14	2077,2067
Partition 15	2078,2090,2091,2092
Partition 16	2065,2079
Partition 17	2085,2086,2087
Partition 18	2080,2081
Partition 19	2094,2095
Partition 20	2098,2105
Partition 21	2102,2101,2063
Partition 22	2069,2111
Partition 23	2112,2113,2110
Partition 24	2093,2109,2107,2108,2106
Partition 25	2120,2179
Partition 26	2180,2176,2175,2178
Partition 27	2118,2073,2119
Partition 28	2121
Partition 29	2123
Partition 30	2064,2125,2126
Partition 31	2191,2190
Partition 32	2189,2188
Partition 33	2196,2192,2193,2194
Partition 34	2186,2195,2197,2198
Partition 35	2185,2200
Partition 36	2124,2183,2187,2182,2181
Partition 37	2070,2161,2162,2165
Partition 38	2163,2164,2166
Partition 39	2169,2154,2172
Partition 40	2155,2159
Partition 41	2158,2157,2160
Partition 42	2072,2156,2074
Partition 43	2114,2071,2115
Partition 44	2167,2168,2171
Partition 45	2153,2152
Partition 46	2127,2128
Partition 47	2174,2173,2177
Partition 48	2116,2170
Partition 49	2117
Partition 50	2122
Partition 51	2062
Partition 52	2075,2084
Partition 53	2199,2184
Partition 54	2103,2104
path	4
T	32
cut	107
Partition 1	2076
Partition 2	2138,2140
Partition 3	2129,2130,2139,2068
Partition 4	2143
Partition 5	2133,2135,2134,2136,2137
Partition 6	2131,2132
Partition 7	2099,2100
Partition 8	2088,2089
Partition 9	2082,2083
Partition 10	2144,2151
Partition 11	2146,2147
Partition 12	2145,2148,2149,2150
Partition 13	2096,2097
Partition 14	2077,2067
Partition 15	2090,2091,2092
Partition 16	2079,2080
Partition 17	2086,2087,2109
Partition 18	2081,2075,2084
Partition 19	2094,2095
Partition 20	2098,2105
Partition 21	2102,2103,2101,2104
Partition 22	2069,2111
Partition 23	2062
Partition 24	2093,2107,2108,2106
Partition 25	2120,2179
Partition 26	2180,2181
Partition 27	2118,2073,2119
Partition 28	2116,2117
Partition 29	2121,2122,2123
Partition 30	2064,2125,2126
Partition 31	2191,2190
Partition 32	2187,2189,2188
Partition 33	2192,2193
Partition 34	2186,2195,2197,2198
Partition 35	2065,2185,2199,2200,2184
Partition 36	2124,2183,2182
Partition 37	2161,2162,2165,2167,2170
Partition 38	2070,2163
Partition 39	2169,2154
Partition 40	2155,2159
Partition 41	2158,2157,2160
Partition 42	2072,2156,2074
Partition 43	2114,2071,2115
Partition 44	2168,2171
Partition 45	2153,2152
Partition 46	2173,2177
Partition 47	2127,2128,2174,2175,2172
Partition 48	2176,2178
Partition 49	2066,2142
Partition 50	2141
Partition 51	2196,2194
Partition 52	2112,2113,2110
Partition 53	2078
Partition 54	2085,2063
Partition 55	2164,2166
path	5
T	25
cut	111
Partition 1	2142,2192,2143
Partition 2	2138,2140
Partition 3	2129,2068
Partition 4	2066
Partition 5	2133
Partition 6	2135,2076,2134,2136,2137
Partition 7	2099,2100
Partition 8	2088,2089
Partition 9	2082,2083,2062
Partition 10	2144,2150,2151
Partition 11	2146,2147,2145,2148
Partition 12	2141,2149
Partition 13	2096,2097,2075
Partition 14	2077,2067
Partition 15	2090
Partition 16	2065,2079,2080
Partition 17	2086,2087
Partition 18	2081,2084
Partition 19	2094,2095
Partition 20	2098,2105
Partition 21	2103,2104
Partition 22	2069,2111
Partition 23	2112,2113,2110
Partition 24	2093,2109,2107,2108,2106
Partition 25	2120,2179
Partition 26	2180,2181
Partition 27	2118,2073,2119
Partition 28	2116,2117
Partition 29	2188
Partition 30	2064,2125,2126
Partition 31	2191,2193,2190
Partition 32	2187,2189
Partition 33	2196,2194
Partition 34	2186,2195,2197,2198
Partition 35	2199,2200,2184
Partition 36	2185,2124,2183,2182
Partition 37	2161,2162,2165
Partition 38	2070,2163,2164,2166
Partition 39	2127,2169,2154
Partition 40	2155,2159
Partition 41	2157,2160
Partition 42	2156,2074
Partition 43	2114,2115
Partition 44	2167,2168,2171
Partition 45	2153,2152
Partition 46	2128,2174,2173,2175,2177
Partition 47	2170,2172
Partition 48	2176,2178
Partition 49	2130,2139
Partition 50	2131,2132
Partition 51	2078,2091,2092
Partition 52	2121,2122,2123
Partition 53	2071
Partition 54	2072,2158
Partition 55	2085,2063
Partition 56	2102,2101
