path	1
T	15
cut	66
Partition 0	7546,7526,7527
Partition 1	7493,7521,7549,7550,7497,7571
Partition 2	7568,7566
Partition 3	7501,7545,7573,7564,7590
Partition 4	7565,7498,7499,7562,7559,7563
Partition 5	7569,7540,7541,7570
Partition 6	7513,7511,7512
Partition 7	7516,7491,7500,7502,7503,7504
Partition 8	7509,7510,7574,7575
Partition 9	7577,7578,7548,7580,7579,7588
Partition 10	7523,7576,7496,7524
Partition 11	7494,7555,7556
Partition 12	7543,7553,7551,7552,7495,7554
Partition 13	7544,7583,7522,7525
Partition 14	7490,7506,7528,7529,7492
Partition 15	7514,7515,7507,7557,7560,7561
Partition 16	7505,7581,7582,7585,7584
Partition 17	7567,7586,7587
Partition 18	7591,7592,7593,7594,7589,7595
Partition 19	7537,7538,7539,7536
Partition 20	7530,7531,7533,7532
Partition 21	7508,7517,7518,7519,7534,7535
Partition 22	7542
Partition 23	7547
Partition 26	7520
Partition 28	7558
Partition 31	7572
path	2
T	12
cut	66
Partition 0	7546,7526,7527
Partition 1	7493,7521,7549,7550,7497
Partition 2	7571,7568,7566,7572
Partition 3	7501,7545,7573,7564,7590
Partition 4	7565,7498,7499,7520,7562,7559,7563
Partition 5	7569,7540,7541,7570
Partition 6	7513,7511,7512
Partition 7	7516,7500,7502,7503,7504,7517
Partition 8	7509,7510,7574,7575
Partition 9	7577,7578,7547,7548,7580,7579
Partition 10	7523,7576,7496,7524
Partition 11	7557,7494,7555,7556,7558
Partition 12	7551,7552,7495
Partition 13	7542,7544,7543
Partition 14	7490,7506,7528,7529,7492
Partition 15	7514,7515,7507,7560
Partition 16	7505,7581,7582,7585,7584
Partition 17	7588,7586,7587
Partition 18	7591,7592,7593,7594,7589,7595
Partition 19	7537,7538,7539,7536
Partition 20	7531,7533,7532
Partition 21	7525,7508,7518,7519,7534,7535
Partition 22	7553,7567,7554
Partition 23	7530
Partition 27	7491
Partition 28	7561
Partition 29	7583,7522
path	3
T	12
cut	69
Partition 0	7546,7526,7527
Partition 1	7493,7521,7549,7522,7550,7497,7525
Partition 2	7571,7570,7572
Partition 3	7501,7545,7573,7564,7590
Partition 4	7565,7498,7499,7520,7562,7559,7563
Partition 5	7569,7540,7541
Partition 6	7516,7517
Partition 7	7491,7500,7502,7503,7504
Partition 8	7509,7510,7513,7574,7512,7575
Partition 9	7577,7578,7548,7580,7579,7588
Partition 10	7523,7576,7496,7524
Partition 11	7494,7555,7556
Partition 12	7553,7551,7552,7495,7554
Partition 13	7544,7583
Partition 14	7490,7506,7528,7542,7529,7543,7492
Partition 15	7514,7515,7507,7557,7560,7561
Partition 16	7581,7582,7585,7584
Partition 17	7567,7586,7587
Partition 18	7591,7592,7593,7594,7589,7595
Partition 19	7537,7538,7539,7536
Partition 20	7531,7532
Partition 21	7518,7519
Partition 23	7505
Partition 24	7530
Partition 25	7547
Partition 26	7558
Partition 29	7511
Partition 30	7508
Partition 31	7568,7566
Partition 33	7533,7534
Partition 35	7535
path	4
T	14
cut	69
Partition 0	7546,7526,7527
Partition 1	7493,7521,7549,7550,7497,7571
Partition 2	7568,7572
Partition 3	7500,7501,7545,7573,7564,7547,7590
Partition 4	7565,7498,7499,7562,7559,7563
Partition 5	7569,7540,7541,7570
Partition 6	7513,7511,7512
Partition 7	7502,7503
Partition 8	7509,7510,7574,7575
Partition 9	7577,7578,7548,7579
Partition 10	7523,7583,7576,7496,7524,7522,7525
Partition 11	7494,7555,7556,7495
Partition 12	7553,7554
Partition 13	7542,7544,7543
Partition 14	7490,7506,7528,7529,7492
Partition 15	7514,7515,7507,7557,7560,7561
Partition 16	7504,7505,7581,7582,7585,7584
Partition 17	7567,7586,7587
Partition 18	7591,7592,7593,7594,7589,7595
Partition 19	7537,7538,7539,7536
Partition 20	7530,7531,7533,7532
Partition 21	7520,7508,7518,7519,7534,7535
Partition 22	7588
Partition 24	7580
Partition 28	7558
Partition 29	7551,7552
Partition 30	7516
Partition 31	7517
Partition 33	7566
Partition 34	7491
path	5
T	13
cut	73
Partition 0	7503,7546,7526,7527
Partition 1	7493,7521,7549,7522,7550,7497
Partition 2	7568,7566
Partition 3	7501,7545,7573,7564,7547,7590
Partition 4	7565,7498,7499,7562,7559,7563
Partition 5	7569,7540,7541,7570
Partition 6	7513,7511,7512
Partition 7	7502,7504
Partition 8	7509,7510,7574,7575
Partition 9	7577,7578,7548,7579
Partition 10	7523,7576,7496,7524
Partition 11	7494,7555,7556
Partition 12	7551,7552,7495
Partition 13	7542,7544,7543,7583,7553,7558,7554
Partition 14	7490,7506,7528,7529,7492,7530
Partition 15	7514,7515,7560,7561
Partition 16	7581,7582,7585,7584
Partition 17	7567,7586,7587
Partition 18	7591,7592,7593,7594,7588,7589,7595
Partition 19	7537,7538,7539,7536
Partition 20	7533,7534,7535,7532
Partition 21	7508,7518,7519
Partition 25	7580
Partition 26	7520
Partition 30	7505
Partition 31	7507
Partition 33	7516
Partition 34	7517
Partition 37	7500
Partition 38	7491
Partition 39	7557
Partition 41	7572
Partition 42	7571
Partition 45	7531
Partition 46	7525
path	6
T	16
cut	68
Partition 0	7546,7526,7527
Partition 1	7493,7549,7550,7497
Partition 2	7568,7566
Partition 3	7501,7545,7573,7564,7590
Partition 4	7565,7498,7499,7562,7559,7563
Partition 5	7569,7540,7541,7581,7571,7570,7572
Partition 6	7513,7511,7512
Partition 7	7516,7500,7502,7503,7504
Partition 8	7509,7510,7574
Partition 9	7577,7578,7548,7579
Partition 10	7523,7576,7496,7524
Partition 11	7494,7555,7556
Partition 12	7542,7543,7553,7551,7552,7495,7554
Partition 13	7544,7583,7521,7522,7525
Partition 14	7490,7506,7528,7529,7492
Partition 15	7514,7515,7507,7557,7560,7561
Partition 16	7582,7585,7584,7586
Partition 17	7575,7580
Partition 18	7591,7592,7593,7594,7588,7589,7595
Partition 19	7537,7538,7539,7536
Partition 20	7530,7531,7533,7532
Partition 21	7508,7517,7518,7519,7534,7535
Partition 22	7567
Partition 23	7547
Partition 26	7520
Partition 28	7558
Partition 31	7491
Partition 32	7505
Partition 36	7587
path	7
T	12
cut	73
Partition 0	7546,7526,7527
Partition 1	7493,7521,7549,7550,7497
Partition 2	7571,7568,7566,7567,7572
Partition 3	7501,7545,7573,7564,7547,7590
Partition 4	7565,7498,7499,7562,7559,7563
Partition 5	7569,7540,7541,7570
Partition 6	7513,7511,7512
Partition 7	7516,7500,7502,7503,7504,7517
Partition 8	7509,7510,7574,7575
Partition 9	7577,7578,7548,7579
Partition 10	7523,7576,7496,7524
Partition 11	7494,7555,7556
Partition 12	7551,7552
Partition 13	7542,7544,7543
Partition 14	7490,7506,7528,7529,7492
Partition 15	7514,7515
Partition 16	7581,7582,7585,7584
Partition 17	7588,7587
Partition 18	7591,7592,7593,7594,7589,7595
Partition 19	7537,7538,7539,7536
Partition 20	7531,7533,7532
Partition 21	7525,7508,7518,7519,7534,7535
Partition 22	7553,7554
Partition 23	7530
Partition 27	7491
Partition 28	7560,7561
Partition 29	7583
Partition 30	7522
Partition 31	7495
Partition 34	7586
Partition 35	7505
Partition 36	7580
Partition 38	7507
Partition 39	7557,7558
Partition 44	7520
path	8
T	18
cut	79
Partition 0	7546,7526,7527
Partition 1	7493,7521,7549,7550,7497
Partition 2	7568,7572
Partition 3	7501,7545,7573,7564,7590
Partition 4	7512,7565,7498,7499,7562,7559,7563
Partition 5	7569,7540,7541
Partition 6	7513,7517
Partition 7	7491,7500,7502,7504,7505
Partition 8	7509,7510,7574,7575
Partition 9	7577,7578,7548,7579
Partition 10	7523,7496,7524
Partition 11	7494,7555,7556
Partition 12	7551,7552,7495
Partition 13	7522
Partition 14	7490,7506,7528,7529,7492,7530
Partition 15	7514,7515,7544,7507,7583,7560,7561
Partition 16	7581,7582,7585,7584
Partition 17	7588,7586,7587
Partition 18	7591,7592,7593,7594,7595
Partition 19	7537,7538,7539,7536
Partition 20	7531,7532
Partition 21	7518,7519
Partition 23	7516,7503
Partition 25	7547
Partition 26	7553,7554
Partition 29	7511
Partition 30	7508
Partition 31	7566,7567
Partition 33	7533
Partition 35	7535
Partition 37	7543
Partition 38	7542
Partition 39	7576
Partition 41	7557
Partition 42	7558
Partition 45	7580
Partition 47	7589
Partition 48	7525,7534
Partition 52	7520
Partition 53	7571
Partition 55	7570
path	9
T	17
cut	77
Partition 0	7546
Partition 1	7493,7521,7549,7526,7527,7497
Partition 2	7568,7572
Partition 3	7500,7501,7545,7573,7564,7547,7590
Partition 4	7565,7498,7499,7562,7559,7563
Partition 5	7569,7540,7541,7570
Partition 6	7513,7511,7512
Partition 7	7502,7503
Partition 8	7509,7510,7574,7575
Partition 9	7577,7578,7548,7579
Partition 10	7523,7576,7496,7524
Partition 11	7494,7555,7556,7495
Partition 12	7553,7554
Partition 13	7581,7582
Partition 14	7490,7506,7528,7529,7492
Partition 15	7514,7515,7507,7557,7560,7561
Partition 16	7583,7585,7584
Partition 17	7567,7586,7587
Partition 18	7591,7592,7593,7594,7589,7595
Partition 19	7537,7538,7539,7536
Partition 20	7530,7531,7533,7532
Partition 21	7520,7508,7518,7519,7534,7535
Partition 22	7588
Partition 24	7580
Partition 28	7558
Partition 29	7551,7552
Partition 30	7516
Partition 31	7517
Partition 33	7566
Partition 34	7491
Partition 36	7571
Partition 37	7550
Partition 38	7504
Partition 39	7505
Partition 41	7525
Partition 43	7522
Partition 45	7542,7544
Partition 46	7543
path	10
T	13
cut	75
Partition 0	7546,7526,7527
Partition 1	7493,7521,7549,7550,7497
Partition 2	7568,7566
Partition 3	7501,7545,7573,7564,7547,7590
Partition 4	7565,7498,7499,7562,7559,7563
Partition 5	7569,7540,7541,7570
Partition 6	7513,7511,7512
Partition 7	7502,7504
Partition 8	7509,7510,7574,7575
Partition 9	7577,7578,7548,7579
Partition 10	7523,7576,7496,7524
Partition 11	7494,7555,7556
Partition 12	7551,7552,7495
Partition 13	7542,7544,7543,7583,7553,7558,7554
Partition 14	7490,7506,7528,7529,7492,7530
Partition 15	7514,7515,7560,7561
Partition 16	7581,7582,7585,7584
Partition 17	7567,7586,7587
Partition 18	7591,7592,7593,7594,7588,7589,7595
Partition 19	7537,7538,7539,7536
Partition 20	7533,7534,7535,7532
Partition 21	7508,7518,7519
Partition 25	7580
Partition 26	7520
Partition 30	7505
Partition 31	7507
Partition 33	7516
Partition 34	7517
Partition 37	7500
Partition 38	7491
Partition 39	7557
Partition 41	7572
Partition 42	7571
Partition 45	7531
Partition 46	7525
Partition 47	7503
Partition 48	7522
