path	1
T	9
cut	46
Partition 0	3585,3586,3584,3520
Partition 1	3568,3526,3569,3570,3571
Partition 2	3573,3591,3592,3593,3565,3595,3594
Partition 3	3596,3544,3597
Partition 4	3548,3558,3556,3557
Partition 5	3547,3549,3550,3546
Partition 6	3555,3552,3562,3564,3563
Partition 7	3553,3554,3559,3560,3561
Partition 8	3566,3567
Partition 9	3528,3529,3530,3531,3543
Partition 10	3579,3580,3581,3525,3582
Partition 11	3574,3575
Partition 12	3551,3524
Partition 13	3532
Partition 14	3521,3587,3589,3588
Partition 15	3536,3537,3539,3538,3540
Partition 16	3534,3535,3541,3542
Partition 17	3576,3577,3578,3545,3590,3522
Partition 19	3598
Partition 23	3533
Partition 24	3572
Partition 25	3583
Partition 26	3523
Partition 28	3527
path	2
T	12
cut	43
Partition 0	3585,3586,3584,3520
Partition 1	3568,3526,3569,3570,3571
Partition 2	3592,3593,3565,3595,3594
Partition 3	3596,3544,3597,3598
Partition 4	3548,3558,3556,3557,3525
Partition 5	3547,3549,3550,3545,3546
Partition 6	3555,3552,3562,3564,3563
Partition 7	3553,3554,3559,3560,3561
Partition 8	3566,3567
Partition 9	3528,3529,3530,3531,3543,3542
Partition 10	3579,3580,3581,3583,3582
Partition 11	3576,3577,3578
Partition 12	3551,3524
Partition 13	3573,3574,3591
Partition 14	3532,3587,3527,3589,3523,3588
Partition 15	3536,3537,3539,3538
Partition 16	3534,3535,3541,3540,3533,3522
Partition 19	3572
Partition 20	3575
Partition 22	3590
Partition 24	3521
path	3
T	10
cut	43
Partition 0	3585,3586,3584,3520
Partition 1	3568,3526,3569,3570,3571
Partition 2	3592,3593,3565,3595,3594
Partition 3	3596,3544,3597,3598
Partition 4	3548,3558,3557
Partition 5	3547,3549,3550,3545,3546
Partition 6	3555,3552,3562,3564,3563
Partition 7	3553,3554,3559,3560,3561
Partition 8	3566,3567
Partition 9	3529,3530,3531,3543,3541,3542
Partition 10	3577,3579,3580,3578,3581,3525,3582
Partition 11	3574,3575,3572,3583
Partition 12	3551,3524,3588
Partition 13	3573,3591,3590
Partition 14	3527,3528,3523
Partition 15	3532,3536,3537,3539,3538,3540,3522
Partition 16	3534,3535,3533
Partition 17	3576
Partition 18	3587,3589
Partition 19	3556
Partition 21	3521
path	4
T	11
cut	43
Partition 0	3585,3586,3584,3520
Partition 1	3568,3526,3569,3570,3571
Partition 2	3592,3593,3565,3595,3594
Partition 3	3596,3544,3597,3598
Partition 4	3548,3558,3556,3557
Partition 5	3547,3549,3550,3545,3546
Partition 6	3555,3552,3562,3564,3563
Partition 7	3553,3554
Partition 8	3566,3567,3525,3533
Partition 9	3528,3529,3530,3531,3543,3542
Partition 10	3579,3580,3581,3582
Partition 11	3576,3577,3578
Partition 12	3551,3524,3588
Partition 13	3591,3589,3590
Partition 14	3521,3532,3587
Partition 15	3536,3537,3539,3538,3540
Partition 16	3534,3535,3541
Partition 19	3522
Partition 20	3575
Partition 21	3583
Partition 22	3573,3574,3523,3559,3572,3560,3561
Partition 24	3527
path	5
T	9
cut	47
Partition 0	3585,3586,3584,3520
Partition 1	3568,3526,3569,3570,3571
Partition 2	3592,3593,3565,3595,3594
Partition 3	3596,3544,3597,3598
Partition 4	3548,3558,3556,3557
Partition 5	3547,3549,3550,3545,3546
Partition 6	3555,3552,3562,3564,3563
Partition 7	3553,3554,3559,3560,3561
Partition 8	3566,3567
Partition 9	3528,3529,3530,3531,3543,3542
Partition 10	3579,3580,3581
Partition 11	3576,3577,3578
Partition 12	3551,3524,3588
Partition 13	3573,3574,3591,3572
Partition 14	3521,3532,3587
Partition 15	3536,3537,3539,3538,3540
Partition 16	3525,3533,3522
Partition 18	3590
Partition 19	3589
Partition 23	3534,3535,3541
Partition 24	3583
Partition 26	3575
Partition 28	3582
Partition 29	3527
Partition 31	3523
