path	1
T	5
cut	15
Partition 0	797,812,813,814,807
Partition 1	809,810,811
Partition 2	800,805,803,806,798,808,819
Partition 3	815,816,796
Partition 4	799,801,820,802,817,818
Partition 5	822,823,821,804
Partition 6	827,825,824,826
path	2
T	5
cut	15
Partition 0	797,812,813,814,807
Partition 1	809,810,808,798,811,800,819
Partition 2	805,803,806
Partition 3	815,816,796
Partition 4	799,801,802,817,818
Partition 5	822,823,821,804,820
Partition 6	827,825,824,826
path	3
T	4
cut	16
Partition 0	797,812,813
Partition 1	809,810,808,798,811,800
Partition 2	805,807,806,814
Partition 3	815,816,818
Partition 4	799,801,820,802,796
Partition 5	822,823,821,804,803
Partition 6	827,819,825,824,826,817
path	4
T	3
cut	15
Partition 0	797,812,813,814
Partition 1	809,810,811
Partition 2	800,805,803,806,798,808
Partition 3	815,816,796
Partition 4	799,801,820,802,817,807
Partition 5	822,823,821,804
Partition 6	827,819,825,824,826,818
path	5
T	4
cut	17
Partition 0	812,813,814,807
Partition 1	809,810,808,811,819
Partition 2	800,805,803,806,798
Partition 3	816,817,797,802
Partition 4	799,801,820
Partition 5	822,823,821,804,818,815,796
Partition 6	827,825,824,826
path	6
T	4
cut	17
Partition 0	797,812,813,814,807
Partition 1	809,808,798,800
Partition 2	805,803,806
Partition 3	815,816,818,796
Partition 4	799,801,820,802
Partition 5	822,823,821,804,810,811
Partition 6	827,819,825,824,826,817
path	7
T	4
cut	15
Partition 0	797,812,813,814,807
Partition 1	809,810,808,811,819
Partition 2	800,805,803,806,798
Partition 3	815,816,796
Partition 4	799,801,820,802,817,818
Partition 5	822,823,821,804
Partition 6	827,825,824,826
path	8
T	4
cut	15
Partition 0	797,812,813,814
Partition 1	809,810,808,798,811,800,803
Partition 2	805,807,806
Partition 3	815,816,796
Partition 4	799,801,820,802
Partition 5	822,823,821,804
Partition 6	827,819,825,824,826,818,817
path	9
T	4
cut	16
Partition 0	797,812,813,814
Partition 1	809,810,808,811,820
Partition 2	800,805,803,806,798
Partition 3	815,816,796
Partition 4	799,801,802,807,818
Partition 5	822,823,821,804
Partition 6	827,819,825,824,826,817
path	10
T	3
cut	15
Partition 0	797,812,813,814
Partition 1	809,810,811
Partition 2	800,805,803,806,798,808
Partition 3	815,816,796
Partition 4	799,801,820,802,817,818,807
Partition 5	822,823,821,804
Partition 6	827,819,825,824,826
