path	1
T	3
cut	7
Partition 0	797,801,810,802
Partition 1	806,804,796,803,805
Partition 2	814,799,800,808,813
Partition 3	809,811,798,807,812
path	2
T	3
cut	7
Partition 0	797,801,810,802
Partition 1	806,804,796,803,805
Partition 2	814,799,800,808,813
Partition 3	809,811,798,807,812
path	3
T	2
cut	6
Partition 0	797,801,810,802
Partition 1	806,804,796,803,805
Partition 2	799,800,808
Partition 3	809,811,798,807,812,814,813
path	4
T	2
cut	6
Partition 0	797,801,810,802
Partition 1	806,804,796,803,805
Partition 2	799,800,808
Partition 3	809,811,798,807,812,814,813
path	5
T	2
cut	6
Partition 0	797,801,810,802
Partition 1	806,804,796,803,805
Partition 2	799,800,808
Partition 3	809,811,798,807,812,814,813
path	6
T	3
cut	6
Partition 0	797,801,810,802
Partition 1	804,796,803,805
Partition 2	799,800,808,806
Partition 3	809,811,798,807,812,814,813
path	7
T	2
cut	6
Partition 0	797,801,810,802
Partition 1	806,804,796,803,805
Partition 2	799,800,808
Partition 3	809,811,798,807,812,814,813
path	8
T	3
cut	6
Partition 0	797,801,810,802
Partition 1	804,796,803,805
Partition 2	799,800,808,806
Partition 3	809,811,798,807,812,813,814
path	9
T	2
cut	6
Partition 0	797,801,810,802
Partition 1	806,804,796,803,805
Partition 2	799,800,808
Partition 3	809,811,798,807,812,814,813
path	10
T	2
cut	6
Partition 0	797,801,810,802
Partition 1	806,804,796,803,805
Partition 2	799,800,808
Partition 3	809,811,798,807,812,813,814
