cut	59
Partition 0	3541,3566,3540
Partition 1	3523,3557,3558
Partition 2	3520,3526,3531
Partition 3	3522,3567,3568
Partition 4	3565,3570,3569
Partition 5	3560,3561,3559
Partition 6	3544,3562,3563
Partition 7	3527,3564
Partition 8	3524,3574
Partition 9	3528,3529,3530
Partition 10	3575,3576
Partition 11	3572,3573,3577
Partition 12	3586,3587
Partition 13	3584,3585,3588
Partition 14	3583,3582
Partition 15	3579,3580,3581
Partition 16	3534,3535,3578
Partition 17	3543,3545,3546
Partition 18	3542,3548,3547
Partition 19	3549,3553
Partition 20	3551,3552,3550
Partition 21	3589,3590
Partition 22	3591,3525,3533
Partition 23	3594,3595
Partition 24	3593,3532,3592
Partition 25	3597,3571,3596
Partition 26	3598,3556,3521
Partition 27	3555,3554
Partition 28	3536,3537,3539,3538
