path	1
T	8
cut	40
Partition 0	7548,7554,7555,7547
Partition 1	7517,7518,7544,7497,7542,7543
Partition 2	7545,7546,7541
Partition 3	7504,7529,7520,7531,7530
Partition 4	7524,7525,7526,7528,7527
Partition 5	7492,7514,7519,7515
Partition 6	7533,7534,7535,7516,7536
Partition 7	7511,7512,7513
Partition 8	7490,7498,7499,7495
Partition 9	7510,7508,7509
Partition 10	7493,7500,7503,7501,7502
Partition 11	7505,7506
Partition 12	7550,7494,7552,7553,7551
Partition 13	7537,7522,7523,7538
Partition 15	7549
Partition 17	7539
Partition 18	7532
Partition 20	7521
Partition 21	7496
Partition 23	7491
Partition 24	7540
Partition 25	7507
path	2
T	10
cut	37
Partition 0	7548,7554,7555,7547
Partition 1	7517,7518,7544,7497,7542,7543
Partition 2	7545,7546,7541
Partition 3	7531,7530,7532
Partition 4	7524,7525,7521,7526,7528,7520,7527
Partition 5	7492,7514,7519,7515
Partition 6	7533,7534,7535,7516,7536
Partition 7	7511,7512,7513
Partition 8	7503,7504,7529,7490,7498,7499,7495
Partition 9	7508,7540
Partition 10	7493,7500,7501
Partition 11	7509
Partition 12	7550,7494,7552,7553,7551
Partition 13	7537,7539,7522,7523,7538
Partition 14	7549
Partition 15	7496
Partition 17	7505,7491,7510,7506
Partition 18	7507
Partition 19	7502
path	3
T	9
cut	39
Partition 0	7548,7554,7555,7547
Partition 1	7517,7518,7544,7497,7545,7543
Partition 2	7546,7541
Partition 3	7529,7531,7530
Partition 4	7524,7525,7526,7528,7527
Partition 5	7492,7514,7519,7515
Partition 6	7533,7534,7535,7516,7536
Partition 7	7506,7511,7507,7512,7513
Partition 8	7490,7498,7499,7495
Partition 9	7521,7508,7509,7540,7520
Partition 10	7493,7500,7501,7502
Partition 11	7504
Partition 12	7549,7550,7494,7552,7553,7551
Partition 13	7537,7539,7522,7523,7538
Partition 15	7532
Partition 16	7542,7496
Partition 18	7503
Partition 19	7505
Partition 20	7491
Partition 21	7510
path	4
T	9
cut	39
Partition 0	7548,7554,7555,7547
Partition 1	7517,7518,7544,7497,7542,7543,7496
Partition 2	7545,7546
Partition 3	7520,7531
Partition 4	7524,7525,7526,7528,7532,7527
Partition 5	7492,7514,7519,7515
Partition 6	7533,7534,7535,7516,7536
Partition 7	7511,7512,7513
Partition 8	7490,7498,7540,7541,7495
Partition 9	7510,7508,7509
Partition 10	7539
Partition 11	7529,7530
Partition 12	7549,7550,7494,7552,7553,7551
Partition 13	7537,7522,7523,7538
Partition 14	7521
Partition 15	7502
Partition 16	7507
Partition 19	7493,7500,7503,7501,7504,7505
Partition 20	7491
Partition 21	7499
Partition 22	7506
path	5
T	10
cut	38
Partition 0	7548,7554,7555,7547
Partition 1	7517,7518,7544,7497,7543
Partition 2	7542,7496
Partition 4	7524,7525,7526,7527
Partition 5	7492,7514,7519,7515
Partition 6	7533,7534,7535,7516,7536
Partition 7	7511,7512,7513
Partition 8	7490,7498,7499,7495
Partition 9	7508,7509,7540,7528,7531,7530,7532
Partition 10	7493,7500,7501,7502
Partition 11	7503,7504,7505,7529,7506
Partition 12	7550,7494,7552,7553,7551
Partition 13	7537,7539,7522,7523,7538
Partition 14	7520
Partition 16	7521
Partition 17	7546,7541
Partition 18	7545
Partition 19	7491,7549
Partition 20	7510
Partition 21	7507
path	6
T	10
cut	42
Partition 0	7548,7554,7555,7547
Partition 1	7517,7518,7544,7497,7542,7543
Partition 2	7545,7546,7541
Partition 3	7529,7530
Partition 4	7524,7525,7526,7528,7527
Partition 5	7492,7514,7519,7515
Partition 6	7533,7534,7535,7516,7536
Partition 7	7511,7512,7513
Partition 8	7490,7498,7499,7495
Partition 9	7510,7508,7509
Partition 10	7493,7500,7503,7501,7502
Partition 11	7505,7506
Partition 12	7550,7494,7552,7553,7551
Partition 13	7537,7522,7523,7538
Partition 15	7549
Partition 17	7539
Partition 18	7532
Partition 20	7521
Partition 21	7496
Partition 23	7491
Partition 24	7540
Partition 25	7507
Partition 26	7520,7531
Partition 28	7504
