path	1
T	3
cut	12
Partition 0	802,803,801,819,818
Partition 1	811,812,798
Partition 2	814,816,815,820,821,813
Partition 3	797,809,800,810,796,817
Partition 4	805,806,807
Partition 5	823,799,804,808,822
path	2
T	3
cut	10
Partition 0	802,803,801,798
Partition 1	811,812,813
Partition 2	814,816,815,819,820,821,818
Partition 3	797,809,800,810
Partition 4	805,817,806,796,807
Partition 5	823,799,804,808,822
path	3
T	3
cut	13
Partition 0	802,803,801,798,811
Partition 1	817,796,800,797,809,810
Partition 2	814,816,815,819,818
Partition 3	812,813,820
Partition 4	805,806,807
Partition 5	823,799,804,808,822,821
path	4
T	3
cut	10
Partition 0	802,803,801,798
Partition 1	811,812,813
Partition 2	814,816,815,819,820,821,818
Partition 3	797,809,800,810
Partition 4	805,817,806,796,807
Partition 5	823,799,804,808,822
path	5
T	3
cut	12
Partition 0	802,801,798
Partition 1	811,812,813
Partition 2	814,816,815,819,820,803,818
Partition 3	797,809,800,810
Partition 4	805,817,806,796,807
Partition 5	823,799,804,808,822,821
path	6
T	4
cut	11
Partition 0	802,803,801,821
Partition 1	811,812,813
Partition 2	814,816,815,819,820,798,818
Partition 3	797,809,800,810
Partition 4	805,817,806,796,807
Partition 5	823,799,804,808,822
path	7
T	3
cut	14
Partition 0	802,801,798
Partition 1	811,812,818,819,814
Partition 2	816,815,820,803,821,813
Partition 3	809,800,810,807
Partition 4	805,817,806,796,799,797
Partition 5	823,804,808,822
path	8
T	4
cut	12
Partition 0	802,798,817
Partition 1	803,799,807,801,804
Partition 2	814,816,815,819,820,821
Partition 3	809,800,810,811,812,818,813
Partition 4	805,806,796,797
Partition 5	823,808,822
path	9
T	3
cut	12
Partition 0	802,803,798
Partition 1	811,812,801,814
Partition 2	816,815,820,821,823,822,808
Partition 3	809,800,810,813
Partition 4	805,817,806,796,807,818,797
Partition 5	799,804,819
path	10
T	3
cut	9
Partition 0	802,803,801,798
Partition 1	811,812,818,813,821,820,819
Partition 2	814,816,815
Partition 3	797,809,800,810
Partition 4	805,817,806,796,807
Partition 5	823,799,804,808,822
