path	1
T	14
cut	59
Partition 0	3561,3524,3551,3562,3550
Partition 1	3558,3559
Partition 2	3549,3610,3611,3609
Partition 3	3527,3531,3532
Partition 4	3520,3528,3564,3529,3563,3530
Partition 5	3552,3553,3554,3555
Partition 6	3556,3570,3571,3608,3607
Partition 7	3566,3568,3567,3569
Partition 8	3521,3565,3522,3589
Partition 9	3597,3594,3595,3596,3598
Partition 10	3538
Partition 11	3541,3542,3543
Partition 12	3537,3546,3535,3536
Partition 13	3526,3534,3592,3593,3533,3591
Partition 14	3539,3540,3544,3545
Partition 15	3599,3600,3603,3602
Partition 16	3579,3580,3581,3601,3578
Partition 17	3557,3585,3583,3584
Partition 18	3572,3573,3574,3575,3576
Partition 19	3586,3582,3587,3588
Partition 20	3560
Partition 21	3523
Partition 22	3577
Partition 24	3547,3548
Partition 25	3606
Partition 27	3604,3605
Partition 29	3590
Partition 30	3525
path	2
T	19
cut	66
Partition 1	3532
Partition 2	3549,3610,3611,3609
Partition 3	3551,3550
Partition 4	3528,3529
Partition 5	3552,3553,3554,3555
Partition 6	3556,3570,3571,3608,3607
Partition 7	3564,3568,3567
Partition 8	3559,3522,3589,3606,3605
Partition 9	3597,3594,3595,3596
Partition 10	3599,3600
Partition 11	3541,3560,3542,3561,3523,3525
Partition 13	3527,3531,3540,3544,3579,3580
Partition 15	3521,3538,3565,3539,3566,3526,3583
Partition 16	3582,3603,3581,3578,3602,3604
Partition 17	3557,3585,3584
Partition 18	3572,3573,3574,3575,3576
Partition 19	3586,3587
Partition 20	3537,3546,3547,3534,3535,3536,3533
Partition 22	3591
Partition 23	3548
Partition 24	3577
Partition 26	3530
Partition 28	3590
Partition 31	3593,3598
Partition 32	3592
Partition 34	3588
Partition 35	3520
Partition 36	3569
Partition 37	3558
Partition 38	3543
Partition 39	3563,3524,3562,3601
Partition 40	3545
path	3
T	7
cut	58
Partition 0	3551,3550
Partition 1	3558,3559,3522,3563
Partition 2	3549,3610,3611,3609
Partition 3	3532,3547,3548
Partition 4	3527,3531,3520,3528,3564,3529,3530
Partition 5	3552,3553,3554,3555
Partition 6	3556,3570,3571,3608,3607
Partition 7	3566,3568,3567,3569
Partition 8	3606,3604,3605
Partition 9	3597,3594,3595,3596,3598
Partition 10	3560
Partition 11	3541,3542,3523,3590,3525
Partition 12	3537,3546,3535,3536
Partition 13	3526,3534,3592,3593,3533
Partition 14	3538,3539,3540,3544,3545
Partition 15	3521,3599,3600,3603,3602
Partition 16	3580,3524,3562,3601
Partition 17	3557,3585,3583,3584
Partition 18	3572,3573,3574,3576
Partition 19	3586,3582,3587,3588
Partition 20	3577
Partition 21	3575
Partition 23	3591
Partition 24	3581,3578
Partition 25	3579
Partition 27	3543
Partition 28	3561
Partition 29	3565
Partition 30	3589
path	4
T	11
cut	57
Partition 0	3551,3550
Partition 1	3558,3561,3559,3564,3563,3562
Partition 2	3549,3610,3611,3609
Partition 3	3527,3531,3532
Partition 4	3528,3529,3530
Partition 5	3552,3553,3554,3555
Partition 6	3556,3570,3571,3608,3607
Partition 7	3566,3568,3567,3569
Partition 8	3565,3522,3589,3606,3605
Partition 9	3597,3594,3595,3596,3598,3604
Partition 10	3521,3538,3560,3543
Partition 11	3541,3542,3577,3523,3590,3525
Partition 12	3537,3546,3535,3536
Partition 13	3534,3593,3533
Partition 14	3539,3540,3544,3545,3592,3591
Partition 15	3599,3600,3603,3602
Partition 16	3579,3580,3581,3524,3601,3578
Partition 17	3557,3585,3583,3584
Partition 18	3572,3573,3574,3575,3576
Partition 19	3586,3582,3587,3588
Partition 21	3526
Partition 22	3547
Partition 24	3548
Partition 25	3520
path	5
T	15
cut	59
Partition 0	3532,3524,3551,3562,3548,3550
Partition 1	3558,3559,3563
Partition 2	3549,3610,3611,3609
Partition 3	3527,3531
Partition 4	3529,3530
Partition 5	3552,3553,3554,3555
Partition 6	3556,3570,3571,3608,3607
Partition 7	3566,3520,3564,3568,3567,3569
Partition 8	3565,3522,3589,3606,3588,3605
Partition 9	3597,3594,3595,3596,3598,3604
Partition 10	3521,3538,3560,3561
Partition 11	3541,3542,3577,3523,3590,3525
Partition 12	3537,3546,3535,3536
Partition 13	3592,3593,3533,3591
Partition 14	3539,3540,3544,3545
Partition 15	3599,3600,3603,3602
Partition 16	3581,3578
Partition 17	3557,3585,3583,3584
Partition 18	3572,3573,3574,3576
Partition 19	3586,3582,3587,3580,3601
Partition 20	3547
Partition 21	3526
Partition 23	3575
Partition 28	3534
Partition 31	3543
Partition 32	3528
Partition 33	3579
path	6
T	14
cut	69
Partition 1	3532
Partition 2	3549,3610,3611,3609
Partition 3	3551,3550
Partition 4	3528,3529
Partition 5	3522,3552,3553,3554,3555
Partition 6	3556,3570,3571,3608,3607
Partition 7	3564,3568,3567
Partition 8	3606,3604,3605
Partition 9	3597,3594,3595,3596
Partition 10	3599,3600,3603
Partition 11	3541,3560,3542,3561,3523,3525
Partition 13	3527,3531,3540,3544,3579,3580
Partition 15	3521,3538,3565,3539,3566,3526,3583
Partition 16	3582,3581,3578,3602
Partition 17	3557,3585,3584
Partition 18	3572,3573,3574,3575,3576
Partition 19	3586,3587
Partition 20	3537,3546,3547,3534,3535,3536,3533
Partition 22	3591
Partition 23	3548
Partition 24	3577
Partition 26	3530
Partition 28	3590
Partition 31	3593,3598
Partition 32	3592
Partition 34	3589,3588
Partition 35	3520
Partition 36	3569
Partition 37	3558
Partition 38	3543
Partition 39	3563,3562
Partition 40	3545
Partition 44	3559
Partition 45	3524
Partition 47	3601
path	7
T	13
cut	60
Partition 0	3524
Partition 1	3558,3559,3563
Partition 2	3549,3610,3611,3609
Partition 3	3532,3547,3548
Partition 4	3527,3531,3520,3528,3564,3529,3530
Partition 5	3522,3552,3553,3551,3554,3555
Partition 6	3556,3570,3571,3608,3607
Partition 7	3566,3568,3567,3569
Partition 8	3606,3605
Partition 9	3597,3594,3595,3596,3598
Partition 10	3560
Partition 11	3541,3542,3523,3550,3590,3525
Partition 12	3537,3546,3535,3536
Partition 13	3526,3534,3592,3593,3533
Partition 14	3538,3539,3540,3544,3545
Partition 15	3599,3600,3603,3602
Partition 16	3580,3601
Partition 17	3557,3585,3583,3584
Partition 18	3572,3573,3574,3576
Partition 19	3586,3582,3587,3588
Partition 20	3577
Partition 21	3575
Partition 23	3591
Partition 24	3581,3578
Partition 25	3579
Partition 27	3543
Partition 28	3561
Partition 29	3521,3565
Partition 30	3589
Partition 34	3562
Partition 35	3604
path	8
T	10
cut	63
Partition 0	3551,3550
Partition 1	3561,3562
Partition 2	3549,3610,3611,3609
Partition 3	3527,3531,3532
Partition 4	3528,3529,3530
Partition 5	3552,3553,3554,3555
Partition 6	3556,3570,3571,3608,3607
Partition 7	3566,3564,3568,3567,3569
Partition 8	3589
Partition 9	3597,3594,3595,3596,3598
Partition 10	3560
Partition 11	3541,3542,3577,3523,3590,3591
Partition 12	3537,3546,3534,3535,3536
Partition 13	3592,3593,3533
Partition 14	3539,3540,3544,3545
Partition 15	3599,3600,3603,3604
Partition 16	3526,3579,3580,3581,3601,3578,3602
Partition 17	3557,3585,3583,3584
Partition 18	3572,3573,3574,3575,3576
Partition 19	3586,3582,3587,3588
Partition 21	3563
Partition 22	3547
Partition 24	3548
Partition 25	3520
Partition 27	3605
Partition 30	3606
Partition 31	3543
Partition 32	3558,3559
Partition 34	3522
Partition 35	3521,3538,3565
Partition 37	3524
Partition 43	3525
path	9
T	16
cut	62
Partition 0	3551,3550
Partition 1	3558,3559,3563
Partition 2	3549,3610,3611,3609
Partition 3	3527,3531
Partition 4	3529,3530
Partition 5	3552,3553,3554,3555
Partition 6	3556,3570,3571,3608,3607
Partition 7	3566,3520,3564,3568,3567,3569
Partition 8	3565,3522,3589,3606,3588,3605
Partition 9	3597,3594,3595,3596,3598,3604
Partition 10	3561,3562
Partition 11	3541,3542,3577,3523,3590,3525
Partition 12	3537,3546,3535,3536
Partition 13	3592,3593,3533,3591
Partition 14	3539,3540,3544,3545
Partition 15	3521,3560,3599,3600,3603
Partition 16	3581,3578
Partition 17	3557,3585,3583,3584
Partition 18	3572,3573,3574,3576
Partition 19	3586,3582,3587
Partition 20	3547
Partition 21	3526
Partition 23	3575
Partition 28	3534
Partition 31	3543
Partition 32	3528
Partition 33	3602
Partition 35	3548
Partition 36	3579,3580,3524,3601
Partition 37	3538
Partition 38	3532
