path	1
T	6
cut	20
Partition 0	1697,1698
Partition 1	1699,1700
Partition 2	1688,1689,1680
Partition 4	1665,1679,1664
Partition 6	1696,1690,1691
Partition 7	1667,1670,1668
Partition 8	1677,1678,1684,1669
Partition 9	1692,1693
Partition 10	1666,1694,1695
Partition 11	1686,1701,1685
Partition 12	1682,1663,1683
Partition 13	1687,1662,1671,1681,1672
Partition 14	1673,1674,1675,1676
path	2
T	6
cut	22
Partition 0	1697,1698
Partition 1	1699,1700
Partition 2	1688,1689,1680
Partition 3	1687,1662,1671,1681,1672
Partition 4	1665,1679,1664
Partition 5	1696,1691
Partition 6	1690,1682,1663
Partition 7	1667,1670,1668
Partition 8	1677,1678,1669
Partition 9	1692,1693
Partition 10	1666,1694,1695
Partition 11	1686,1701
Partition 12	1684,1683
Partition 13	1685
Partition 14	1673,1674,1675,1676
path	3
T	8
cut	22
Partition 0	1697,1698
Partition 1	1699,1700
Partition 2	1688,1689,1680
Partition 3	1687
Partition 4	1665,1679,1664
Partition 5	1696,1690,1691
Partition 6	1681,1682,1663
Partition 7	1667,1670,1668
Partition 8	1677,1678,1669
Partition 9	1692,1693
Partition 10	1666,1694,1695
Partition 11	1686,1701
Partition 12	1684,1683
Partition 13	1662,1671,1672,1676,1685
Partition 14	1673,1674,1675
path	4
T	7
cut	22
Partition 0	1697,1698
Partition 1	1699,1700
Partition 2	1689,1680
Partition 3	1687,1688
Partition 4	1665,1679,1664
Partition 5	1696,1691
Partition 6	1690,1682,1663
Partition 7	1667,1670,1668
Partition 8	1677,1678,1684,1683,1685
Partition 9	1692,1693
Partition 10	1666,1694,1695
Partition 11	1686,1701
Partition 12	1669
Partition 13	1662,1671,1681,1672,1676
Partition 14	1673,1674,1675
path	5
T	7
cut	22
Partition 0	1687,1696,1697,1698
Partition 1	1699
Partition 2	1688,1689,1680
Partition 3	1681
Partition 4	1665,1679,1664
Partition 5	1700
Partition 6	1690,1691,1682,1663
Partition 7	1667,1670,1668
Partition 8	1677,1678,1669
Partition 9	1692,1693
Partition 10	1666,1694,1695
Partition 11	1686,1701,1685
Partition 12	1684,1683
Partition 13	1662,1671,1672
Partition 14	1673,1674,1675,1676
