path	1
T	4
cut	12
Partition 0	828,826,827,825
Partition 1	817,819,823
Partition 2	815,796,816
Partition 3	820,821,822,818,824,814
Partition 4	799,811,813,812
Partition 5	807,808,797,809
Partition 6	801,802,805,810
Partition 7	800,803,804,806,798
path	2
T	4
cut	13
Partition 0	826,825,824
Partition 1	817,819,823
Partition 2	815,818,814,796,816
Partition 3	820,821,822,799
Partition 4	811,813,812,828,827
Partition 5	807,808,797,809
Partition 6	801,802,805,810
Partition 7	800,803,804,806,798
path	3
T	4
cut	13
Partition 0	826,825,824,799
Partition 1	817,819,823
Partition 2	815,818,814,796,816
Partition 3	820,821,822
Partition 4	811,813,812,828,827
Partition 5	807,808,797,809
Partition 6	801,802,805,810
Partition 7	800,803,804,806,798
path	4
T	3
cut	12
Partition 0	828,826,827,825,824
Partition 1	817,819,823
Partition 2	815,818,814,796,816
Partition 3	820,821,822
Partition 4	799,811,813,812
Partition 5	807,808,797,809
Partition 6	801,802,805,810
Partition 7	800,803,804,806,798
path	5
T	4
cut	12
Partition 0	826,825,824
Partition 1	817,819,823
Partition 2	815,818,814,796,816
Partition 3	820,821,822
Partition 4	799,811,813,812,828,827
Partition 5	807,808,797,809
Partition 6	801,802,805,810
Partition 7	800,803,804,806,798
path	6
T	4
cut	12
Partition 0	828,826,827,825
Partition 1	817,819,816
Partition 2	815,818,814,796
Partition 3	820,821,822,824,823
Partition 4	799,811,813,812
Partition 5	807,808,797,809
Partition 6	801,802,805,810
Partition 7	800,803,804,806,798
path	7
T	3
cut	12
Partition 0	828,826,827,825,824
Partition 1	817,819,823
Partition 2	815,818,814,796,816
Partition 3	820,821,822
Partition 4	799,811,813,812
Partition 5	807,808,797,809
Partition 6	801,802,805,810
Partition 7	800,803,804,806,798
path	8
T	3
cut	12
Partition 0	828,826,827,825,824
Partition 1	817,819,823
Partition 2	815,818,796,816
Partition 3	820,821,822
Partition 4	799,811,813,812
Partition 5	807,808,797,809
Partition 6	801,802,805,810
Partition 7	800,803,804,806,798,814
path	9
T	4
cut	12
Partition 0	826,825,824
Partition 1	817,819,823
Partition 2	815,818,814,796,816
Partition 3	820,821,822
Partition 4	799,811,813,812,827,828
Partition 5	807,808,797,809
Partition 6	801,802,805,810
Partition 7	800,803,804,806,798
path	10
T	4
cut	12
Partition 0	826,825,824
Partition 1	817,819,823
Partition 2	815,818,814,796,816
Partition 3	820,821,822
Partition 4	799,811,813,812,827,828
Partition 5	807,808,797,809
Partition 6	801,802,805,810
Partition 7	800,803,804,806,798
