path	1
T	7
cut	38
Partition 0	1682,1699,1703
Partition 1	1676,1700,1701,1702
Partition 2	1662,1675,1681,1683,1663
Partition 3	1713,1715,1714
Partition 4	1704,1705
Partition 5	1696,1697,1698,1679,1680,1678
Partition 6	1664,1677,1707,1665
Partition 7	1693,1692,1691
Partition 8	1711,1717,1710,1718
Partition 9	1672,1670,1671
Partition 10	1685,1686,1687
Partition 11	1673,1674,1689
Partition 12	1695,1722,1723
Partition 13	1666,1712
Partition 14	1668,1669,1667
Partition 15	1708,1709
Partition 16	1706,1720,1721,1719
Partition 17	1716
Partition 18	1684,1688
Partition 19	1694
Partition 22	1690
path	2
T	8
cut	39
Partition 0	1682,1699,1703
Partition 1	1676,1700,1701,1702
Partition 2	1662,1681,1683,1663,1692,1691
Partition 3	1713,1715,1714
Partition 4	1704,1705
Partition 5	1696,1697,1698,1679,1680,1678
Partition 6	1664,1677,1707,1665
Partition 7	1693,1694,1690
Partition 8	1711,1717,1716,1710
Partition 9	1672,1670,1671
Partition 10	1685,1686,1687
Partition 11	1673,1674,1689
Partition 12	1722,1723
Partition 13	1666,1712
Partition 14	1668,1669,1667
Partition 15	1684,1708,1709
Partition 16	1706,1720,1721,1719
Partition 18	1675
Partition 22	1688
Partition 23	1695
Partition 25	1718
path	3
T	12
cut	39
Partition 0	1682,1699,1703
Partition 1	1676,1700,1701,1702
Partition 2	1691
Partition 3	1713,1715,1714
Partition 4	1698,1704,1705
Partition 5	1696,1697,1679,1680
Partition 6	1664,1707,1665
Partition 7	1662,1693,1694,1692,1690
Partition 8	1711,1717,1716,1710,1718
Partition 9	1672,1670,1671
Partition 10	1685,1686,1687
Partition 11	1673,1674,1689
Partition 12	1695,1722
Partition 13	1666,1712
Partition 14	1668,1669,1667
Partition 15	1684,1677,1678,1708,1709,1688
Partition 16	1706,1720,1721,1719
Partition 17	1675
Partition 20	1681,1683,1663
Partition 21	1723
path	4
T	11
cut	39
Partition 0	1682,1699,1703,1704
Partition 1	1662,1675,1676,1700,1701,1702
Partition 2	1683
Partition 3	1713,1712
Partition 4	1706,1705
Partition 5	1696,1697,1698,1679,1680
Partition 6	1664,1677,1707,1678,1708
Partition 7	1693,1692,1691
Partition 8	1711,1717,1715,1716,1710,1714
Partition 9	1672,1670,1671
Partition 10	1685,1686,1687
Partition 11	1673,1674,1689
Partition 12	1722,1723
Partition 13	1694,1666,1695,1690
Partition 14	1668,1669
Partition 15	1684,1709
Partition 16	1720,1721,1718,1719
Partition 17	1665
Partition 18	1688
Partition 19	1667
Partition 21	1663
Partition 23	1681
path	5
T	11
cut	40
Partition 0	1681,1682
Partition 1	1675,1676,1700,1701,1702
Partition 2	1663
Partition 3	1713,1694,1715,1712,1714,1690
Partition 4	1703,1704,1705
Partition 5	1696,1697,1679,1680
Partition 6	1664,1677,1678,1699
Partition 7	1691,1707,1665
Partition 8	1711,1717,1716,1710
Partition 9	1672,1670,1671
Partition 10	1685,1686,1687,1688
Partition 11	1673,1674,1689
Partition 12	1666,1695,1722,1723
Partition 14	1668,1669,1667
Partition 15	1684,1708,1709
Partition 16	1706,1720,1721,1719
Partition 19	1683
Partition 20	1718
Partition 22	1692
Partition 23	1662,1693
Partition 25	1698
path	6
T	17
cut	39
Partition 0	1682,1699,1703
Partition 1	1676,1700,1701,1702
Partition 3	1713,1714
Partition 4	1698,1704,1705
Partition 5	1696,1697,1679,1680
Partition 6	1664,1707,1665
Partition 7	1662,1675,1693,1694,1692,1691,1690
Partition 8	1711,1717,1716,1710,1718
Partition 9	1672,1670,1671
Partition 10	1663,1685,1686,1687
Partition 11	1673,1674,1689
Partition 12	1695,1722
Partition 13	1666,1712
Partition 14	1683,1668,1669
Partition 15	1684,1677,1678,1708,1709,1688
Partition 16	1667,1706
Partition 20	1681
Partition 21	1723
Partition 22	1715
Partition 24	1720,1721,1719
path	7
T	12
cut	42
Partition 0	1681,1682
Partition 1	1675,1676,1700,1701,1702
Partition 2	1663
Partition 3	1713,1694,1715,1712,1714,1690
Partition 4	1703,1704,1705
Partition 5	1696,1697,1679,1680
Partition 6	1664,1677,1678,1699
Partition 7	1691,1707,1665
Partition 8	1711,1717,1716,1710
Partition 9	1672,1670,1671
Partition 10	1685,1686,1687,1688
Partition 11	1673,1674,1689
Partition 12	1695,1722
Partition 14	1668,1669,1667
Partition 15	1684,1708,1709
Partition 16	1706,1720,1721,1719
Partition 19	1683
Partition 20	1718
Partition 22	1692
Partition 23	1662,1693
Partition 25	1698
Partition 27	1666
Partition 30	1723
path	8
T	11
cut	41
Partition 0	1681,1682
Partition 1	1675,1676,1700,1701,1702
Partition 2	1663
Partition 3	1713,1712,1714
Partition 4	1703,1704,1705
Partition 5	1696,1697,1679,1680
Partition 6	1664,1677,1678,1699
Partition 7	1691,1707,1665
Partition 8	1711,1717,1715,1716,1710
Partition 9	1672,1670,1671
Partition 10	1685,1686,1687,1688
Partition 11	1673,1674,1689,1690
Partition 12	1722,1723
Partition 14	1668,1669,1667
Partition 15	1684,1708,1709
Partition 16	1706,1720,1721,1719
Partition 19	1683
Partition 20	1718
Partition 22	1692
Partition 23	1662,1693
Partition 25	1698
Partition 29	1694,1695
Partition 30	1666
