path	1
T	8
cut	34
Partition 0	1702,1703,1711,1701,1710
Partition 1	1694,1700,1699
Partition 2	1667,1690
Partition 3	1693,1691,1692
Partition 4	1675,1707,1708,1709
Partition 5	1704
Partition 6	1712
Partition 7	1674,1676
Partition 8	1705,1669,1695,1706,1665
Partition 9	1677,1681,1683,1684
Partition 10	1679
Partition 11	1663,1668
Partition 12	1680,1682,1678
Partition 13	1685
Partition 14	1664,1687,1714,1715,1713
Partition 15	1689,1688,1666
Partition 16	1686
Partition 17	1670,1672,1671
Partition 18	1698,1696,1697,1673
Partition 19	1662
path	2
T	6
cut	33
Partition 0	1703
Partition 1	1694,1700,1699
Partition 2	1667,1690
Partition 3	1693,1691,1692
Partition 4	1675,1707,1708,1709
Partition 5	1711,1710
Partition 6	1702,1701
Partition 7	1696,1697,1673
Partition 8	1705,1695,1706,1704,1665
Partition 10	1684,1685
Partition 11	1663,1668,1677,1681,1683
Partition 12	1680,1682,1678
Partition 13	1664,1687,1686
Partition 14	1714,1712,1715,1713
Partition 15	1669,1679,1689,1688,1666
Partition 16	1674,1676
Partition 17	1670,1672,1671
Partition 18	1698
Partition 19	1662
path	3
T	8
cut	32
Partition 1	1694,1711,1700,1712,1710
Partition 2	1667,1690
Partition 3	1693,1691,1692
Partition 4	1706,1675,1707,1708,1709
Partition 5	1704
Partition 6	1702,1673,1701,1665
Partition 7	1696,1697
Partition 8	1705
Partition 10	1681,1683,1662,1684
Partition 11	1663
Partition 12	1679,1680,1682,1678
Partition 13	1664,1687,1685,1686
Partition 14	1714,1715,1713
Partition 15	1669,1695,1689,1688,1666
Partition 16	1668,1672,1677,1674,1676
Partition 17	1670,1671
Partition 18	1698,1699
Partition 20	1703
path	4
T	10
cut	35
Partition 0	1711
Partition 1	1694,1700,1699
Partition 2	1690
Partition 3	1693,1691,1692
Partition 4	1675,1707,1708
Partition 5	1709,1710
Partition 6	1702,1701
Partition 7	1698,1696,1697
Partition 8	1705,1695,1665
Partition 9	1669,1679,1680,1681,1682
Partition 10	1683,1662,1684,1685
Partition 11	1663,1668
Partition 12	1677,1678
Partition 13	1672,1664,1687,1676,1686
Partition 14	1714,1715,1713
Partition 15	1689,1688,1666
Partition 16	1674
Partition 17	1670,1671
Partition 18	1712
Partition 19	1706,1703,1667,1704
Partition 22	1673
path	5
T	6
cut	32
Partition 0	1702,1703,1711,1701,1710
Partition 1	1712
Partition 2	1706,1667,1704
Partition 3	1693,1694,1690,1691,1692
Partition 4	1707,1708,1709
Partition 6	1675
Partition 7	1698,1696,1697,1700,1699
Partition 8	1705,1695,1665
Partition 9	1679,1677,1681,1683,1662
Partition 10	1684,1685
Partition 11	1663,1668
Partition 12	1680,1682,1678
Partition 13	1664,1687,1686
Partition 14	1714,1715,1713
Partition 15	1669,1689,1688,1666
Partition 16	1676
Partition 17	1670,1672,1671
Partition 19	1673,1674
