path	1
T	8
cut	46
Partition 0	7546,7541,7547
Partition 1	7548,7554,7555
Partition 2	7517,7497
Partition 3	7496
Partition 4	7518,7544,7543
Partition 5	7492,7514,7519,7520
Partition 6	7534,7535,7536
Partition 7	7515,7516
Partition 8	7524,7525,7526
Partition 9	7533,7531,7530,7532
Partition 10	7528,7527
Partition 11	7508,7540
Partition 12	7510,7511
Partition 13	7493,7500
Partition 14	7501,7502,7506
Partition 15	7512
Partition 16	7494,7552,7553
Partition 17	7522,7523
Partition 18	7537,7539,7538
Partition 19	7490,7498,7495
Partition 20	7549,7550,7551
Partition 21	7503,7504,7505,7491
Partition 22	7529,7507,7499
Partition 24	7513
Partition 25	7545
Partition 28	7542
Partition 29	7509
Partition 32	7521
path	2
T	9
cut	42
Partition 0	7546,7541,7547
Partition 1	7548,7554,7555
Partition 2	7517,7497
Partition 3	7542,7496
Partition 4	7544,7545,7543
Partition 5	7492,7514,7519
Partition 6	7534,7535,7536
Partition 7	7515,7516
Partition 8	7524,7525,7526
Partition 9	7531,7532
Partition 10	7521,7520
Partition 11	7510,7508,7509,7540,7528,7527
Partition 13	7493,7500
Partition 14	7501,7505,7491,7502,7506
Partition 15	7511,7512,7513
Partition 16	7494,7552,7553,7551
Partition 17	7537,7539,7522,7523,7538
Partition 18	7529,7530
Partition 19	7490,7498,7499,7495
Partition 20	7549,7550
Partition 21	7503,7504
Partition 22	7518
Partition 23	7533
Partition 24	7507
path	3
T	8
cut	41
Partition 0	7546,7541,7547
Partition 1	7548,7554,7555
Partition 2	7517,7497
Partition 3	7542,7496
Partition 4	7518,7544,7543
Partition 5	7492,7514,7519
Partition 6	7533,7534,7535,7536
Partition 7	7515,7516
Partition 8	7524,7525,7526
Partition 9	7521,7528,7520,7531,7532,7527
Partition 11	7508,7509
Partition 12	7504,7505,7529,7491,7510,7530
Partition 13	7493,7500,7501
Partition 14	7502,7506,7507
Partition 15	7511,7512,7513
Partition 16	7494,7552,7553,7551
Partition 17	7522,7523
Partition 18	7537,7539,7538
Partition 19	7490,7498,7495
Partition 20	7549,7550
Partition 21	7503
Partition 25	7545
Partition 26	7499
Partition 28	7540
path	4
T	8
cut	44
Partition 0	7545,7546,7541,7547
Partition 1	7548,7554,7555
Partition 2	7517,7497
Partition 3	7518,7544,7542,7543,7496
Partition 4	7521,7520
Partition 5	7492,7514
Partition 6	7534,7535,7536
Partition 7	7533
Partition 8	7524,7525,7526
Partition 9	7531,7530,7532
Partition 10	7528,7527
Partition 11	7508,7509,7540
Partition 12	7491
Partition 13	7493,7500,7501
Partition 14	7505,7502,7506
Partition 15	7507,7513
Partition 16	7494,7552,7553
Partition 17	7522,7523
Partition 18	7537,7539,7538
Partition 19	7490,7498,7495
Partition 20	7510,7511,7512
Partition 21	7503,7504,7529,7549,7550,7499
Partition 22	7515
Partition 25	7519
Partition 26	7516
Partition 27	7551
path	5
T	12
cut	44
Partition 0	7546,7541,7547
Partition 1	7548,7554,7555
Partition 2	7517,7497
Partition 3	7542,7496
Partition 4	7544,7491,7545,7543
Partition 5	7492,7514,7519
Partition 6	7534,7535,7536
Partition 7	7515,7516
Partition 8	7524,7525,7526
Partition 9	7531,7532
Partition 10	7518,7521,7528,7520,7527
Partition 11	7508,7509,7540
Partition 12	7510,7511,7512
Partition 13	7493,7500
Partition 14	7501,7502,7506
Partition 15	7507,7513
Partition 16	7494,7552,7553,7551
Partition 17	7522,7523
Partition 18	7537,7539,7538
Partition 19	7490,7498
Partition 20	7550
Partition 21	7503,7504,7529,7549,7499
Partition 26	7505
Partition 27	7495
Partition 28	7530
Partition 29	7533
