path	1
T	15
cut	109
Partition 0	2129,2132,2138,2068
Partition 1	2130,2139,2140
Partition 2	2066,2131,2142
Partition 3	2135,2136
Partition 4	2133,2076,2134
Partition 5	2153,2151,2152
Partition 6	2098,2105
Partition 7	2143,2144,2094,2095
Partition 8	2146,2100
Partition 9	2141,2149,2150
Partition 10	2147,2145,2148
Partition 11	2069,2111
Partition 12	2109,2110,2108
Partition 13	2093,2107,2106
Partition 14	2137,2083
Partition 15	2088,2082,2062
Partition 16	2063,2099,2089
Partition 17	2085,2086,2087
Partition 18	2081,2075,2084
Partition 19	2065,2079,2080
Partition 20	2102,2103,2101,2104
Partition 21	2077,2097,2067
Partition 22	2078,2090,2091,2092
Partition 23	2072,2158
Partition 24	2160
Partition 25	2156,2157,2074
Partition 26	2155,2159
Partition 27	2162,2165
Partition 28	2070,2161,2163,2164,2166
Partition 29	2169,2172
Partition 30	2128,2174
Partition 31	2175,2178
Partition 32	2120,2179,2177
Partition 33	2168,2171
Partition 34	2167,2154
Partition 35	2197,2198
Partition 36	2192,2191,2193,2190
Partition 37	2187,2189
Partition 38	2124,2183,2182
Partition 39	2185,2199,2200
Partition 40	2186,2196,2194,2195
Partition 41	2112,2113
Partition 42	2116,2117,2118,2121
Partition 43	2127,2114,2071,2115
Partition 44	2073,2119,2122
Partition 45	2180,2181
Partition 46	2064,2125,2126,2188,2123
Partition 47	2096
Partition 48	2184
Partition 49	2170
Partition 50	2176
Partition 51	2173
path	2
T	34
cut	107
Partition 0	2129,2138,2068
Partition 1	2130,2139,2140
Partition 2	2066,2131,2132
Partition 3	2135,2136
Partition 4	2133,2076,2134
Partition 5	2153,2151,2152
Partition 6	2098,2094,2095,2105
Partition 7	2143,2144
Partition 8	2100,2104
Partition 9	2141,2149,2150
Partition 10	2146,2147,2148
Partition 11	2069,2111,2127
Partition 12	2109,2110,2108
Partition 13	2093,2107,2106
Partition 14	2137,2083
Partition 15	2088,2082,2062
Partition 16	2063,2099,2089
Partition 17	2085,2086,2087
Partition 18	2081,2075,2084
Partition 19	2079,2080
Partition 20	2102,2103,2101
Partition 21	2077,2097,2067
Partition 22	2078,2090,2091,2092
Partition 23	2072,2158
Partition 24	2156,2157,2160,2074
Partition 25	2155,2159
Partition 26	2162,2165
Partition 27	2070,2161,2163,2164,2166
Partition 28	2169,2172
Partition 29	2128,2174
Partition 30	2176
Partition 31	2120,2179,2177
Partition 32	2173
Partition 33	2167,2154
Partition 34	2195,2197,2198
Partition 35	2192,2191,2193,2194,2190
Partition 36	2187,2189
Partition 37	2124,2183,2184
Partition 38	2065,2185,2199,2200
Partition 39	2186,2196
Partition 40	2112,2113
Partition 41	2116,2117,2118,2121
Partition 42	2114,2071,2115
Partition 43	2073,2119,2122
Partition 44	2180,2181
Partition 45	2064,2125,2126,2188,2123
Partition 46	2096
Partition 47	2145
Partition 48	2170
Partition 49	2142
Partition 50	2182
Partition 51	2168,2171
Partition 52	2175,2178
path	3
T	16
cut	108
Partition 0	2129,2138,2068
Partition 1	2130,2139,2140
Partition 2	2066,2131,2192
Partition 3	2132,2135
Partition 4	2133,2076,2134,2136
Partition 5	2151,2152
Partition 6	2098,2094,2095,2105
Partition 7	2143,2144
Partition 8	2100,2104
Partition 9	2141,2149,2150
Partition 10	2147,2145,2148
Partition 11	2069,2111
Partition 12	2109,2110,2108
Partition 13	2093,2107,2106
Partition 14	2087,2083
Partition 15	2088,2082,2062
Partition 16	2063,2099,2089
Partition 17	2085,2086
Partition 18	2081,2075,2084
Partition 19	2065,2079,2080
Partition 20	2102,2101
Partition 21	2077,2097,2067
Partition 22	2078,2090,2091,2092
Partition 23	2072,2158
Partition 24	2160
Partition 25	2156,2157,2074
Partition 26	2155,2159
Partition 27	2162,2165
Partition 28	2070,2161,2163,2164,2166
Partition 29	2169,2172
Partition 30	2127,2128
Partition 31	2176,2175,2178
Partition 32	2120,2179,2177
Partition 33	2168,2173,2171
Partition 34	2167,2154
Partition 35	2195,2197,2198
Partition 36	2191,2193,2190
Partition 37	2187,2189
Partition 38	2124,2183,2184
Partition 39	2185,2199,2200
Partition 40	2186,2196,2194
Partition 41	2112,2113
Partition 42	2116,2117,2118,2121
Partition 43	2114,2071,2115
Partition 44	2073,2119,2122
Partition 45	2180,2181
Partition 46	2064,2125,2126,2188,2123
Partition 47	2146
Partition 48	2103
Partition 49	2174
Partition 50	2096
Partition 51	2142
Partition 52	2182
Partition 53	2137,2153
Partition 54	2170
