path	1
T	2
cut	5
Partition 0	803,798,801,796
Partition 1	800,802,804,805,806,813,814
Partition 2	807,812,799,810,811
Partition 3	809,797,808
path	2
T	2
cut	6
Partition 0	803,798,801,796,805,804
Partition 1	813,814,812
Partition 2	807,800,802,806
Partition 3	809,810,797,808,811,799
path	3
T	2
cut	5
Partition 0	803,798,801,796
Partition 1	800,802,804,805,806
Partition 2	814,807,812,813
Partition 3	809,810,797,808,811,799
path	4
T	2
cut	5
Partition 0	798,801,796
Partition 1	800,802,806,814,813,812,807
Partition 2	804,803,805
Partition 3	809,810,797,808,811,799
path	5
T	2
cut	5
Partition 0	803,798,801,796
Partition 1	800,802,804,805,806,813,814
Partition 2	807,812,811,808,797
Partition 3	809,810,799
path	6
T	2
cut	6
Partition 0	803,798,801,796
Partition 1	802,804,805,806,813,814
Partition 2	807,812,800
Partition 3	809,810,797,808,811,799
path	7
T	2
cut	6
Partition 0	803,798,801,796
Partition 1	800,797,808
Partition 2	814,813,805,806,804
Partition 3	809,810,811,807,799,812,802
path	8
T	2
cut	6
Partition 0	803,798,801,796
Partition 1	804,805,806,814,813
Partition 2	807,812,802,800
Partition 3	809,810,797,808,811,799
path	9
T	2
cut	6
Partition 0	798,801,796
Partition 1	804,805,806,813,814,807,812
Partition 2	800,802,803
Partition 3	809,810,797,808,811,799
path	10
T	2
cut	6
Partition 0	803,798,801,796
Partition 1	805,806,813,814,807,812
Partition 2	800,802,804
Partition 3	809,810,797,808,811,799
