path	1
T	4
cut	11
Partition 0	817,819,821,822
Partition 1	810,809,812,820,796
Partition 2	798,816,823,824
Partition 3	800,818,799
Partition 4	801,808,811,797,813,807
Partition 5	826,814,815,825
Partition 6	802,805,804,806,803
path	2
T	4
cut	13
Partition 0	817,819,821,822
Partition 1	810,809,812,820,796
Partition 2	798,816,823,815
Partition 3	800,818,799
Partition 4	801,808,811,797,813,807
Partition 5	826,825,824
Partition 6	802,805,804,806,803,814
path	3
T	3
cut	11
Partition 0	817,819,821,822
Partition 1	810,820,796
Partition 2	798,816,823,824,812,809
Partition 3	800,818,799
Partition 4	801,808,811,797,813,807
Partition 5	826,814,815,825
Partition 6	802,805,804,806,803
path	4
T	4
cut	11
Partition 0	817,819,821,822
Partition 1	810,809,812,820,796
Partition 2	798,816,823,824
Partition 3	800,818,799
Partition 4	801,808,811,797,813,807
Partition 5	826,814,815,825
Partition 6	802,805,804,806,803
path	5
T	4
cut	12
Partition 0	817,819,821,822
Partition 1	810,809,812,820,796
Partition 2	798,816,814
Partition 3	800,818,799
Partition 4	801,808,811,797,813,807
Partition 5	826,825,824,823
Partition 6	802,805,804,806,803,815
path	6
T	4
cut	11
Partition 0	817,819,821,822
Partition 1	810,809,812,820,796
Partition 2	798,816,823,824
Partition 3	800,818,799
Partition 4	801,808,811,797,813,807
Partition 5	826,814,815,825
Partition 6	802,805,804,806,803
path	7
T	4
cut	11
Partition 0	817,819,821,822
Partition 1	810,809,812,820,796
Partition 2	798,816,823,824
Partition 3	800,818,799
Partition 4	801,808,811,797,813,807
Partition 5	826,814,815,825
Partition 6	802,805,804,806,803
path	8
T	4
cut	11
Partition 0	817,819,821,822
Partition 1	810,809,812,820,796
Partition 2	798,816,823,824
Partition 3	800,818,799
Partition 4	801,808,811,797,813,807
Partition 5	826,814,815,825
Partition 6	802,805,804,806,803
path	9
T	4
cut	11
Partition 0	816,823,798
Partition 1	810,809,812,820,796,821,822
Partition 2	824,826,825
Partition 3	800,818,799,817,819
Partition 4	801,808,811,797,807
Partition 5	814,815,813
Partition 6	802,805,804,806,803
path	10
T	4
cut	11
Partition 0	817,819,821,822
Partition 1	810,809,812,820,796
Partition 2	798,816,823,824
Partition 3	800,818,799
Partition 4	801,808,811,797,813,807
Partition 5	826,814,815,825
Partition 6	802,805,804,806,803
