path	1
T	3
cut	7
Partition 0	804,806,805,807
Partition 1	800,809,798,801,810
Partition 2	797,812,799,796,813
Partition 3	802,803,808,814,815
Partition 4	818,817,816,811
path	2
T	3
cut	7
Partition 0	804,806,805,807
Partition 1	800,809,798,801,810
Partition 2	797,811,812,799
Partition 3	802,803,808,814,815,796,813
Partition 4	818,817,816
path	3
T	3
cut	7
Partition 0	804,806,805,807
Partition 1	800,809,798,801,810
Partition 2	797,811,812,799,796,813
Partition 3	802,803,808,814,815
Partition 4	818,817,816
path	4
T	3
cut	7
Partition 0	804,806,805,807
Partition 1	800,809,798,801,810
Partition 2	797,811,812,799
Partition 3	802,803,808,814,815,813,796
Partition 4	818,817,816
path	5
T	3
cut	7
Partition 0	804,806,805,807
Partition 1	800,809,798,801,810
Partition 2	797,811,812,799
Partition 3	802,803,808,814,815,796,813
Partition 4	818,817,816
path	6
T	3
cut	7
Partition 0	804,806,805,807
Partition 1	800,809,798,801,810
Partition 2	797,811,812,799
Partition 3	802,803,808,814,815,796,813
Partition 4	818,817,816
path	7
T	3
cut	7
Partition 0	804,806,805,807
Partition 1	800,809,798,801,810
Partition 2	797,811,812,799
Partition 3	802,803,808,814,815,796,813
Partition 4	818,817,816
path	8
T	3
cut	7
Partition 0	804,806,805,807
Partition 1	800,809,798,801,810
Partition 2	797,811,812,799
Partition 3	802,803,808,814,815,813,796
Partition 4	818,817,816
path	9
T	3
cut	7
Partition 0	804,806,805,807
Partition 1	800,809,798,801,810
Partition 2	797,811,812,799,813,796
Partition 3	802,803,808,814,815
Partition 4	818,817,816
path	10
T	3
cut	7
Partition 0	804,806,805,807
Partition 1	800,809,798,801,810
Partition 2	797,811,812,799
Partition 3	802,803,808,814,815,813,796
Partition 4	818,817,816
