path	1
T	10
cut	34
Partition 0	1683,1680,1684
Partition 1	1691,1694,1693,1690
Partition 2	1669,1667
Partition 3	1705,1706,1666
Partition 4	1681,1668,1682
Partition 5	1672,1673
Partition 6	1664,1671
Partition 7	1708,1707
Partition 8	1709,1710,1711
Partition 9	1695,1696,1697,1670
Partition 10	1704,1701,1702,1703
Partition 11	1678,1688,1712
Partition 12	1685,1686,1687,1665
Partition 13	1677,1662,1675,1676
Partition 14	1663,1698,1699,1700
Partition 16	1674
Partition 17	1692
Partition 20	1679
Partition 22	1689
path	2
T	8
cut	33
Partition 0	1683,1684
Partition 1	1691,1694,1693,1690
Partition 2	1669,1667
Partition 3	1705,1706,1666
Partition 4	1681,1668,1682
Partition 5	1672,1673
Partition 6	1692,1664,1671
Partition 7	1708,1709,1676
Partition 8	1704,1710,1711
Partition 9	1695,1696,1697,1670
Partition 10	1701,1702,1703
Partition 11	1678,1688,1712
Partition 12	1685,1686,1687,1665
Partition 13	1677,1662,1675,1679,1680
Partition 14	1663,1698,1699,1700
Partition 17	1707
Partition 21	1674
Partition 22	1689
path	3
T	7
cut	34
Partition 0	1683,1680,1684
Partition 1	1691,1694,1693,1690
Partition 2	1673
Partition 3	1705,1706,1666
Partition 4	1681,1668,1682
Partition 5	1674
Partition 6	1692,1664,1671,1672
Partition 7	1675,1676
Partition 8	1704,1710,1711
Partition 9	1695,1696,1697,1670
Partition 10	1701,1702,1703
Partition 11	1678,1677
Partition 12	1685,1686,1687,1665
Partition 13	1662,1679
Partition 14	1663,1698,1699
Partition 17	1708,1709,1707
Partition 18	1700
Partition 23	1688,1712
Partition 26	1669,1689,1667
path	4
T	8
cut	33
Partition 0	1683,1680,1684
Partition 1	1691,1694,1693,1690
Partition 2	1695,1696,1672,1673
Partition 3	1705,1706,1666
Partition 4	1681,1668,1682
Partition 5	1674
Partition 6	1692,1664,1671
Partition 7	1708,1707
Partition 8	1704,1710,1711
Partition 9	1669,1670,1667
Partition 10	1697,1701,1702,1703
Partition 11	1678,1688,1712
Partition 12	1685,1686,1687,1665
Partition 14	1663,1698,1699,1700
Partition 16	1677,1662,1675,1679,1689
Partition 17	1709
Partition 18	1676
path	5
T	8
cut	33
Partition 0	1683,1679,1680,1684
Partition 1	1691,1694,1690
Partition 2	1669,1667
Partition 3	1706,1707
Partition 4	1681,1668,1682
Partition 5	1672,1673
Partition 6	1692,1664,1671
Partition 7	1708,1709,1676
Partition 8	1704,1710,1711
Partition 9	1695,1696,1697,1670
Partition 10	1701,1702,1703
Partition 11	1678,1688,1712
Partition 12	1685,1686,1687,1665
Partition 13	1677,1662,1675
Partition 14	1663,1698,1705,1699,1700,1666
Partition 15	1693
Partition 16	1674
Partition 18	1689
