path	1
T	5
cut	19
Partition 0	7524,7525,7526
Partition 1	7520,7521,7522
Partition 2	7527,7528,7523
Partition 3	7497,7498,7491
Partition 4	7501,7502,7499,7503,7504
Partition 5	7500,7508,7509,7495,7510
Partition 6	7490,7506,7507
Partition 7	7530,7529,7531,7532
Partition 8	7494,7519
Partition 9	7492,7514,7493
Partition 10	7515,7516,7517
Partition 11	7496,7512,7513,7511
Partition 12	7518
Partition 13	7505
path	2
T	5
cut	20
Partition 0	7524,7525,7526
Partition 1	7520,7521
Partition 2	7527,7528,7523
Partition 3	7497,7498,7491
Partition 4	7501,7502,7503,7504
Partition 5	7500,7508,7509,7495,7510
Partition 6	7490,7506,7507
Partition 7	7530,7529,7531,7532
Partition 8	7494,7505
Partition 9	7492,7514,7515,7493,7516
Partition 10	7518,7517
Partition 11	7496,7512,7513,7511
Partition 12	7522
Partition 13	7499
Partition 14	7519
path	3
T	5
cut	18
Partition 0	7524,7525,7526
Partition 1	7520,7521,7522,7523
Partition 2	7527,7528
Partition 3	7497,7498,7499,7491
Partition 4	7501,7502,7503,7504
Partition 5	7500,7508,7509,7495,7510
Partition 6	7490,7506,7507
Partition 7	7519,7530,7529,7531,7532
Partition 8	7494,7505
Partition 9	7492,7514,7493
Partition 10	7515,7516
Partition 11	7496,7512,7513,7511
Partition 12	7518,7517
path	4
T	6
cut	19
Partition 0	7524,7525,7526,7527,7528
Partition 1	7520,7521,7522,7523
Partition 2	7530,7529
Partition 3	7497,7498,7491
Partition 4	7501,7502,7503,7504
Partition 5	7500,7508,7509,7495,7510
Partition 6	7490,7506,7507
Partition 7	7518,7531,7532
Partition 8	7494,7505
Partition 9	7492,7514,7493
Partition 10	7515,7516,7517
Partition 11	7496,7512,7513,7511
Partition 12	7499
Partition 14	7519
path	5
T	6
cut	18
Partition 0	7524,7525,7526
Partition 1	7520,7521,7522
Partition 2	7527,7528,7523
Partition 3	7497,7498,7491
Partition 4	7501,7502,7499,7503,7504
Partition 5	7500,7508,7509,7495
Partition 6	7490,7506,7507
Partition 7	7518,7531,7532
Partition 8	7494,7505
Partition 9	7492,7514,7493
Partition 10	7515,7516,7517
Partition 11	7510,7496,7512,7513,7511
Partition 12	7519,7530,7529
