path	1
T	3
cut	62
Partition 0	3601,3602,3603,3604
Partition 1	3605,3607,3606
Partition 2	3538,3556,3567,3566
Partition 3	3528,3537,3531
Partition 4	3579,3580,3581,3582
Partition 5	3585,3586,3587,3588
Partition 6	3526,3527,3562,3578,3525
Partition 7	3573,3555,3553,3554
Partition 8	3563,3560,3564,3565
Partition 9	3547,3558,3557
Partition 10	3561
Partition 11	3576,3575,3577,3524
Partition 12	3535,3536
Partition 13	3540,3541,3542
Partition 14	3546,3552,3551
Partition 15	3534,3532,3533,3590
Partition 16	3545,3550,3548,3549
Partition 17	3593,3594,3595
Partition 18	3574,3584,3583
Partition 19	3596,3599,3608,3597,3598
Partition 20	3572,3520,3610,3609,3611
Partition 21	3571,3569,3570
Partition 22	3522,3544,3568
Partition 25	3600
Partition 28	3589
Partition 30	3539,3521
Partition 31	3523,3529,3559,3530
Partition 33	3592
Partition 37	3543
Partition 40	3591
path	2
T	11
cut	61
Partition 0	3601,3602,3603,3604
Partition 1	3605,3600,3607,3606
Partition 2	3556,3567,3566
Partition 3	3537,3538,3539
Partition 4	3579,3580,3581,3582
Partition 5	3585,3586,3587,3525,3588
Partition 6	3526,3578
Partition 7	3573,3555,3553,3554
Partition 8	3563,3560,3564,3565
Partition 9	3547,3558,3591
Partition 10	3559,3521,3561
Partition 11	3576,3575,3577
Partition 12	3527,3528,3536,3529,3530,3531
Partition 13	3540,3524,3541
Partition 14	3569,3552,3551
Partition 15	3592,3533,3590
Partition 16	3545,3550,3548,3549
Partition 17	3593,3594,3595
Partition 18	3574,3584,3583
Partition 19	3596,3599,3608,3597,3598
Partition 20	3572,3520,3610,3609,3611
Partition 21	3543,3571,3570
Partition 22	3522,3544,3568
Partition 24	3534,3535,3532
Partition 25	3542
Partition 26	3562
Partition 27	3589
Partition 29	3557
Partition 30	3546,3523
path	3
T	13
cut	65
Partition 0	3601,3602,3603,3604
Partition 1	3605,3600,3607,3606
Partition 2	3556,3567,3566
Partition 3	3528,3537,3538
Partition 4	3579,3580,3581,3582
Partition 5	3585,3586,3587,3588
Partition 6	3526,3527,3578,3557,3525
Partition 7	3573,3555,3553,3554
Partition 8	3563,3560,3564,3565
Partition 9	3547,3558,3591
Partition 10	3559
Partition 11	3576,3575,3577
Partition 12	3535,3536,3523,3529,3530,3531
Partition 13	3540,3541,3542
Partition 14	3546,3552,3551
Partition 15	3534,3532,3533,3590
Partition 16	3545,3550
Partition 17	3593,3594,3595
Partition 18	3574,3584,3583
Partition 19	3589,3596,3599,3597,3598
Partition 20	3572,3520,3610,3609,3611
Partition 21	3543,3571,3570
Partition 22	3522,3544,3592
Partition 27	3562
Partition 28	3539
Partition 29	3561
Partition 30	3548
Partition 33	3524
Partition 35	3549
Partition 37	3608
Partition 40	3569
Partition 41	3568
Partition 42	3521
path	4
T	14
cut	63
Partition 0	3601,3602,3603,3604
Partition 1	3605,3600,3607,3606
Partition 2	3556,3567,3566
Partition 3	3537,3538,3539,3521
Partition 4	3579,3580,3581,3582
Partition 5	3589,3586,3587,3588
Partition 6	3526,3527,3525
Partition 7	3573,3555,3553,3554
Partition 8	3563,3559,3560,3564
Partition 9	3546,3547,3558,3591,3557,3565
Partition 10	3562,3561
Partition 11	3533,3590
Partition 12	3536,3523,3529,3530,3575,3540,3531
Partition 13	3576,3577,3524
Partition 14	3569,3552
Partition 15	3534,3535,3532
Partition 16	3545,3550,3549
Partition 17	3593,3594,3595
Partition 18	3574,3584
Partition 19	3596,3599,3608,3597,3598
Partition 20	3572,3520,3610,3609,3611
Partition 21	3543,3571,3570
Partition 22	3522,3544,3568
Partition 23	3578
Partition 26	3528
Partition 27	3583
Partition 28	3541,3542
Partition 31	3585
Partition 32	3592
Partition 33	3548
Partition 36	3551
path	5
T	15
cut	64
Partition 0	3601,3602,3603,3604
Partition 1	3534,3532,3600
Partition 2	3556,3567,3566
Partition 3	3528,3537,3538
Partition 4	3578,3579,3580,3581,3582
Partition 5	3584,3585,3586,3583
Partition 7	3573,3555,3553,3554
Partition 8	3563,3560,3564,3565
Partition 9	3547,3558,3591
Partition 10	3605,3559,3521,3561,3606
Partition 11	3576,3575
Partition 12	3536,3523,3529,3530,3531
Partition 13	3540,3524,3541
Partition 14	3546,3552
Partition 15	3592,3533,3590
Partition 16	3545,3550,3548,3549
Partition 17	3593,3594,3595
Partition 18	3589,3596,3587,3588
Partition 19	3607,3599,3608,3597,3598
Partition 20	3572,3520,3610,3609,3611
Partition 21	3543,3571,3569,3570
Partition 22	3522,3544
Partition 24	3562
Partition 27	3526,3527,3557,3525
Partition 28	3539
Partition 30	3542
Partition 31	3535
Partition 32	3551
Partition 34	3577
Partition 35	3568
Partition 36	3574
