path	1
T	NA
cut	46
Partition 0	3527,3528,3526
Partition 1	3586,3589,3591,3590
Partition 2	3585,3584,3582,3583
Partition 3	3570,3571,3523
Partition 4	3530,3588,3531,3587
Partition 5	3575,3576,3577,3521
Partition 6	3572,3573,3578,3574
Partition 7	3569,3568,3555
Partition 8	3561,3562,3525
Partition 9	3539,3538,3540
Partition 10	3592,3520,3581
Partition 11	3552,3553,3594,3593
Partition 12	3541,3543,3542
Partition 13	3547,3548,3549,3550,3551
Partition 14	3544,3546,3545
Partition 15	3564,3560,3565
Partition 16	3567,3580,3566,3579
Partition 17	3557,3558,3554,3556
Partition 18	3533,3532,3534
Partition 19	3559,3535,3524,3536
Partition 21	3563
Partition 22	3522,3537
Partition 23	3529
path	2
T	NA
cut	46
Partition 1	3586,3589,3591,3590
Partition 2	3585,3584,3582,3583
Partition 3	3570,3571,3523
Partition 4	3522,3527,3530,3531,3526,3521
Partition 5	3575,3576,3577
Partition 6	3572,3573,3578,3574
Partition 7	3569,3568,3555
Partition 8	3588,3563,3561,3587,3562
Partition 9	3539,3538,3540
Partition 10	3592,3520,3581
Partition 11	3552,3553,3594,3593
Partition 12	3541,3543,3542
Partition 13	3547,3548,3549,3550,3551
Partition 14	3544,3546,3545
Partition 15	3564,3560,3565
Partition 16	3567,3580,3566,3579
Partition 17	3557,3558,3554,3556
Partition 18	3533,3532,3534
Partition 19	3559,3535,3524,3536
Partition 20	3525
Partition 24	3528,3529
Partition 26	3537
path	3
T	NA
cut	46
Partition 0	3563
Partition 1	3586,3589,3591,3590
Partition 2	3585,3584,3582,3583
Partition 3	3570,3571,3588,3587
Partition 4	3522,3530,3537,3531,3521
Partition 5	3528,3529
Partition 6	3572,3573,3578,3574
Partition 7	3569,3568,3555
Partition 8	3523,3561,3562
Partition 9	3539,3538,3540,3525
Partition 10	3592,3520,3581
Partition 11	3552,3553,3594,3593
Partition 12	3541,3543,3542
Partition 13	3547,3548,3549,3550,3551
Partition 14	3544,3546,3545
Partition 15	3564,3560,3565
Partition 16	3567,3580,3566,3579
Partition 17	3557,3558,3554,3556
Partition 18	3533,3532,3534
Partition 19	3559,3535,3524,3536
Partition 20	3527,3526
Partition 21	3576,3577
Partition 24	3575
