cut	51
Partition 0	3558,3559
Partition 1	3585,3584
Partition 2	3565,3564,3563
Partition 3	3520,3544,3549
Partition 4	3552,3553
Partition 5	3557,3526
Partition 6	3536,3535
Partition 7	3545,3533,3534
Partition 8	3546,3548,3547
Partition 9	3523,3550
Partition 10	3551,3560,3554
Partition 11	3524,3529,3577
Partition 12	3578,3561,3562
Partition 13	3530,3531
Partition 14	3537,3538
Partition 15	3574,3522,3573
Partition 16	3525,3539
Partition 17	3527,3528,3532
Partition 18	3542,3540,3541
Partition 19	3566,3567,3568
Partition 20	3521,3543
Partition 21	3583,3582
Partition 22	3569,3570
Partition 23	3555,3556,3576
Partition 24	3572,3575,3580
Partition 25	3571,3579,3581
