path	1
T	8
cut	39
Partition 0	1690,1709
Partition 1	1689,1692,1693
Partition 3	1668,1669
Partition 4	1670
Partition 5	1663,1672,1673
Partition 6	1712,1711,1713
Partition 7	1688,1715,1687,1714
Partition 8	1717,1716,1718
Partition 9	1684,1685,1686
Partition 10	1683
Partition 11	1667,1691,1710,1679,1666
Partition 12	1675,1694
Partition 13	1662,1676,1680,1696,1677,1681,1695
Partition 14	1701,1703,1704
Partition 15	1702,1665,1682
Partition 16	1664,1708,1707
Partition 17	1671,1697,1705,1706
Partition 18	1700
Partition 20	1699
Partition 23	1674,1678
Partition 24	1698
path	2
T	10
cut	37
Partition 0	1690,1709,1669
Partition 1	1689,1692,1693
Partition 2	1667,1691
Partition 3	1668
Partition 5	1663,1670,1672,1674,1673,1678
Partition 6	1712,1711,1713
Partition 7	1686,1688,1715,1683,1687,1714
Partition 8	1717,1716,1718
Partition 9	1684,1685
Partition 10	1680,1681
Partition 11	1679,1666
Partition 12	1675,1694
Partition 13	1662,1676,1696,1698,1677
Partition 14	1701,1703,1704
Partition 15	1702,1665,1682
Partition 16	1664,1708
Partition 17	1671,1697,1705,1706
Partition 18	1699,1700
Partition 19	1695,1707
Partition 20	1710
path	3
T	9
cut	38
Partition 0	1690,1709,1669
Partition 1	1692,1693
Partition 2	1699,1700,1667,1668,1691
Partition 3	1670
Partition 4	1674,1678
Partition 5	1663,1672,1673
Partition 6	1712,1711,1713
Partition 7	1688,1715,1714
Partition 8	1717,1716,1718
Partition 9	1684,1685
Partition 10	1681,1683
Partition 11	1675,1694,1710,1695,1679,1666
Partition 12	1686,1687
Partition 13	1662,1676,1680,1696,1698,1677
Partition 14	1701,1703
Partition 15	1702,1665,1682
Partition 16	1664,1708,1707
Partition 17	1671,1697,1705,1706
Partition 20	1704
Partition 21	1689
path	4
T	7
cut	40
Partition 0	1690,1709
Partition 1	1689,1692,1693
Partition 2	1694
Partition 3	1668,1669
Partition 4	1674,1678
Partition 5	1663,1672,1673
Partition 6	1712,1711,1713
Partition 7	1688,1715,1687,1714
Partition 8	1717,1716,1718
Partition 9	1684,1685,1686
Partition 10	1681,1683
Partition 11	1667,1691,1710,1679,1666
Partition 12	1675
Partition 13	1662,1676,1680,1696,1698,1697,1705
Partition 14	1701,1703,1704
Partition 15	1702,1665,1682
Partition 16	1664,1708,1707
Partition 17	1670,1671
Partition 18	1699,1700
Partition 19	1706
Partition 21	1677
Partition 24	1695
path	5
T	10
cut	37
Partition 0	1718
Partition 1	1689,1692,1693
Partition 2	1667,1691
Partition 3	1668,1669
Partition 4	1672,1673,1702,1665,1682
Partition 5	1663,1670
Partition 6	1712,1710,1711
Partition 7	1690,1709,1688,1715,1713,1687,1714
Partition 8	1717,1716
Partition 9	1684,1685,1686,1683
Partition 10	1681,1694,1695
Partition 11	1679,1666
Partition 13	1674,1662,1676,1680,1696,1677,1678
Partition 14	1701,1698,1703,1705,1704
Partition 16	1664,1708
Partition 17	1671,1697
Partition 18	1699,1700
Partition 19	1706,1707
Partition 23	1675
