path	1
T	17
cut	124
Partition 0	1206,1207,1208
Partition 1	1209,1210,1231,1232
Partition 2	1228,1229,1230
Partition 3	1213,1217
Partition 4	1212,1157,1158,1159
Partition 5	1224,1225,1156
Partition 6	1218,1219
Partition 7	1226,1227
Partition 8	1129,1126
Partition 9	1201,1204,1130
Partition 10	1202,1203,1205
Partition 11	1171,1094
Partition 12	1085,1132,1125,1086
Partition 13	1135,1133,1136
Partition 14	1172,1173,1179
Partition 15	1178,1180,1181
Partition 16	1152,1153,1154
Partition 17	1131,1137,1138
Partition 18	1123,1124,1150,1151
Partition 19	1190,1191,1192
Partition 20	1122,1174,1170
Partition 21	1160
Partition 22	1090,1186
Partition 23	1187,1233,1234
Partition 24	1162,1200
Partition 25	1195,1092
Partition 26	1196,1198,1193,1194,1197,1199
Partition 27	1146,1147,1144
Partition 28	1141,1142,1139,1140
Partition 29	1166,1165
Partition 30	1116,1117,1163
Partition 31	1188,1164,1189
Partition 32	1182,1183,1184,1185
Partition 33	1176,1177,1127
Partition 34	1105,1087,1106,1107
Partition 35	1099,1088,1108
Partition 36	1096,1112
Partition 37	1121,1119,1120
Partition 38	1113,1109,1110
Partition 39	1089,1114,1091
Partition 40	1214,1215,1216
Partition 41	1115,1211
Partition 42	1103,1095,1111
Partition 43	1101,1220,1222
Partition 44	1102,1100,1104,1145,1221
Partition 45	1223
Partition 46	1161
Partition 47	1149
Partition 48	1134
Partition 49	1167,1168,1169
Partition 50	1093
Partition 51	1175
Partition 52	1155
Partition 53	1097,1098
Partition 54	1143
Partition 55	1128
Partition 56	1148
Partition 57	1118
path	2
T	17
cut	123
Partition 0	1207,1208
Partition 1	1209,1210,1231,1232
Partition 2	1228,1229,1230
Partition 3	1213,1217,1216
Partition 4	1212,1157,1158,1159
Partition 5	1224,1225,1156
Partition 6	1128,1218,1219
Partition 7	1226,1227
Partition 8	1155,1126
Partition 9	1201,1204,1130
Partition 10	1203,1205,1206
Partition 11	1171,1094
Partition 12	1085,1132,1125,1086
Partition 13	1135,1133,1136
Partition 14	1172,1173,1179
Partition 15	1178,1180,1181
Partition 16	1152,1153,1154
Partition 17	1123,1131,1137,1138
Partition 18	1124,1150,1151
Partition 19	1190,1191,1192
Partition 20	1122,1174,1175,1169,1170
Partition 21	1161
Partition 22	1090,1134
Partition 23	1187,1233,1234
Partition 24	1162,1200
Partition 25	1195,1092
Partition 26	1196,1198,1193,1194,1197,1199
Partition 27	1146,1147,1144
Partition 28	1142,1139,1140,1143
Partition 29	1166,1165
Partition 30	1116,1117,1163
Partition 31	1188,1164,1189
Partition 32	1182,1183,1184,1185
Partition 33	1176,1177,1127
Partition 34	1105,1087,1106,1107,1108
Partition 35	1099,1088
Partition 36	1096,1112
Partition 37	1121,1119,1120
Partition 38	1118
Partition 39	1089,1114,1115,1091
Partition 40	1214,1215
Partition 41	1097,1098
Partition 42	1103,1095,1111
Partition 43	1101,1220,1222
Partition 44	1102,1104
Partition 45	1160,1167,1168
Partition 46	1202
Partition 47	1129
Partition 48	1148,1149
Partition 49	1145
Partition 50	1100,1221
Partition 51	1141
Partition 52	1223
Partition 53	1093
Partition 54	1186
Partition 55	1211
Partition 56	1113,1109,1110
path	3
T	18
cut	121
Partition 0	1206,1207,1208
Partition 1	1209,1210,1231,1232
Partition 2	1228,1229,1230
Partition 3	1217
Partition 4	1212,1157,1158,1159
Partition 5	1224,1225,1156
Partition 6	1128,1218,1219
Partition 7	1227,1223
Partition 8	1129,1126
Partition 9	1201,1204,1130
Partition 10	1202,1203,1205
Partition 11	1171,1094
Partition 12	1085,1093,1125,1086
Partition 13	1135,1132,1133,1136
Partition 14	1172,1173,1179
Partition 15	1178,1180,1181
Partition 16	1152,1153,1154
Partition 17	1131,1137,1138
Partition 18	1123,1124,1150,1151
Partition 19	1190,1191,1192
Partition 20	1122,1174,1175,1170
Partition 21	1160,1167,1168
Partition 22	1134
Partition 23	1233,1211,1234
Partition 24	1162,1200
Partition 25	1195,1092
Partition 26	1196,1198,1193,1194,1197,1199
Partition 27	1146,1147,1144
Partition 28	1142,1139,1140,1143
Partition 29	1166,1165
Partition 30	1116,1117,1163
Partition 31	1187,1188,1164,1189
Partition 32	1182,1183,1184,1185
Partition 33	1176,1177,1127
Partition 34	1105,1087,1106,1107
Partition 35	1099,1088,1108
Partition 36	1112,1113
Partition 37	1121,1119,1120
Partition 38	1109,1110,1155
Partition 39	1089,1114,1115,1091
Partition 40	1214,1215,1216
Partition 41	1097,1098
Partition 42	1103,1095,1111
Partition 43	1101,1220,1222
Partition 44	1100,1221
Partition 45	1169
Partition 46	1226
Partition 47	1213
Partition 48	1118
Partition 49	1090,1096,1186
Partition 50	1148,1149
Partition 51	1161
Partition 52	1141
Partition 53	1102,1104
Partition 54	1145
path	4
T	18
cut	117
Partition 0	1206,1207,1208
Partition 1	1209,1210,1231,1232
Partition 2	1228,1229,1230
Partition 3	1213,1217
Partition 4	1212,1157,1158,1159
Partition 5	1224,1225,1156
Partition 6	1128,1218,1219
Partition 7	1226,1227
Partition 8	1129,1126,1130
Partition 9	1201,1204
Partition 10	1202,1203,1205
Partition 11	1085,1093,1125,1094,1086
Partition 12	1135,1132,1133,1136
Partition 13	1172,1173,1179
Partition 14	1178,1180,1181
Partition 15	1152,1153,1154
Partition 16	1131,1137,1138
Partition 17	1123,1124,1150,1151
Partition 18	1190,1191,1192
Partition 19	1122,1174,1175,1170
Partition 20	1168,1169
Partition 21	1090,1096,1186
Partition 22	1187,1233,1234
Partition 23	1162,1200
Partition 24	1195,1092
Partition 25	1196,1198,1193,1194,1197,1199
Partition 26	1146,1147,1144
Partition 27	1142,1139,1140,1143
Partition 28	1166,1165
Partition 29	1116,1117,1163
Partition 30	1188,1164,1189
Partition 31	1182,1183,1184,1185
Partition 32	1176,1177,1127
Partition 33	1105,1087,1106,1107
Partition 34	1099,1088,1108
Partition 35	1112,1113
Partition 36	1121,1119,1120
Partition 37	1118
Partition 38	1089,1114,1091
Partition 39	1214,1215,1216
Partition 40	1115,1211
Partition 41	1103,1095,1111
Partition 42	1101,1220,1222
Partition 43	1102,1104
Partition 44	1223
Partition 45	1100,1221
Partition 46	1097,1098
Partition 47	1171
Partition 48	1109,1110,1155
Partition 49	1134
Partition 50	1148
Partition 51	1149
Partition 52	1161
Partition 53	1141
Partition 54	1160
Partition 55	1167
Partition 56	1145
path	5
T	16
cut	120
Partition 0	1206,1207,1208
Partition 1	1209,1210,1231,1232
Partition 2	1228,1229,1230
Partition 3	1213,1217
Partition 4	1212,1157,1158,1159
Partition 5	1224,1225,1156
Partition 6	1128,1218,1219
Partition 7	1227,1223
Partition 8	1155,1126
Partition 9	1201,1204,1130
Partition 10	1202,1203,1205
Partition 11	1171,1094
Partition 12	1085,1093,1086
Partition 13	1135,1132,1133,1136
Partition 14	1172,1173,1179
Partition 15	1178,1180
Partition 16	1152,1153,1154
Partition 17	1131,1137,1138
Partition 18	1123,1124,1150,1151
Partition 19	1190,1191,1192
Partition 20	1122,1174,1175,1169,1170
Partition 21	1160,1167,1168
Partition 22	1090,1096,1134
Partition 23	1187,1233,1234
Partition 24	1199,1162,1200
Partition 25	1195,1092
Partition 26	1196,1198,1194,1197
Partition 27	1146,1147,1144
Partition 28	1142,1139,1140,1143
Partition 29	1166,1165
Partition 30	1116,1117,1163
Partition 31	1188,1164,1189
Partition 32	1182,1183,1184,1185
Partition 33	1176,1177,1127
Partition 34	1105,1087,1106,1107
Partition 35	1099,1088,1108
Partition 36	1112,1113
Partition 37	1121,1119,1120
Partition 38	1118
Partition 39	1089,1114,1091
Partition 40	1214,1215,1216
Partition 41	1115,1211
Partition 42	1103,1095,1111
Partition 43	1101,1220,1222
Partition 44	1100,1145
Partition 45	1129
Partition 46	1097,1098
Partition 47	1226
Partition 48	1186
Partition 49	1125
Partition 50	1181
Partition 51	1193
Partition 52	1161
Partition 53	1148
Partition 54	1149
Partition 55	1141
Partition 56	1109,1110
Partition 57	1102,1104
Partition 58	1221
