cut	33
Partition 0	3574,3575,3551
Partition 1	3521,3529,3561,3530
Partition 2	3552,3550,3553
Partition 3	3525,3563,3523,3564
Partition 4	3549,3547,3548
Partition 5	3580,3579,3577,3578
Partition 6	3570,3571,3572
Partition 7	3524,3569,3576,3573
Partition 8	3526,3532,3533
Partition 9	3562,3565,3567,3566
Partition 10	3541,3542,3543
Partition 11	3545,3546,3544,3540
Partition 12	3520,3558,3557
Partition 13	3556,3568,3559,3560
Partition 14	3531,3527,3528,3522
Partition 15	3536,3537,3535,3534
Partition 16	3555,3538,3554,3539
