path	1
T	30
cut	100
Partition 0	359,371,360
Partition 1	414,415,416
Partition 2	412,418,503,413,417,504
Partition 3	345,370,346,419
Partition 4	422,423,490
Partition 5	420,421,489
Partition 6	361,373,362
Partition 7	402,403,505
Partition 8	406,405,407,506
Partition 9	404,363,372,408,364
Partition 10	411,508
Partition 11	409,410,507
Partition 12	339,374,340
Partition 13	400,401,399,484
Partition 14	396,397,398,483
Partition 15	353,375,354
Partition 16	391,497
Partition 17	394,392,395,393,498
Partition 18	384,385,386,383
Partition 19	388,389
Partition 20	357,376,358
Partition 21	382,499,390,381,500
Partition 22	378,379,380,338
Partition 23	501,387,502
Partition 24	355,377,356
Partition 25	347,443,348
Partition 26	453,454,455
Partition 27	451,491,452,456,492
Partition 28	365,444,366
Partition 29	447,448,509,446
Partition 30	449,450,510
Partition 31	511,425,512
Partition 32	367,369,368
Partition 33	424,426,427,430,428,429
Partition 34	445,437,431,438
Partition 35	433,434,435,436
Partition 36	336,432,337
Partition 37	477,478,479
Partition 38	343,439,344
Partition 39	475,481,487,476,480,482,488
Partition 40	341,440,471,342
Partition 41	474,486
Partition 42	472,473,485
Partition 43	349,442,459,460,350
Partition 44	457,458
Partition 45	461,493,462,494
Partition 46	465,466,467
Partition 47	463,469,495,464,468,470,496
Partition 48	351
Partition 49	441,352
path	2
T	28
cut	91
Partition 0	359,371,360
Partition 1	414,415,416
Partition 2	412,418,503,345,413,417,504
Partition 3	370,426,346
Partition 4	422,423,490
Partition 5	420,421,489,419
Partition 6	361,373,362
Partition 7	402,403,505
Partition 8	406,404,405,407,506
Partition 9	363,372,364
Partition 10	411,508
Partition 11	408,409,410,507
Partition 12	339,374,340
Partition 13	400,401
Partition 14	394,397,398,483,395,399,484
Partition 15	353,375,396,354,389
Partition 16	390,391,497
Partition 17	392,393,498
Partition 18	384,385,386,387
Partition 19	388
Partition 20	357,376,358
Partition 21	382,380,338,381,500
Partition 22	378,379,499
Partition 23	501,383,502
Partition 24	355,377,356
Partition 25	347,443,348
Partition 26	453,454,455
Partition 27	451,491,452,456,492
Partition 28	365,444,366
Partition 29	447,448,509,446
Partition 30	449,450,510
Partition 31	424,511,425,429,512
Partition 32	367,369,368
Partition 33	427,428
Partition 34	437,431,438
Partition 35	430,433,434,445,435,436
Partition 36	336,432,337
Partition 37	343,439,477,478,479,344
Partition 39	475,481,487,476,480,482,488
Partition 40	341,440,342
Partition 41	474,486
Partition 42	471,472,473,485
Partition 43	349,442,459,350
Partition 44	457,493,458,462,494
Partition 45	460,461
Partition 47	463,495,464,468,496
Partition 48	351,441,465,466,467,352
Partition 49	469,470
path	3
T	31
cut	99
Partition 0	359,371,360
Partition 1	414,415,416
Partition 2	418,417,504
Partition 3	503,345,370,346
Partition 4	422,423,490
Partition 5	420,421,489,419
Partition 6	361,373,362
Partition 7	402,403,505
Partition 8	406,405,407,506
Partition 9	404,363,372,364
Partition 10	412,413
Partition 11	408,409,410,507,411,508
Partition 12	339,374,340
Partition 13	400,401,399,484
Partition 14	396,397,398,483
Partition 15	353,375,354
Partition 16	390,391,497,389
Partition 17	394,392,395,393,498
Partition 18	384,385,386
Partition 19	388
Partition 20	357,376,358
Partition 21	382,381,500
Partition 22	378,379,380,499,338
Partition 23	501,383,387,502
Partition 24	355,377,356
Partition 25	347,443,348
Partition 26	453,454,455
Partition 27	451,491,452,456,492
Partition 28	365,444,337,366
Partition 29	445,447,446
Partition 30	448,449,509,450,510
Partition 31	511,425,512
Partition 32	367,369,368
Partition 33	424,426,427,430,428,429
Partition 34	437,431,438
Partition 35	433,434,435,436
Partition 36	336,432
Partition 37	343,439,477,478,479
Partition 38	481,482
Partition 39	475,487,476,480,488
Partition 40	341,440,471,342
Partition 41	344,474,486
Partition 42	472,473,485
Partition 43	349,442,350
Partition 44	457,493,458,462,494
Partition 45	459,460,461
Partition 46	463,351,441,352
Partition 47	495,464,496
Partition 48	465,466
Partition 49	469,467,468,470
path	4
T	26
cut	89
Partition 0	359,371,360
Partition 1	414,415,416
Partition 2	418
Partition 3	345,370,346
Partition 4	422,423,490
Partition 5	420,421,489,419
Partition 6	361,373,362
Partition 7	402,403,505
Partition 8	406,404,405,407,506
Partition 9	363,372,364
Partition 10	412,503,411,413,417,504,508
Partition 11	408,409,410,507
Partition 12	339,374,340
Partition 13	400,401
Partition 14	394,397,398,483,395,399,484
Partition 15	353,375,354,389
Partition 16	390,391,392,497
Partition 17	393,498
Partition 18	384,385,386,387
Partition 19	388,396
Partition 20	357,376,358
Partition 21	379,382,380,499,338,381,500
Partition 23	501,383,502
Partition 24	355,377,378,356
Partition 25	347,443,348
Partition 26	453,454,455
Partition 27	451,491,452,456,492
Partition 28	365,444,366
Partition 29	447,448,509,446
Partition 30	449,450,510
Partition 31	424,511,425,429,512
Partition 32	367,369,368
Partition 33	426,427,428
Partition 34	437,431,438
Partition 35	430,433,434,445,435,436
Partition 36	336,432,337
Partition 37	439,477,478,481,479,344,480
Partition 38	343
Partition 39	487,482,488
Partition 40	341,440,342
Partition 41	475,476
Partition 42	471,472,473,485,474,486
Partition 43	349,442,350
Partition 44	457,460,461,493,458,462,494
Partition 45	459
Partition 46	463,469,467,468,470
Partition 47	495,464,496
Partition 48	351,441,465,466
Partition 49	352
path	5
T	31
cut	98
Partition 0	359,371,360
Partition 1	414,415,416
Partition 2	507,418,503,417,504,508
Partition 3	345,370,346
Partition 4	423,490
Partition 5	420,421,489,419
Partition 6	361,373,362
Partition 7	402,403,505
Partition 8	406,404,405,407,411,506
Partition 9	363,372,364
Partition 10	412,413
Partition 11	408,409,410
Partition 12	339,374,340
Partition 13	400,401
Partition 14	396,397,398,483,399,484
Partition 15	353,375,354
Partition 16	390,391,497,389
Partition 17	394,392,395,393,498
Partition 18	384,385,386,387
Partition 19	388
Partition 20	357,376,358
Partition 21	382,338,381,500
Partition 22	377,378,379,380,499
Partition 23	501,383,502
Partition 24	355,356
Partition 25	347,443,348
Partition 26	453,454,455
Partition 27	451,491,452,456,492
Partition 28	365,444,366
Partition 29	447,448,449,446
Partition 30	509,450,510
Partition 31	424,511,425,429,512
Partition 32	422,367,369,368
Partition 33	426,427,428
Partition 34	437,431,438
Partition 35	430,434,445,435,436
Partition 36	336,432,433,337
Partition 37	343,439,477,478,487,344
Partition 38	482
Partition 39	481,479,480,488
Partition 40	341,440,342
Partition 41	475,476
Partition 42	471,472,473,485,474,486
Partition 43	442,467,350
Partition 44	457,349,458
Partition 45	459,460,461,493,462,494
Partition 46	463
Partition 47	495,464,468,496
Partition 48	351,441,465,466,352
Partition 49	469,470
path	6
T	34
cut	101
Partition 0	359,371,360
Partition 1	414,415,416
Partition 2	412,345,413
Partition 3	370,426,346
Partition 4	422,423,490
Partition 5	420,421,489,419
Partition 6	361,373,362
Partition 7	402,403,505
Partition 8	506
Partition 9	363,372,364
Partition 10	411,508
Partition 11	408,409,410,507
Partition 12	339,374,340
Partition 13	400,401
Partition 14	394,397,398,483,395,399,484
Partition 15	353,375,396,354,389
Partition 16	390,391,497
Partition 17	392,393,498
Partition 18	384,385,386,387
Partition 19	388
Partition 20	357,376,358
Partition 21	382,380,338,381,500
Partition 22	378,379,499
Partition 23	501,383,502
Partition 24	355,377,356
Partition 25	347,443,348
Partition 26	453,454,455
Partition 27	451,491,452,456,492
Partition 28	365,444,366
Partition 29	447,448,509,446
Partition 30	449,450,510
Partition 31	424,511,425,429,512
Partition 32	367,369,368
Partition 33	427,428
Partition 34	437,431,438
Partition 36	336,432,337
Partition 37	343,439,477,478,479,344
Partition 39	475,481,487,476,480,482,488
Partition 40	341,440,342
Partition 41	474,486
Partition 42	471,472,473,485
Partition 43	349,442,459,350
Partition 44	457,493,458,462,494
Partition 45	460,461
Partition 47	463,495,464,468,496
Partition 48	351,441,465,466,467,352
Partition 49	469,470
Partition 50	503,417,504
Partition 51	418
Partition 52	404,405
Partition 53	407
Partition 54	406
Partition 55	445
Partition 56	434,435
Partition 57	430,433
Partition 58	436
