path	1
T	NA
cut	53
Partition 0	3568,3564,3570,3569
Partition 1	3534,3536,3529,3527,3530
Partition 2	3567,3540,3541,3566,3520
Partition 3	3561,3559,3562,3558
Partition 4	3524,3528,3560,3557,3523
Partition 5	3526
Partition 6	3572,3573,3586
Partition 7	3574,3575,3587,3576,3588
Partition 8	3579,3535,3580,3578,3581
Partition 9	3552,3550,3551
Partition 10	3583,3594,3595,3592,3593,3582
Partition 11	3521,3556,3598,3597
Partition 12	3589,3590,3591,3525,3533,3532
Partition 13	3543,3545,3546,3547
Partition 14	3537,3539,3538,3571,3596
Partition 15	3542,3548,3549,3553,3554
Partition 18	3522
Partition 23	3555
Partition 24	3563
Partition 27	3577
Partition 28	3584,3585
Partition 29	3544
Partition 30	3531
Partition 35	3565
path	2
T	NA
cut	49
Partition 0	3568,3564,3570,3569
Partition 1	3534,3536,3529,3527,3530
Partition 2	3567,3540,3541,3566,3520
Partition 3	3561,3559,3562,3558
Partition 4	3524,3560,3557,3523
Partition 5	3584,3585,3526,3531,3544
Partition 6	3572,3573,3586,3565,3577
Partition 7	3574,3575,3587,3576,3588
Partition 8	3579,3535,3580,3578,3583,3581,3582
Partition 9	3552,3550,3551
Partition 10	3594,3595,3592,3596,3593
Partition 11	3521,3556,3598,3597
Partition 12	3589,3590,3591,3525,3563
Partition 13	3533,3543,3545,3546,3547,3532
Partition 14	3537,3539,3555,3538
Partition 15	3542,3548,3549,3553,3554
Partition 20	3571
Partition 21	3522
Partition 22	3528
path	3
T	NA
cut	51
Partition 0	3568,3527,3564,3565,3569
Partition 1	3534,3536,3529,3530
Partition 2	3522,3567,3540,3566
Partition 3	3560,3561,3559,3562
Partition 4	3528,3523
Partition 5	3584,3585,3526,3531,3544,3557,3520
Partition 6	3572,3573,3586
Partition 7	3574,3575,3577,3576
Partition 8	3579,3535,3580,3578,3581,3582
Partition 9	3552,3550,3551
Partition 10	3594,3595,3596,3593
Partition 11	3521,3556,3598,3597
Partition 12	3589,3590,3591,3525,3563
Partition 13	3543,3545,3546
Partition 14	3537,3539,3555,3538
Partition 15	3542,3548,3549,3553,3554,3541
Partition 16	3570,3571
Partition 18	3592
Partition 19	3547
Partition 20	3533,3532
Partition 22	3583
Partition 24	3524
Partition 26	3587,3588
Partition 27	3558
