path	1
T	20
cut	96
Partition 0	2130,2139,2140
Partition 1	2129,2138,2068
Partition 2	2142,2143,2076
Partition 3	2066,2131,2132
Partition 4	2133,2135,2134,2136,2137
Partition 5	2146,2099,2100
Partition 6	2147,2145,2148,2088
Partition 7	2144,2150,2151
Partition 8	2141,2149,2089
Partition 9	2063,2082,2083,2062
Partition 10	2077,2078,2067
Partition 11	2090,2091,2092,2093
Partition 12	2096,2097,2075
Partition 13	2065,2079,2080
Partition 14	2081,2085,2084,2086,2087
Partition 15	2112,2113,2110
Partition 16	2069,2111,2109
Partition 17	2102,2103,2101
Partition 18	2098,2094,2095
Partition 19	2104,2105,2107,2108,2106
Partition 20	2072,2156,2074
Partition 21	2158,2157,2160
Partition 22	2164,2166,2168
Partition 23	2070,2163,2155,2159
Partition 24	2161,2162,2165
Partition 25	2153,2152
Partition 26	2167,2170,2169,2064,2154,2172
Partition 27	2180,2176,2175,2178,2171
Partition 28	2127,2114,2071,2115,2128
Partition 29	2174,2173,2177
Partition 30	2124,2183,2184
Partition 31	2185,2199,2200
Partition 32	2192,2191,2189,2190
Partition 33	2196,2197,2198
Partition 34	2186,2193,2194,2195
Partition 35	2116,2117,2118
Partition 36	2121,2073,2119,2122
Partition 37	2126,2188,2123
Partition 38	2125,2120,2179
Partition 39	2187,2182,2181
path	2
T	20
cut	94
Partition 0	2130,2139,2140
Partition 1	2129,2138,2068
Partition 2	2142,2143,2076
Partition 3	2066,2131,2132
Partition 4	2133,2135,2134,2136,2137
Partition 5	2146,2099,2100
Partition 6	2147,2145,2148,2149
Partition 7	2144,2150,2151
Partition 8	2141,2089
Partition 9	2087,2063,2088,2082,2083,2062
Partition 10	2077,2078,2067
Partition 11	2090,2091,2092,2093
Partition 12	2096,2097,2075
Partition 13	2065,2079,2080
Partition 14	2081,2085,2084,2086
Partition 15	2112,2113,2110
Partition 16	2069,2111,2109
Partition 17	2102,2103,2101
Partition 18	2098,2094,2095
Partition 19	2104,2105,2107,2108,2106
Partition 20	2072,2156,2074
Partition 21	2158,2157,2160
Partition 22	2163,2164,2166
Partition 23	2155,2159
Partition 24	2070,2161,2162,2165
Partition 25	2153,2152
Partition 26	2167,2170,2169,2154,2172
Partition 27	2180,2176,2178
Partition 28	2127,2114,2071,2115,2128,2175
Partition 29	2174,2173,2177
Partition 30	2124,2183,2184
Partition 31	2185,2199,2200
Partition 32	2192,2191,2189,2190
Partition 33	2196,2197,2198
Partition 34	2186,2193,2194,2195
Partition 35	2116,2117,2118
Partition 36	2168,2121,2073,2119,2122,2171
Partition 37	2126,2188,2123
Partition 38	2064,2125,2120,2179
Partition 39	2187,2182,2181
path	3
T	18
cut	94
Partition 0	2130,2139,2140
Partition 1	2129,2138,2068
Partition 2	2142,2143,2076
Partition 3	2066,2131,2132
Partition 4	2133,2135,2134,2136,2137
Partition 5	2146,2099,2100
Partition 6	2147,2145,2148,2088
Partition 7	2144,2150,2151
Partition 8	2141,2149,2089
Partition 9	2063,2082,2083,2062
Partition 10	2077,2078,2067
Partition 11	2090,2091,2092,2093
Partition 12	2096,2097,2075
Partition 13	2065,2079,2080
Partition 14	2081,2085,2084,2086,2087
Partition 15	2112,2113,2110
Partition 16	2069,2111,2109
Partition 17	2102,2103,2101
Partition 18	2098,2094,2095
Partition 19	2104,2105,2107,2108,2106
Partition 20	2072,2156,2074
Partition 21	2158,2157,2160
Partition 22	2164,2166,2168
Partition 23	2163,2155,2159,2153,2152
Partition 24	2070,2161
Partition 26	2162,2165,2167,2170,2169,2154,2172
Partition 27	2176,2175,2178
Partition 28	2127,2114,2071,2115,2128,2173
Partition 29	2120,2174,2179,2177
Partition 30	2124,2183,2184,2182
Partition 31	2185,2199,2200
Partition 32	2192,2191,2189,2190
Partition 33	2196,2197,2198
Partition 34	2186,2193,2194,2195
Partition 35	2116,2117,2118
Partition 36	2121,2073,2119,2122
Partition 37	2126,2188,2123
Partition 38	2064,2125,2171
Partition 39	2187,2180,2181
path	4
T	17
cut	94
Partition 0	2130,2139,2140
Partition 1	2129,2138,2068
Partition 2	2142,2143,2076
Partition 3	2066,2131,2132
Partition 4	2133,2135,2134,2136,2137
Partition 5	2146,2099,2100
Partition 6	2090,2147,2145,2148
Partition 7	2144,2150,2151
Partition 8	2141,2149,2089
Partition 9	2063,2088,2082,2083,2062
Partition 10	2077,2078,2067
Partition 11	2091,2092,2093
Partition 12	2096,2097,2075
Partition 13	2065,2079,2080
Partition 14	2081,2085,2084,2086,2087
Partition 15	2112,2113,2110
Partition 16	2069,2111,2109
Partition 17	2102,2103,2101
Partition 18	2098,2094,2095
Partition 19	2104,2105,2107,2108,2106
Partition 20	2072,2156,2074
Partition 21	2158,2157,2160
Partition 22	2163,2164,2166
Partition 23	2155,2159
Partition 24	2070,2161,2162,2165
Partition 25	2168,2153,2152
Partition 26	2167,2170,2169,2154,2172
Partition 27	2176,2175,2178,2171
Partition 28	2127,2114,2071,2115,2128
Partition 29	2174,2173,2177
Partition 30	2124,2183,2184,2182
Partition 31	2185,2199,2200
Partition 32	2192,2191,2189,2190
Partition 33	2196,2197,2198
Partition 34	2186,2193,2194,2195
Partition 35	2116,2117,2118
Partition 36	2121,2073,2119,2122
Partition 37	2126,2188,2123
Partition 38	2064,2125,2120,2179
Partition 39	2187,2180,2181
path	5
T	17
cut	94
Partition 0	2130,2139,2140
Partition 1	2129,2138,2068
Partition 2	2142,2143,2076
Partition 3	2066,2131,2132
Partition 4	2133,2135,2134,2136,2137
Partition 5	2146,2099,2100
Partition 6	2147,2145,2148
Partition 7	2144,2150,2151
Partition 8	2141,2149,2089
Partition 9	2063,2088,2082,2083,2062
Partition 10	2077,2078,2067
Partition 11	2090,2091,2092,2093
Partition 12	2096,2097,2075
Partition 13	2065,2079,2080
Partition 14	2081,2085,2084,2086,2087
Partition 15	2112,2113,2110
Partition 16	2069,2111,2109
Partition 17	2102,2103,2101
Partition 18	2098,2094,2095
Partition 19	2104,2105,2107,2108,2106
Partition 20	2072,2156,2155,2159,2074
Partition 21	2158,2157
Partition 22	2164
Partition 23	2160
Partition 24	2070,2161,2162,2165
Partition 25	2163,2166,2170,2168,2153,2154,2152
Partition 26	2169,2172
Partition 27	2167,2176,2175,2178,2171
Partition 28	2127,2114,2071,2115,2128
Partition 29	2174,2173,2177
Partition 30	2124,2183,2184,2182
Partition 31	2185,2199,2200
Partition 32	2192,2191,2189,2190
Partition 33	2196,2197,2198
Partition 34	2186,2193,2194,2195
Partition 35	2116,2117,2118
Partition 36	2121,2073,2119,2122
Partition 37	2126,2188,2123
Partition 38	2064,2125,2120,2179
Partition 39	2187,2180,2181
path	6
T	23
cut	93
Partition 0	2130,2139,2140
Partition 1	2129,2138,2068
Partition 2	2142,2143,2076
Partition 3	2066,2131,2132
Partition 4	2133,2135,2134,2136,2137
Partition 5	2146,2099,2100
Partition 6	2147,2145,2148
Partition 7	2144,2150,2151
Partition 8	2141,2149,2089
Partition 9	2087,2063,2088,2082,2083,2062
Partition 10	2077,2078,2067
Partition 11	2090,2091,2092,2093
Partition 12	2096,2097,2075
Partition 13	2065,2079,2080
Partition 14	2081,2085,2084,2086
Partition 15	2112,2113,2114,2110
Partition 16	2069,2111,2109
Partition 17	2102,2103,2101
Partition 18	2098,2094,2095
Partition 19	2104,2105,2107,2108,2106
Partition 20	2072,2156,2074
Partition 21	2158,2157,2160
Partition 22	2163,2164,2166,2168
Partition 23	2155,2159
Partition 24	2070,2161,2162,2165
Partition 25	2153,2152
Partition 26	2167,2170,2169,2154,2172
Partition 27	2180,2176,2175,2178,2171
Partition 28	2127,2071,2115,2128
Partition 29	2174,2173,2177
Partition 30	2124,2183,2184
Partition 31	2185,2199,2200
Partition 32	2192,2191,2189,2190
Partition 33	2196,2197,2198
Partition 34	2186,2193,2194,2195
Partition 35	2116,2117,2118
Partition 36	2121,2073,2119,2122
Partition 37	2126,2188,2123
Partition 38	2064,2125,2120,2179
Partition 39	2187,2182,2181
path	7
T	17
cut	96
Partition 0	2130,2139,2140
Partition 1	2129,2138,2068
Partition 2	2142,2143,2076
Partition 3	2066,2131,2132
Partition 4	2133,2135,2134,2136,2137
Partition 5	2146,2099,2100
Partition 6	2147,2145,2148,2088
Partition 7	2144,2150,2151
Partition 8	2141,2149,2089
Partition 9	2063,2082,2083,2062
Partition 10	2077,2078,2067
Partition 11	2090,2091,2092,2093
Partition 12	2096,2097,2075
Partition 13	2065,2079,2080
Partition 14	2081,2085,2084,2086,2087
Partition 15	2112,2113,2110
Partition 16	2069,2111,2109
Partition 17	2102,2103,2101
Partition 18	2098,2094,2095
Partition 19	2104,2105,2107,2108,2106
Partition 20	2070,2072,2156,2074
Partition 21	2158,2157,2160
Partition 22	2163,2164,2166
Partition 23	2155,2159
Partition 24	2161,2162,2165
Partition 25	2153,2152
Partition 26	2167,2170,2169,2154,2172
Partition 27	2168,2176,2175,2178,2171
Partition 28	2127,2114,2071,2115,2128
Partition 29	2174,2173,2177
Partition 30	2124,2183,2184,2182
Partition 31	2185,2199,2200
Partition 32	2192,2191,2189,2190
Partition 33	2196,2197,2198
Partition 34	2186,2193,2194,2195
Partition 35	2116,2117,2118
Partition 36	2121,2073,2119,2122
Partition 37	2126,2188,2123
Partition 38	2064,2125,2120,2179
Partition 39	2187,2180,2181
path	8
T	21
cut	95
Partition 0	2130,2139,2140
Partition 1	2129,2138,2068
Partition 2	2142,2143,2076
Partition 3	2066,2131,2132
Partition 4	2133,2135,2134,2136,2137
Partition 5	2146,2099,2100
Partition 6	2147,2145,2148
Partition 7	2144,2150,2151
Partition 8	2141,2149,2089
Partition 9	2087,2063,2088,2082,2083,2062
Partition 10	2077,2078,2067
Partition 11	2090,2091,2092,2093
Partition 12	2096,2097,2075
Partition 13	2065,2079,2080
Partition 14	2081,2085,2084,2086
Partition 15	2112,2113,2110
Partition 16	2069,2111,2109
Partition 17	2102,2103,2101
Partition 18	2098,2094,2095
Partition 19	2104,2105,2107,2108,2106
Partition 20	2070,2072,2156,2074
Partition 21	2158,2157,2160
Partition 22	2164,2166,2168
Partition 23	2163,2155,2159
Partition 24	2161,2162,2165
Partition 25	2153,2152
Partition 26	2167,2170,2169,2174,2154,2172
Partition 27	2176,2175,2178,2171
Partition 28	2127,2114,2071,2115,2128
Partition 29	2064,2173,2177
Partition 30	2124,2183,2184,2182
Partition 31	2185,2199,2200
Partition 32	2192,2191,2189,2190
Partition 33	2196,2197,2198
Partition 34	2186,2193,2194,2195
Partition 35	2116,2117,2118
Partition 36	2121,2073,2119,2122
Partition 37	2126,2188,2123
Partition 38	2125,2120,2179
Partition 39	2187,2180,2181
path	9
T	17
cut	96
Partition 0	2130,2139,2140
Partition 1	2129,2138,2068
Partition 2	2142,2143,2076
Partition 3	2066,2131,2132
Partition 4	2133,2135,2134,2136,2137
Partition 5	2146,2099,2100
Partition 6	2147,2145,2148,2088
Partition 7	2144,2150,2151
Partition 8	2141,2149,2089
Partition 9	2063,2082,2083,2062
Partition 10	2077,2078,2067
Partition 11	2090,2091,2092,2093
Partition 12	2096,2097,2075
Partition 13	2065,2079,2080
Partition 14	2081,2085,2084,2086,2087
Partition 15	2112,2113,2110
Partition 16	2069,2111,2109
Partition 17	2102,2103,2101
Partition 18	2098,2094,2095
Partition 19	2104,2105,2107,2108,2106
Partition 20	2072,2156,2074
Partition 21	2158,2157,2160
Partition 22	2164,2166,2168
Partition 23	2155,2159
Partition 24	2070,2161,2162,2165
Partition 25	2163,2170,2153,2152
Partition 26	2167,2169,2154,2172
Partition 27	2176,2175,2178,2171
Partition 28	2127,2114,2071,2115,2128
Partition 29	2174,2173,2177
Partition 30	2124,2183,2184,2182
Partition 31	2185,2199,2200
Partition 32	2192,2191,2189,2190
Partition 33	2196,2197,2198
Partition 34	2186,2193,2194,2195
Partition 35	2116,2117,2118
Partition 36	2121,2073,2119,2122
Partition 37	2126,2188,2123
Partition 38	2064,2125,2120,2179
Partition 39	2187,2180,2181
path	10
T	19
cut	94
Partition 0	2130,2139,2140
Partition 1	2129,2138,2068
Partition 2	2142,2143,2076
Partition 3	2066,2131,2132
Partition 4	2133,2135,2134,2136,2137
Partition 5	2146,2099,2100
Partition 6	2147,2145,2148,2088
Partition 7	2144,2150,2151
Partition 8	2141,2149,2089
Partition 9	2063,2082,2083,2062
Partition 10	2077,2078,2067
Partition 11	2090,2091,2092,2093
Partition 12	2096,2097,2075
Partition 13	2065,2079,2080
Partition 14	2081,2085,2084,2086,2087
Partition 15	2112,2113,2114,2071,2115,2110
Partition 16	2069,2111,2109
Partition 17	2102,2103,2101
Partition 18	2098,2094,2095
Partition 19	2104,2105,2107,2108,2106
Partition 20	2072,2156,2074
Partition 21	2158,2157,2160
Partition 22	2164,2166,2168
Partition 23	2070,2163,2155,2159
Partition 24	2161,2162,2165
Partition 25	2153,2152
Partition 26	2167,2170,2169,2154,2172
Partition 27	2180,2128,2176,2173,2175,2178,2171
Partition 28	2127
Partition 29	2174,2177
Partition 30	2124,2183,2184
Partition 31	2185,2199,2200,2186
Partition 32	2192,2189,2190
Partition 33	2196,2197,2198
Partition 34	2191,2193,2194,2195
Partition 35	2116,2117,2118
Partition 36	2121,2073,2119,2122
Partition 37	2126,2188,2123
Partition 38	2064,2125,2120,2179
Partition 39	2187,2182,2181
path	11
T	19
cut	98
Partition 0	2130,2139,2140
Partition 1	2129,2138,2068
Partition 2	2142,2143,2076
Partition 3	2066,2131,2132
Partition 4	2133,2135,2134,2136,2137
Partition 5	2146,2099,2100
Partition 6	2147,2145,2148,2088
Partition 7	2144,2150,2151
Partition 8	2141,2149,2089
Partition 9	2063,2082,2083,2062
Partition 10	2077,2078,2067
Partition 11	2090,2091,2092,2093
Partition 12	2096,2097,2075
Partition 13	2065,2079,2080
Partition 14	2081,2085,2084,2086,2087
Partition 15	2112,2113,2114,2071,2115,2110
Partition 16	2069,2111,2109
Partition 17	2102,2103,2101
Partition 18	2098,2094,2095
Partition 19	2104,2105,2107,2108,2106
Partition 20	2072,2156,2074
Partition 21	2158,2157,2160
Partition 22	2164,2166,2168
Partition 23	2070,2163,2155,2159
Partition 24	2161,2162,2165
Partition 25	2153,2152
Partition 26	2167,2169,2154
Partition 27	2180,2175,2178
Partition 28	2127
Partition 29	2174,2177
Partition 30	2124,2183,2184
Partition 31	2185,2199,2200,2186
Partition 32	2192,2189,2190
Partition 33	2196,2197,2198
Partition 34	2191,2193,2194,2195
Partition 35	2116,2117,2118
Partition 36	2121,2073,2119,2122
Partition 37	2126,2188,2123
Partition 38	2064,2125,2120,2179
Partition 39	2187,2182,2181
Partition 40	2170,2172
Partition 41	2128,2173
Partition 42	2176,2171
