path	1
T	4
cut	10
Partition 0	814,798,807,799
Partition 1	808,805,806
Partition 2	812,813,817,816
Partition 3	821,810,820,809,819,818
Partition 4	802,797,811,796,801,803
Partition 5	800,804,815
path	2
T	4
cut	11
Partition 0	816,817,815,818,814,798
Partition 1	807,808,809,819
Partition 2	805,806,812,813
Partition 3	821,810,820
Partition 4	802,797,811,796
Partition 5	801,803,800,804,799
path	3
T	3
cut	10
Partition 0	816,817,818
Partition 1	798,814,815
Partition 2	805,806,812,813
Partition 3	821,810,820,809,819
Partition 4	802,797,811,796
Partition 5	801,803,800,804,808,799,807
path	4
T	4
cut	10
Partition 0	816,817,815,818
Partition 1	799,807,798,814,808,801
Partition 2	805,806,812,813
Partition 3	821,810,820,809,819
Partition 4	802,797,811,796
Partition 5	803,800,804
path	5
T	3
cut	11
Partition 0	816,817,815,818
Partition 1	799,807,798,814
Partition 2	805,806,808,812,813,819
Partition 3	821,810,820,809
Partition 4	802,797,811,796
Partition 5	801,803,800,804
path	6
T	4
cut	10
Partition 0	816,817,815,818
Partition 1	799,807,798,814,808,801
Partition 2	805,806,812,813
Partition 3	821,810,820,809,819
Partition 4	802,797,811,796
Partition 5	803,800,804
path	7
T	3
cut	10
Partition 0	806,805,800
Partition 1	814,815,816
Partition 2	812,813,819,818,817
Partition 3	821,810,820,809,808
Partition 4	802,797,811,796,804,803,801
Partition 5	799,807,798
path	8
T	4
cut	12
Partition 0	816,817,815,820,814
Partition 1	799,807,798
Partition 2	805,806,818
Partition 3	821,810,809,808
Partition 4	802,797,811,796,812,813
Partition 5	801,803,800,804,819
path	9
T	3
cut	11
Partition 0	816,817,815,818
Partition 1	799,807,798,814
Partition 2	805,806,808,812,813,819
Partition 3	821,810,820,809
Partition 4	802,797,811,796
Partition 5	801,803,800,804
path	10
T	4
cut	11
Partition 0	816,815,814,798
Partition 1	807,808,805,800
Partition 2	806,812,813,817
Partition 3	821,820,819,804
Partition 4	802,797,811,796,803,801,799
Partition 5	809,810,818
