path	1
T	7
cut	20
Partition 0	7524,7525,7526
Partition 1	7518,7531,7532
Partition 2	7527,7528,7529
Partition 3	7492,7514,7493
Partition 4	7515,7516,7517
Partition 5	7496,7512,7513,7511
Partition 6	7494,7505
Partition 7	7530
Partition 8	7490
Partition 9	7520,7521,7522,7523
Partition 10	7506,7507,7509,7510,7519
Partition 11	7497,7508,7495
Partition 12	7500,7501,7502
Partition 13	7503,7504
Partition 14	7498,7499,7491
path	2
T	8
cut	20
Partition 0	7524,7525,7526
Partition 1	7530,7531,7532
Partition 2	7527,7528,7529
Partition 3	7492,7514,7493
Partition 4	7515,7516
Partition 5	7496,7512,7513
Partition 6	7518,7517
Partition 7	7494,7505
Partition 8	7507,7509,7510,7519,7511
Partition 9	7521,7522,7523
Partition 10	7490,7506,7520
Partition 11	7497,7508,7495
Partition 12	7500,7501,7502
Partition 13	7503,7504
Partition 14	7498,7499,7491
path	3
T	4
cut	18
Partition 0	7524,7525,7526
Partition 1	7530,7531,7532
Partition 2	7527,7528,7529
Partition 3	7492,7514,7493
Partition 4	7505,7518,7517
Partition 5	7515,7496,7512,7513,7516
Partition 6	7507,7510,7511
Partition 9	7521,7522,7523
Partition 10	7490,7506,7520
Partition 11	7497,7508,7509,7495
Partition 12	7500,7501,7502,7503,7504
Partition 13	7494,7519
Partition 14	7498,7499,7491
path	4
T	7
cut	19
Partition 0	7524,7525,7526
Partition 1	7530,7531,7532
Partition 2	7527,7528,7529
Partition 3	7492,7514,7493
Partition 4	7515,7513,7516,7518,7517
Partition 5	7509,7510,7519,7511
Partition 6	7494,7505
Partition 7	7496,7512
Partition 9	7521,7522,7523
Partition 10	7490,7506,7520,7507
Partition 11	7497,7508,7495
Partition 12	7500,7501,7502
Partition 13	7503,7504
Partition 14	7498,7499,7491
path	5
T	7
cut	20
Partition 0	7524,7525,7526
Partition 1	7518,7531,7532
Partition 2	7527,7528,7529
Partition 3	7492,7514,7493
Partition 4	7515
Partition 5	7496,7512,7513,7511
Partition 6	7516,7517
Partition 7	7494,7505
Partition 8	7507,7509,7510,7519,7530
Partition 9	7521,7522,7523
Partition 10	7490,7506,7520
Partition 11	7497,7508,7495
Partition 12	7500,7501,7502
Partition 13	7503,7504
Partition 14	7498,7499,7491
