cut	61
Partition 0	3594,3593
Partition 1	3568,3564
Partition 2	3591,3563,3592
Partition 3	3569,3570
Partition 4	3576,3575,3520
Partition 5	3599,3598,3597
Partition 6	3585,3595,3596
Partition 7	3536,3537
Partition 8	3538,3541,3548
Partition 9	3561,3562,3527
Partition 10	3522,3540,3555
Partition 11	3549,3550
Partition 12	3553,3552,3551
Partition 13	3532,3530,3533
Partition 14	3528,3534,3535
Partition 15	3579,3584,3578
Partition 16	3543,3544
Partition 17	3547,3546
Partition 18	3526,3529,3581
Partition 19	3566,3567
Partition 20	3525,3565,3590
Partition 21	3580,3583,3582
Partition 22	3558,3559
Partition 23	3586,3531,3524
Partition 24	3521,3560,3587
Partition 25	3589,3577,3588
Partition 26	3523,3539
Partition 27	3554,3556,3557
Partition 28	3572,3573,3574
Partition 29	3542,3545,3571
