path	1
T	NA
cut	72
Partition 0	3563,3565
Partition 1	3567,3568,3566,3569,3570
Partition 2	3538,3539,3540,3548
Partition 3	3572,3573,3571,3551
Partition 4	3529,3531,3530,3549,3550,3528,3532
Partition 5	3581,3578,3579,3580
Partition 6	3605
Partition 7	3536,3537
Partition 8	3545,3546,3547,3586,3587,3544
Partition 9	3541,3542,3543,3562,3561,3592
Partition 10	3535,3559,3560,3582,3583,3523
Partition 11	3596,3597,3527,3522
Partition 12	3594,3593,3595,3600,3598,3599
Partition 13	3555,3556,3564,3591
Partition 14	3575,3576,3577,3553
Partition 15	3524,3552,3557,3558
Partition 16	3585,3589,3590,3588
Partition 17	3574,3621,3619,3620
Partition 18	3602,3617,3616,3601
Partition 19	3520,3610,3611,3612
Partition 20	3604,3607,3606
Partition 21	3614,3613
Partition 24	3584
Partition 27	3615,3609
Partition 28	3521
Partition 30	3618
Partition 33	3525
Partition 34	3608
Partition 35	3534
Partition 36	3533
Partition 38	3603
Partition 41	3526
Partition 42	3554
path	2
T	NA
cut	74
Partition 0	3563,3565,3566
Partition 1	3567,3568,3569,3570
Partition 2	3538,3539,3540,3548
Partition 3	3572,3573,3571,3551
Partition 4	3531,3530,3550,3532
Partition 5	3581,3578,3579,3580
Partition 6	3554
Partition 7	3536,3537
Partition 8	3545,3546,3547,3542,3543,3587,3544
Partition 9	3541,3562,3561
Partition 10	3535,3560,3582,3583,3523
Partition 11	3521,3596,3597
Partition 12	3594,3593,3595,3600,3598,3601,3599
Partition 13	3556,3591
Partition 14	3575,3576,3577,3553
Partition 15	3524,3552,3557,3609,3608
Partition 16	3585,3589,3590,3588
Partition 17	3574,3621,3619,3620
Partition 18	3602,3617,3616,3618
Partition 19	3610,3611,3527,3522
Partition 20	3604,3607,3606
Partition 21	3612,3614,3615,3613
Partition 22	3520
Partition 23	3605,3526,3586
Partition 24	3529,3528
Partition 27	3549
Partition 28	3525
Partition 29	3564,3558
Partition 33	3584
Partition 36	3555
Partition 38	3534
Partition 40	3533
Partition 41	3559
Partition 44	3603
Partition 45	3592
path	3
T	NA
cut	72
Partition 0	3563,3565,3566
Partition 1	3529,3567,3568
Partition 2	3538,3539,3540
Partition 3	3572,3573,3571,3551
Partition 4	3531,3530,3549,3550,3532
Partition 5	3581,3578,3579,3580
Partition 6	3605,3526,3554,3586
Partition 7	3536,3537
Partition 8	3545,3546,3547,3543,3587,3544
Partition 9	3541,3562,3561
Partition 10	3535,3559,3560,3582,3583,3523
Partition 11	3596,3597,3527,3528
Partition 12	3594,3593,3595,3600,3598,3599
Partition 13	3556,3564,3591
Partition 14	3575,3576,3577,3553
Partition 15	3524,3552,3557
Partition 16	3585,3589,3590,3588
Partition 17	3574,3621,3619,3620
Partition 18	3602,3617,3616,3618,3601
Partition 19	3610,3611,3612,3522
Partition 20	3603,3604,3607,3606
Partition 21	3614,3615,3609,3613,3608
Partition 22	3584
Partition 25	3558
Partition 26	3520
Partition 28	3521
Partition 29	3569,3570
Partition 33	3555
Partition 34	3534
Partition 36	3548
Partition 37	3533
Partition 39	3542,3592
Partition 41	3525
