path	1
T	10
cut	40
Partition 0	3552,3553,3550
Partition 1	3547,3549,3548
Partition 2	3526,3542,3543
Partition 3	3551,3537,3577
Partition 4	3536,3538
Partition 5	3544,3545
Partition 6	3527,3528,3534,3535
Partition 7	3554,3565,3564
Partition 8	3546,3584,3585
Partition 9	3581,3566,3582,3583
Partition 11	3532,3533,3522,3540,3541,3524
Partition 12	3560,3561,3562,3559
Partition 14	3571,3525,3529,3530
Partition 15	3557,3558,3555,3563
Partition 16	3575,3576,3578
Partition 17	3574
Partition 18	3573,3580,3579
Partition 19	3556,3523,3570
Partition 20	3531,3539,3568,3520
Partition 23	3569
Partition 25	3572
Partition 27	3567,3521
path	2
T	14
cut	42
Partition 0	3552,3553,3550
Partition 1	3547,3549,3548
Partition 2	3526,3542,3543
Partition 3	3551,3537,3577
Partition 4	3536,3538,3539
Partition 5	3544,3545
Partition 6	3527,3528,3534,3535
Partition 7	3554,3565,3564
Partition 8	3546,3584,3585
Partition 9	3581,3566,3582,3583
Partition 10	3533,3529,3530
Partition 11	3531,3532
Partition 12	3560,3561,3562
Partition 13	3540,3541
Partition 14	3571,3572,3525,3559
Partition 15	3558,3563
Partition 16	3575,3576,3578
Partition 17	3567,3521
Partition 18	3573,3580,3520,3579
Partition 19	3556,3523,3570
Partition 20	3569,3524,3568
Partition 21	3522
Partition 22	3574
Partition 24	3557,3555
path	3
T	10
cut	39
Partition 0	3552,3553,3550
Partition 1	3547,3549,3548
Partition 2	3526,3542,3543
Partition 3	3551,3537,3559,3577,3524
Partition 4	3536,3538,3539
Partition 5	3544,3545
Partition 6	3527,3528,3534,3535
Partition 7	3554,3565,3564
Partition 8	3546,3584,3585
Partition 9	3566,3582,3583
Partition 10	3533,3525,3529,3530
Partition 11	3531,3532,3522
Partition 12	3560,3561,3562
Partition 13	3540,3541
Partition 15	3557,3558,3555,3563
Partition 16	3574,3575,3576,3578
Partition 17	3567,3521
Partition 18	3573,3571,3572,3523,3570
Partition 20	3569,3568
Partition 22	3580,3581,3520,3579
Partition 24	3556
path	4
T	10
cut	40
Partition 0	3552,3553,3550
Partition 1	3547,3556,3549,3548,3523
Partition 2	3526,3542,3543
Partition 4	3536,3538,3539
Partition 5	3544,3545
Partition 6	3527,3528,3534,3535
Partition 7	3554,3565,3564
Partition 8	3546,3584,3585
Partition 9	3581,3566,3582,3583
Partition 10	3533,3571,3525,3529,3530
Partition 11	3531,3532,3522
Partition 12	3560,3561,3562
Partition 13	3551,3537,3577
Partition 14	3541
Partition 15	3557,3558,3555,3563
Partition 16	3576,3578
Partition 17	3567,3521
Partition 18	3573,3580,3572,3579
Partition 19	3569,3570
Partition 20	3540,3574,3575,3559,3524,3568
Partition 21	3520
path	5
T	9
cut	42
Partition 0	3552,3553,3550
Partition 1	3547,3549,3548
Partition 2	3526,3542,3543
Partition 3	3551,3537,3577
Partition 4	3536,3538
Partition 5	3544,3545
Partition 6	3527,3528,3534,3535
Partition 7	3554,3565,3564
Partition 8	3546,3584,3585
Partition 9	3581,3566,3582,3583
Partition 10	3533,3529,3530
Partition 11	3531,3532,3539,3520
Partition 12	3560,3561,3562
Partition 13	3540,3541
Partition 14	3571,3525,3559,3524
Partition 15	3557,3558,3555,3563
Partition 16	3575,3576,3578
Partition 17	3567,3521
Partition 18	3573,3580,3579
Partition 19	3556,3523,3570
Partition 20	3569,3568
Partition 23	3574
Partition 24	3522
Partition 25	3572
path	6
T	12
cut	41
Partition 0	3552,3553,3550
Partition 1	3547,3549,3548
Partition 2	3526,3542,3543
Partition 3	3551,3537,3577
Partition 4	3536,3538
Partition 5	3544,3545
Partition 6	3527,3528,3534,3535
Partition 7	3554,3565,3564
Partition 8	3546,3584,3585
Partition 9	3581,3566,3582,3583
Partition 11	3531,3532,3533
Partition 12	3560,3561,3562,3559
Partition 14	3571,3572,3541,3525,3529,3530
Partition 15	3557,3558,3555,3563
Partition 16	3575,3576,3578
Partition 17	3574
Partition 18	3573,3580,3579
Partition 19	3556,3523,3570
Partition 20	3539,3524,3568,3520
Partition 23	3569
Partition 27	3567,3521
Partition 32	3522
Partition 36	3540
path	7
T	12
cut	42
Partition 0	3552,3553,3550
Partition 1	3547,3549,3548
Partition 2	3526,3542,3543
Partition 3	3551,3537,3577
Partition 4	3536,3538,3539
Partition 5	3544,3545
Partition 6	3527,3528,3534,3535
Partition 7	3554,3565,3564
Partition 8	3546,3584,3585
Partition 9	3581,3566,3582,3583
Partition 10	3571,3572,3525,3529,3530
Partition 11	3531,3532
Partition 13	3540,3541
Partition 14	3533
Partition 15	3558,3560,3561,3562,3559,3524,3563
Partition 16	3575,3576,3578
Partition 17	3567,3521
Partition 18	3573,3580,3579
Partition 19	3556,3523,3570
Partition 20	3569,3568
Partition 21	3522
Partition 22	3574
Partition 24	3557,3555
Partition 26	3520
path	8
T	12
cut	42
Partition 0	3552,3553,3550
Partition 1	3549,3548,3523
Partition 2	3526,3542,3543
Partition 3	3551,3537,3559,3577,3524
Partition 4	3536,3538,3539
Partition 5	3544,3545
Partition 6	3527,3528,3534,3535
Partition 7	3554,3565,3564
Partition 8	3546,3584,3585
Partition 9	3566,3582,3583
Partition 10	3533,3529,3530
Partition 11	3531,3532,3522
Partition 12	3560,3561,3562
Partition 13	3540,3541
Partition 15	3557,3558,3555,3563
Partition 16	3574,3575,3576,3578
Partition 17	3567,3521
Partition 18	3571,3572,3525,3570
Partition 20	3569,3568
Partition 22	3580,3581,3579
Partition 24	3556
Partition 28	3520
Partition 30	3547
Partition 31	3573
path	9
T	9
cut	42
Partition 0	3552,3553,3550
Partition 1	3547,3556,3549,3548,3523
Partition 2	3526,3542,3543
Partition 4	3536,3538,3539
Partition 5	3544,3545
Partition 6	3527,3528,3534,3535
Partition 7	3554,3565,3564
Partition 8	3546,3584,3585
Partition 9	3581,3566,3582,3583
Partition 10	3533,3529,3530
Partition 11	3531,3532,3522
Partition 12	3560,3561,3562
Partition 13	3551,3537,3577
Partition 14	3541
Partition 15	3557,3558,3555,3563
Partition 16	3576,3578
Partition 17	3525,3567,3521
Partition 18	3573,3580,3579
Partition 19	3572,3570
Partition 20	3540,3574,3575,3559,3524,3568
Partition 21	3520
Partition 22	3569
Partition 25	3571
path	10
T	8
cut	41
Partition 0	3552,3553,3550
Partition 1	3526,3547,3549,3548
Partition 2	3536,3538,3539
Partition 3	3551,3537,3577
Partition 5	3542,3543,3544
Partition 6	3527,3528,3534,3533,3535,3545
Partition 7	3554,3565,3564
Partition 8	3546,3584,3585
Partition 9	3581,3566,3582,3583
Partition 10	3571,3572,3525,3529,3530
Partition 11	3531,3520
Partition 12	3560,3561,3562,3559
Partition 13	3540
Partition 14	3524
Partition 15	3557,3558,3555,3563
Partition 16	3575,3576,3578
Partition 17	3567,3521
Partition 18	3573,3580,3579
Partition 19	3556,3523,3570
Partition 20	3569,3568
Partition 23	3574
Partition 24	3532,3522
Partition 25	3541
path	11
T	10
cut	42
Partition 0	3552,3553,3550
Partition 1	3547,3549,3548
Partition 2	3526,3542
Partition 3	3551,3537,3577
Partition 4	3543,3538,3539
Partition 5	3544,3545
Partition 6	3527,3528,3534,3535
Partition 7	3554,3565,3564
Partition 8	3546,3584,3585
Partition 9	3581,3566,3582,3583
Partition 10	3532,3533,3529,3530
Partition 11	3531,3520
Partition 12	3560,3561,3562,3559
Partition 13	3540,3541
Partition 14	3524
Partition 15	3557,3558,3555,3563
Partition 16	3575,3576,3578
Partition 17	3567,3521
Partition 18	3573,3580,3579
Partition 19	3556,3523,3570
Partition 20	3569,3568
Partition 23	3574
Partition 24	3522,3536
Partition 25	3571,3572,3525
