cut	60
Partition 0	3552,3551,3549,3550
Partition 1	3601,3547,3602
Partition 2	3595,3526,3594,3574
Partition 3	3623,3622,3546,3621
Partition 4	3559,3521,3560,3561
Partition 5	3620,3553,3570,3571,3619
Partition 6	3596,3605,3604,3603
Partition 7	3610,3611,3598,3599
Partition 8	3593,3525,3609,3608
Partition 9	3558,3524,3537,3557
Partition 10	3607,3618,3606,3617
Partition 11	3612,3613,3614,3615,3616
Partition 12	3588,3592,3591,3590
Partition 13	3522,3527,3530,3600
Partition 14	3540,3531,3539,3538,3565
Partition 15	3566,3569,3567,3568
Partition 16	3573,3575,3576,3577,3589
Partition 17	3555,3563,3572,3556,3562
Partition 18	3528,3529,3545
Partition 19	3536,3541,3543,3542
Partition 20	3535,3597,3520,3544
Partition 21	3532,3533,3564,3548
Partition 22	3580,3581,3578,3579
Partition 23	3534,3554,3523,3584,3583
Partition 24	3582,3585,3586,3587
