path	1
T	6
cut	24
Partition 0	1706
Partition 1	1705,1682
Partition 2	1703,1704
Partition 3	1670,1686,1699,1700
Partition 4	1689,1697,1698,1664
Partition 5	1709,1712,1711
Partition 6	1687,1688,1701,1708,1707
Partition 7	1683,1684
Partition 8	1696,1695
Partition 9	1674,1677,1663,1675,1676
Partition 10	1662,1692,1693,1694
Partition 11	1668,1671,1672,1691,1667
Partition 12	1678,1680,1685,1710,1679
Partition 13	1681
Partition 14	1673
Partition 15	1669,1690,1665
Partition 16	1666,1702
path	2
T	6
cut	23
Partition 0	1706,1707
Partition 1	1705,1682
Partition 2	1703,1704
Partition 3	1686,1699,1700
Partition 4	1689,1697,1698,1664
Partition 5	1709,1712,1711
Partition 6	1687,1688,1701,1708
Partition 7	1696,1683,1684,1685,1710
Partition 8	1694,1695
Partition 9	1674,1677,1663,1675,1676
Partition 10	1662,1692,1693
Partition 11	1668,1671,1672,1691,1667
Partition 12	1678,1680,1679
Partition 13	1681
Partition 14	1669,1670,1673,1690,1665
Partition 15	1666,1702
path	3
T	7
cut	25
Partition 0	1706,1707
Partition 1	1704,1705,1682
Partition 3	1686,1699,1700
Partition 4	1666,1689,1697,1698,1664
Partition 5	1709,1712,1711
Partition 6	1687,1688,1701,1708
Partition 7	1691,1683,1684,1667,1681
Partition 8	1696,1695
Partition 9	1674,1677,1663,1675,1676
Partition 10	1662,1692,1693,1694
Partition 11	1668,1671,1672
Partition 12	1678,1680,1679
Partition 13	1710
Partition 14	1673
Partition 15	1685
Partition 16	1703
Partition 18	1669,1670,1690,1665
Partition 19	1702
path	4
T	5
cut	22
Partition 0	1676,1666,1702
Partition 1	1706,1707
Partition 2	1703,1704,1705,1682
Partition 3	1686,1699,1700
Partition 4	1689,1697,1698,1664
Partition 5	1709,1712,1711
Partition 6	1687,1688,1701,1708
Partition 7	1691,1683,1684,1667,1681
Partition 8	1696,1685,1710
Partition 9	1674,1677,1663,1675
Partition 10	1662,1692,1693
Partition 11	1668,1671,1672,1673
Partition 12	1678,1680,1679
Partition 14	1669,1670,1690,1665
Partition 15	1694,1695
path	5
T	7
cut	24
Partition 0	1706,1707
Partition 1	1705,1682
Partition 2	1703,1704
Partition 3	1670,1686,1699,1700
Partition 4	1666,1689,1697,1698,1664
Partition 5	1709,1712,1710,1711
Partition 6	1687,1688,1701,1708
Partition 7	1683,1684,1681
Partition 8	1669,1690,1696,1665,1695
Partition 9	1674,1677,1663,1675,1676
Partition 10	1662,1692,1693
Partition 11	1668,1671,1672,1691,1667
Partition 12	1678,1680,1679
Partition 13	1685
Partition 14	1673
Partition 16	1694
Partition 17	1702
