path	1
T	11
cut	66
Partition 0	3561,3562,3601,3546,3599,3600
Partition 1	3602,3608
Partition 2	3598,3610,3611,3597
Partition 3	3589,3614,3612,3613
Partition 4	3616,3615,3617
Partition 5	3575,3586,3587,3585
Partition 6	3560,3566,3563,3567,3588
Partition 7	3594,3590,3591,3596,3595
Partition 8	3568,3569,3574
Partition 9	3573,3572,3584,3570,3571,3583
Partition 10	3527,3530,3528,3529
Partition 11	3531,3543,3542
Partition 12	3540,3541,3539,3537
Partition 13	3552,3538,3553,3554,3555
Partition 14	3520,3532,3533,3534
Partition 15	3550,3551,3581
Partition 16	3605,3603,3604,3606,3607
Partition 17	3576,3577,3580,3578,3579
Partition 18	3565,3564,3525
Partition 19	3545,3548,3523,3547
Partition 20	3556,3524,3559,3558,3557
Partition 22	3526
Partition 24	3609
Partition 25	3592
Partition 26	3593
Partition 30	3582
Partition 31	3549
Partition 32	3521
Partition 33	3522
Partition 35	3535,3536
Partition 37	3544
path	2
T	13
cut	61
Partition 0	3562,3601,3546,3599,3600
Partition 1	3592,3593,3602,3608,3609
Partition 2	3598,3610,3611,3597
Partition 3	3589,3614,3612,3613
Partition 4	3616,3615,3617
Partition 5	3575,3586,3587,3585
Partition 6	3560,3566,3563,3567,3588
Partition 7	3594,3590,3591,3596,3595
Partition 8	3568,3569,3574,3561,3521
Partition 9	3573,3572,3584,3570,3571,3583
Partition 10	3527,3530,3528,3529
Partition 11	3535,3531,3536,3543,3542
Partition 12	3540,3541,3538,3539,3537
Partition 13	3553,3554,3555
Partition 14	3532,3533,3522,3534
Partition 15	3550,3551,3581,3582
Partition 16	3605,3603,3604,3606,3607
Partition 17	3577,3580,3578,3579,3523
Partition 18	3520,3565,3564,3525,3544
Partition 19	3549,3545,3548,3547
Partition 20	3524,3559,3558,3557
Partition 21	3556
Partition 23	3552
Partition 24	3526
Partition 26	3576
path	3
T	13
cut	64
Partition 0	3546,3548,3599,3547,3600
Partition 1	3592,3593,3602,3608
Partition 2	3598,3610,3611,3609,3597,3612
Partition 3	3589,3614,3613
Partition 4	3616,3615,3617
Partition 5	3575,3586,3587,3585
Partition 6	3560,3566,3563,3567,3588
Partition 7	3594,3590,3591,3596,3595
Partition 8	3568,3569,3574,3538,3561,3553,3521
Partition 9	3573,3572,3584,3570,3571,3583
Partition 10	3527,3530,3528,3529
Partition 11	3535,3531,3536,3543,3542
Partition 12	3540,3541,3539,3537
Partition 13	3550,3551,3552
Partition 14	3532,3533,3534
Partition 15	3581
Partition 16	3605,3603,3604,3606,3607
Partition 17	3576,3577,3580,3579,3582
Partition 18	3520,3565,3564,3525,3544
Partition 19	3545,3523
Partition 20	3549,3556,3524,3559,3558,3557
Partition 22	3526,3578
Partition 24	3522
Partition 26	3554
Partition 27	3601
Partition 28	3562
Partition 29	3555
path	4
T	11
cut	59
Partition 0	3562,3601,3546,3599,3600
Partition 1	3592,3593,3602,3608,3609
Partition 2	3598,3610,3611,3597
Partition 3	3589,3614,3612,3613
Partition 4	3616,3615,3617
Partition 5	3575,3586,3587,3585
Partition 6	3560,3566,3563,3567,3588
Partition 7	3594,3590,3591,3596,3595
Partition 8	3568,3569,3574,3538,3561,3521
Partition 9	3573,3572,3584,3570,3571,3583
Partition 10	3527,3530,3528,3529
Partition 11	3531,3543,3544,3542
Partition 12	3540,3535,3541,3536,3539,3537
Partition 13	3554,3555
Partition 14	3532,3533,3522,3534
Partition 15	3550,3551,3552,3581,3526
Partition 16	3605,3603,3604,3606,3607
Partition 17	3576,3577,3580,3578,3579
Partition 18	3520,3565,3564,3525
Partition 19	3549,3545,3548,3547
Partition 20	3556,3524,3559,3558,3557
Partition 24	3523
Partition 27	3582
Partition 28	3553
path	5
T	12
cut	61
Partition 0	3562,3601,3546,3599,3600
Partition 1	3592,3593,3602,3608,3609
Partition 2	3598,3610,3611,3597
Partition 3	3589,3614,3612,3613
Partition 4	3616,3615,3617
Partition 5	3575,3586,3587,3585
Partition 6	3560,3566,3563,3567,3588
Partition 7	3594,3590,3591,3596,3595
Partition 8	3568,3569,3574,3561,3521
Partition 9	3573,3572,3584,3570,3571,3582,3583
Partition 10	3527,3530,3528,3529
Partition 11	3531,3543,3542
Partition 12	3540,3541,3539,3537
Partition 13	3538,3553
Partition 14	3532,3533,3522,3534
Partition 15	3550,3551,3552,3581
Partition 16	3605,3603,3604,3606,3607
Partition 17	3576,3577,3580,3578,3579
Partition 18	3564,3525,3544
Partition 19	3545,3548,3523,3547
Partition 20	3556,3555,3524,3559,3558,3557
Partition 21	3526
Partition 24	3554
Partition 25	3549
Partition 27	3520,3565
Partition 29	3535,3536
