path	1
T	17
cut	57
Partition 0	3550,3546,3564,3563
Partition 1	3560
Partition 2	3565,3595,3596,3594
Partition 3	3534,3548,3558,3535,3544,3597
Partition 4	3553,3554,3555,3562,3561
Partition 5	3569,3570
Partition 6	3593,3585,3586,3520
Partition 8	3580
Partition 9	3547,3549
Partition 10	3589,3590
Partition 11	3532,3536,3537,3592,3523,3559,3526
Partition 12	3574,3575,3572,3531,3543
Partition 13	3577,3578,3581,3545,3583,3582
Partition 14	3566,3567,3568,3576,3525,3522
Partition 17	3542
Partition 20	3533
Partition 21	3539
Partition 22	3521
Partition 23	3527,3528,3529,3530,3556,3557
Partition 27	3591
Partition 29	3538
Partition 33	3552
Partition 35	3571
Partition 38	3541,3540
Partition 39	3579
Partition 40	3587
Partition 41	3588
Partition 42	3573,3551,3524
Partition 44	3598
Partition 45	3584
path	2
T	13
cut	60
Partition 0	3550,3545,3546,3564,3565
Partition 1	3560,3558,3543,3544,3542
Partition 2	3595,3596,3597,3598,3594
Partition 3	3576
Partition 4	3554,3555,3551,3552,3562,3561
Partition 5	3569,3570,3571
Partition 6	3593,3585,3586,3584,3520
Partition 8	3580,3581,3583,3582
Partition 9	3524
Partition 10	3521,3587,3537,3538
Partition 11	3527,3528,3529
Partition 12	3573,3574,3591,3572
Partition 13	3534
Partition 14	3547,3548
Partition 16	3535,3541
Partition 17	3532,3566,3567,3539,3579,3540,3525
Partition 18	3531
Partition 21	3589,3590
Partition 23	3575
Partition 29	3536
Partition 31	3530
Partition 32	3563
Partition 33	3559
Partition 37	3588
Partition 38	3523
Partition 41	3522
Partition 43	3578
Partition 44	3577
Partition 45	3526
Partition 48	3556
Partition 49	3557
Partition 51	3549
Partition 52	3533
Partition 54	3553
Partition 55	3568
Partition 56	3592
path	3
T	11
cut	39
Partition 0	3550,3545,3546,3564,3563
Partition 1	3547,3548,3549
Partition 2	3565,3595,3596,3597,3598,3594
Partition 3	3559,3560,3558,3556,3557
Partition 4	3553,3554,3555,3562,3561
Partition 5	3568,3526,3569,3570,3571
Partition 6	3592,3593,3585,3586,3584,3520
Partition 7	3531,3543,3544,3542
Partition 8	3551,3552,3524,3588
Partition 9	3532,3534,3539,3535,3541,3540
Partition 10	3521,3587,3536,3537,3589,3538
Partition 11	3527,3528,3529,3523,3530
Partition 12	3573,3574,3591,3575,3572,3590
Partition 13	3579,3580,3581,3583,3582
Partition 14	3576,3577,3578,3522
Partition 16	3525,3533
Partition 17	3566
Partition 19	3567
path	4
T	10
cut	43
Partition 0	3550,3545,3546,3564
Partition 1	3547,3548,3549
Partition 2	3565,3595,3596,3597,3598,3594
Partition 3	3559,3560,3558,3556,3557
Partition 4	3553,3554,3555,3562,3561
Partition 5	3568,3526,3569,3570,3571
Partition 6	3592,3593,3585,3586,3584,3520
Partition 7	3531,3543,3544,3542
Partition 8	3566,3567,3551,3552
Partition 9	3532,3534,3539,3535,3541,3540
Partition 10	3587,3536,3537,3589,3538,3588
Partition 11	3527,3528,3529,3523,3530
Partition 12	3573,3574,3591,3572
Partition 13	3575,3579,3580,3581,3583,3582
Partition 14	3576,3577,3590,3522
Partition 16	3563
Partition 18	3525
Partition 20	3533
Partition 21	3578
Partition 22	3524
Partition 23	3521
path	5
T	17
cut	48
Partition 0	3550,3545,3546,3564,3563
Partition 1	3547,3548,3549
Partition 2	3565,3595,3596,3544,3597,3598
Partition 3	3559,3560,3558,3556,3557
Partition 4	3553,3554,3555,3562,3561
Partition 5	3567,3568,3569,3570
Partition 6	3592,3593,3585,3586,3584,3520
Partition 8	3532,3534,3523,3551,3524,3535
Partition 9	3539
Partition 10	3521,3587,3536,3537,3538
Partition 11	3527,3528,3529,3530
Partition 12	3573,3574,3591,3543,3542
Partition 13	3579,3580,3581,3583,3582
Partition 14	3576,3577,3578,3522
Partition 16	3566,3525,3533
Partition 18	3594
Partition 21	3589,3588,3590
Partition 22	3531
Partition 24	3571
Partition 26	3572
Partition 30	3541
Partition 31	3526
Partition 32	3575
Partition 35	3552
Partition 36	3540
