path	1
T	8
cut	35
Partition 0	3553,3525
Partition 1	3574,3575,3550,3551
Partition 2	3521,3529,3561,3530
Partition 3	3524,3569,3577,3576,3578,3573
Partition 4	3549,3547,3548,3579,3580
Partition 5	3564,3570,3571,3572
Partition 6	3563,3523
Partition 7	3555,3556,3554
Partition 8	3536,3534,3535
Partition 9	3531,3527,3528,3522
Partition 10	3539,3540
Partition 11	3568,3567,3566
Partition 12	3558,3559,3560
Partition 13	3542,3543,3545,3544
Partition 14	3541,3562,3565,3526,3532,3533
Partition 16	3520
Partition 18	3557
Partition 19	3552
Partition 20	3537
Partition 22	3538
Partition 24	3546
path	2
T	10
cut	31
Partition 0	3553,3525
Partition 1	3552,3574,3575,3550,3551
Partition 2	3521,3529,3561,3562,3530
Partition 3	3524,3569,3560,3568
Partition 4	3549,3547,3548,3579,3580
Partition 5	3563,3564,3570,3571,3572,3523
Partition 6	3577,3576,3573
Partition 7	3555,3556,3554
Partition 8	3536,3537,3538,3535
Partition 9	3531,3527,3528,3522
Partition 10	3545,3546,3539,3540
Partition 11	3565,3567,3566
Partition 12	3558,3559,3520,3557
Partition 13	3542,3543,3544
Partition 14	3526,3532,3534,3533
Partition 15	3541
Partition 17	3578
path	3
T	10
cut	33
Partition 0	3538,3525,3563,3539,3523
Partition 1	3574,3575,3550,3551
Partition 2	3521,3529,3561,3530
Partition 3	3524,3569,3577,3578
Partition 4	3549,3547,3548,3579,3580
Partition 5	3564,3570,3571,3572,3573
Partition 6	3552
Partition 7	3555,3556
Partition 8	3536,3537,3534,3535
Partition 9	3531,3527,3528,3522
Partition 10	3545,3546,3540
Partition 11	3568,3567,3566
Partition 12	3558,3559,3560,3557
Partition 14	3565,3526,3532,3533
Partition 16	3541,3542,3562,3520
Partition 18	3543
Partition 19	3544
Partition 22	3576
Partition 25	3553,3554
path	4
T	14
cut	34
Partition 0	3538,3525
Partition 1	3574,3575,3551,3576
Partition 2	3521,3529,3552,3561,3530
Partition 3	3524,3569,3577,3578
Partition 4	3549,3547,3548,3579,3580
Partition 5	3564,3570,3571,3572,3573
Partition 6	3563,3523
Partition 7	3555,3556,3554
Partition 8	3536,3537,3534,3535
Partition 9	3531,3527,3528,3522
Partition 10	3545,3546,3539,3540
Partition 11	3568,3567,3566
Partition 12	3558,3559,3520,3557
Partition 13	3542,3543,3544
Partition 14	3565,3526,3532,3533
Partition 15	3541
Partition 18	3562
Partition 19	3560
Partition 20	3550
Partition 21	3553
path	5
T	9
cut	35
Partition 0	3552,3553
Partition 1	3574,3575,3550,3551
Partition 2	3521,3529,3561,3530
Partition 3	3524,3569,3577,3578
Partition 4	3549,3547,3548,3579,3580
Partition 5	3564,3570,3571,3572
Partition 6	3576,3573
Partition 7	3555,3556,3554
Partition 8	3536,3537,3534,3535
Partition 9	3531,3527,3528,3522
Partition 10	3545,3546,3539,3540
Partition 11	3568,3567,3566
Partition 12	3558,3559,3560
Partition 13	3542,3543,3533,3544
Partition 14	3562,3565
Partition 15	3541,3520
Partition 17	3526,3532
Partition 18	3538,3525
Partition 19	3563
Partition 20	3523
Partition 21	3557
