path	1
T	17
cut	38
Partition 0	1695,1708
Partition 1	1685,1680,1667,1684
Partition 2	1692,1693,1672,1673
Partition 3	1681,1668,1674,1682,1683
Partition 4	1705,1706,1664,1707,1666
Partition 5	1712,1710,1711
Partition 7	1696
Partition 8	1686,1699,1687,1700,1665
Partition 9	1697,1701,1669,1670
Partition 13	1689
Partition 14	1704,1662,1679,1703
Partition 15	1671
Partition 16	1694
Partition 17	1688
Partition 18	1663
Partition 19	1698
Partition 20	1691,1690
Partition 22	1709,1675,1676
Partition 25	1702
Partition 26	1677
Partition 27	1678
path	2
T	10
cut	32
Partition 1	1679,1669,1680,1667
Partition 2	1692,1693,1671,1672,1673
Partition 3	1681,1668,1674,1682,1683
Partition 4	1705,1706,1664,1707,1666
Partition 5	1675,1676
Partition 7	1695,1696,1697,1670
Partition 8	1685,1686,1687,1665
Partition 9	1698,1699,1700,1701,1702
Partition 10	1678,1677
Partition 11	1662
Partition 12	1689
Partition 13	1684
Partition 14	1688,1712
Partition 15	1663
Partition 16	1691,1694,1704,1703
Partition 17	1690
Partition 19	1708,1709,1710,1711
path	3
T	8
cut	30
Partition 0	1691,1694,1704,1710,1711
Partition 1	1679,1669,1680,1667,1684
Partition 2	1692,1693,1671,1672,1673
Partition 3	1681,1668,1674,1682,1683
Partition 4	1705,1706,1664,1707,1666
Partition 5	1709,1677,1675,1676
Partition 7	1696,1697,1670
Partition 8	1685,1686,1687,1665
Partition 9	1663,1698,1699,1700
Partition 10	1678
Partition 12	1688,1712
Partition 14	1701,1702,1703
Partition 15	1689,1690
Partition 16	1695,1708
Partition 17	1662
path	4
T	8
cut	33
Partition 0	1691,1697,1670,1690
Partition 1	1662,1679,1669,1680,1667
Partition 2	1692,1693,1671,1672,1673
Partition 3	1681,1668,1674,1682,1683
Partition 4	1678,1677,1675
Partition 5	1695,1696,1708
Partition 6	1694,1704,1703
Partition 7	1698,1699,1700
Partition 8	1685,1686,1687,1684
Partition 10	1664,1707
Partition 11	1689
Partition 12	1663,1705,1706,1666
Partition 13	1701
Partition 14	1702
Partition 15	1688
Partition 16	1709,1676,1712,1710,1711
Partition 18	1665
path	5
T	10
cut	32
Partition 1	1679,1669,1680,1667,1684
Partition 2	1692,1693,1672,1673
Partition 3	1681,1668,1674,1682,1683
Partition 6	1704,1703,1710,1711
Partition 7	1696,1697,1670
Partition 8	1685,1686,1687,1665
Partition 10	1678,1709,1677,1675,1676
Partition 11	1662
Partition 12	1663,1705,1706,1666
Partition 13	1689
Partition 15	1694
Partition 16	1691,1690
Partition 17	1712
Partition 18	1688
Partition 20	1698,1699,1700,1701
Partition 21	1702
Partition 22	1695,1708,1664,1671,1707
