path	1
T	11
cut	55
Partition 0	3523,3544
Partition 1	3561,3562,3560
Partition 2	3586,3587,3525
Partition 3	3524,3550,3551,3548,3549
Partition 4	3578,3579,3580
Partition 5	3574,3575,3582,3581
Partition 6	3521,3598,3596,3597
Partition 7	3522,3553,3554
Partition 8	3572,3573,3545,3547,3546
Partition 9	3555,3552,3556
Partition 10	3539,3538,3540
Partition 11	3541,3542
Partition 12	3584,3583
Partition 13	3527,3528,3533
Partition 14	3576,3577,3588,3589,3594
Partition 15	3526,3590,3591,3592,3593
Partition 16	3559,3599,3600,3557,3558,3520
Partition 17	3536
Partition 18	3563,3565,3564
Partition 19	3567,3568,3569,3570
Partition 20	3566,3571,3601,3602
Partition 21	3529
Partition 22	3530,3531,3532
Partition 23	3543
Partition 24	3537
Partition 25	3585,3595
Partition 28	3534,3535
path	2
T	20
cut	57
Partition 0	3576,3577
Partition 1	3561,3562,3560
Partition 2	3586,3587,3548,3525
Partition 3	3549
Partition 4	3578,3579,3580
Partition 5	3574,3575,3582
Partition 6	3521,3598,3596,3597
Partition 7	3555,3553,3556,3554
Partition 8	3572,3573,3546
Partition 9	3551,3547,3552
Partition 10	3540,3533,3541,3535,3542
Partition 11	3530,3531,3532
Partition 12	3523,3544,3545,3585,3584,3583,3595
Partition 13	3527,3528,3567
Partition 14	3588,3589,3594
Partition 15	3557,3590,3591,3592,3593,3520
Partition 16	3559,3599,3600,3558
Partition 17	3536
Partition 18	3529,3563,3565,3564
Partition 19	3526,3568,3569,3570
Partition 20	3566,3571,3601,3602
Partition 21	3522
Partition 22	3581
Partition 23	3524
Partition 24	3534
Partition 26	3538
Partition 27	3543
Partition 28	3537
Partition 29	3539
Partition 30	3550
path	3
T	16
cut	54
Partition 0	3576,3577
Partition 1	3523,3544,3561,3562,3560
Partition 2	3586,3525
Partition 3	3550,3549
Partition 4	3588,3578,3579,3587,3580
Partition 5	3574,3575,3582,3581
Partition 6	3521,3598,3596,3597
Partition 7	3573,3522,3553,3554
Partition 8	3572,3546
Partition 9	3551,3547,3552
Partition 10	3539,3538,3540,3541,3535,3543,3542
Partition 11	3530,3531,3532
Partition 12	3545,3585,3584,3583,3595
Partition 13	3527,3528,3567
Partition 14	3589,3594
Partition 15	3590,3591,3592,3593
Partition 16	3559,3599,3600
Partition 17	3536
Partition 18	3529,3563,3565,3564
Partition 19	3526,3548,3568,3569,3570
Partition 20	3566,3571,3601,3602
Partition 23	3533
Partition 24	3556,3557,3558,3520
Partition 25	3555
Partition 26	3524,3534
Partition 29	3537
path	4
T	13
cut	53
Partition 0	3523,3544,3576,3577,3580,3581
Partition 1	3561,3562,3560
Partition 2	3586,3525
Partition 4	3578,3579,3548,3549
Partition 5	3574,3575,3582
Partition 6	3521,3598,3596,3597
Partition 7	3522,3553
Partition 8	3572,3573,3545,3547,3546
Partition 9	3555,3556
Partition 10	3540,3541,3535
Partition 11	3539,3530
Partition 12	3585,3584,3583,3594,3595
Partition 13	3533,3543,3532,3542
Partition 14	3527,3528,3588,3587,3589
Partition 15	3590,3591,3592,3593
Partition 16	3559,3599,3600,3557,3558,3520
Partition 18	3529,3563,3565,3564
Partition 19	3526,3568,3569,3570
Partition 20	3566,3571,3601,3602
Partition 21	3554
Partition 23	3531
Partition 24	3538
Partition 27	3567,3536,3537
Partition 28	3551,3552
Partition 29	3524,3534
Partition 30	3550
path	5
T	16
cut	50
Partition 0	3523,3544,3576,3577,3580
Partition 1	3561,3562,3560
Partition 2	3586,3525
Partition 3	3550,3549
Partition 4	3588,3587
Partition 5	3574,3575,3582,3581
Partition 6	3521,3598,3596,3597
Partition 7	3573,3522,3553,3554
Partition 8	3572,3547,3546
Partition 9	3545,3551,3555,3552,3556
Partition 10	3539,3540,3541,3534,3535,3542
Partition 11	3530,3531,3532
Partition 12	3585,3584,3583,3595
Partition 13	3527,3528,3538,3533,3567,3537
Partition 14	3589,3594
Partition 15	3590,3591,3592,3593
Partition 16	3559,3599,3600,3558
Partition 17	3536,3557,3543,3520
Partition 18	3529,3563,3565,3564
Partition 19	3526,3548,3568,3569,3570
Partition 20	3566,3571,3601,3602
Partition 24	3524,3578,3579
path	6
T	11
cut	54
Partition 1	3561,3562,3560
Partition 2	3523,3544,3576,3586,3587,3525
Partition 3	3524,3550,3551,3548,3549
Partition 4	3578,3579,3580
Partition 5	3574,3575,3582,3581
Partition 6	3521,3598,3596,3597
Partition 7	3522,3553,3554
Partition 8	3572,3573,3547,3546
Partition 9	3555,3552,3556
Partition 10	3539,3538,3540
Partition 11	3541,3542
Partition 12	3584,3583
Partition 13	3527,3528,3533
Partition 14	3588,3589,3594
Partition 15	3526,3590,3591,3592,3593
Partition 16	3559,3599,3600,3577,3557,3558,3520
Partition 17	3536
Partition 18	3563,3565,3564
Partition 19	3567,3568,3569,3570
Partition 20	3566,3571,3601,3602
Partition 21	3529
Partition 22	3530,3531,3532
Partition 23	3543
Partition 24	3537
Partition 25	3585,3595
Partition 28	3534,3535
Partition 30	3545
path	7
T	17
cut	55
Partition 0	3576,3577
Partition 1	3561,3562,3560
Partition 2	3586,3587,3525
Partition 4	3524,3550,3578,3579,3548,3549
Partition 5	3574,3575,3582
Partition 6	3521,3598,3596,3597
Partition 7	3555,3553,3556,3554
Partition 8	3572,3573,3546
Partition 9	3551,3547,3552
Partition 10	3540,3541,3535
Partition 11	3533,3531,3532
Partition 12	3523,3544,3545,3585,3584,3583
Partition 13	3527,3528,3567
Partition 14	3588,3589,3594
Partition 15	3590,3591,3592,3593
Partition 16	3559,3599,3600,3558
Partition 17	3536,3557,3520
Partition 18	3529,3563,3565,3564
Partition 19	3526,3568,3569,3570
Partition 20	3566,3571,3601,3602
Partition 21	3522
Partition 22	3580,3581
Partition 24	3534
Partition 26	3538
Partition 27	3543,3542
Partition 28	3537
Partition 29	3539
Partition 31	3595
Partition 32	3530
path	8
T	15
cut	58
Partition 0	3577,3536,3520
Partition 1	3523,3544,3561,3562,3560
Partition 2	3586,3525
Partition 3	3550,3549
Partition 4	3578,3579,3580,3581
Partition 5	3588,3587
Partition 6	3521,3598,3596,3597
Partition 7	3573,3522,3553,3554
Partition 8	3572,3546
Partition 9	3551,3547,3552
Partition 10	3539,3538,3540,3541,3535,3537
Partition 11	3530,3531,3532
Partition 12	3545,3585,3584,3583,3595
Partition 13	3527,3528,3567
Partition 14	3589,3594
Partition 15	3590,3591,3592,3593
Partition 16	3559,3599,3600
Partition 18	3529,3563,3565,3564
Partition 19	3526,3568,3569,3570
Partition 20	3566,3571,3601,3602
Partition 23	3533
Partition 24	3557,3558
Partition 25	3555
Partition 26	3524,3534
Partition 32	3548
Partition 33	3556
Partition 36	3576
Partition 39	3574
Partition 41	3575,3582
Partition 43	3543
Partition 45	3542
path	9
T	13
cut	61
Partition 0	3577,3580,3581
Partition 1	3523,3544,3561,3576,3562,3560
Partition 2	3586,3525
Partition 4	3578,3579
Partition 5	3575,3582
Partition 6	3521,3598,3596,3597
Partition 7	3522,3553
Partition 8	3572,3573,3547,3546
Partition 9	3555,3556
Partition 10	3540,3541,3535
Partition 11	3539,3530
Partition 12	3585,3595
Partition 13	3533,3543,3532,3542
Partition 14	3527,3528,3588,3587
Partition 15	3590,3591,3592,3593
Partition 16	3559,3599,3600,3558
Partition 18	3536,3529,3563,3565,3564
Partition 19	3526,3568,3569,3570
Partition 20	3566,3571,3601,3602
Partition 21	3554
Partition 23	3531,3584
Partition 24	3538
Partition 27	3537
Partition 28	3551,3552
Partition 29	3524,3534
Partition 30	3550
Partition 34	3545
Partition 35	3574
Partition 37	3567
Partition 40	3589,3594
Partition 42	3549,3583
Partition 43	3548
Partition 44	3520
Partition 45	3557
path	10
T	17
cut	58
Partition 0	3523,3539,3544,3576,3545,3577,3580
Partition 1	3561,3562,3560
Partition 2	3586,3525
Partition 3	3556
Partition 4	3588,3587
Partition 5	3574,3575,3582,3581
Partition 6	3521,3598,3596,3597
Partition 7	3536
Partition 8	3572,3546
Partition 9	3551,3547,3552
Partition 10	3541,3535,3543,3542
Partition 11	3530,3531,3532
Partition 12	3584,3583
Partition 13	3527,3528,3538,3533,3567,3537
Partition 14	3589,3594
Partition 15	3590,3591,3592,3593
Partition 16	3559,3599,3600,3558
Partition 17	3557
Partition 18	3529,3563,3565,3564
Partition 19	3526,3568,3569,3570
Partition 20	3566,3571,3601,3602
Partition 24	3524,3534,3550,3549
Partition 25	3573
Partition 28	3555,3522,3553,3554
Partition 30	3548
Partition 33	3579
Partition 36	3578
Partition 38	3585
Partition 39	3595
Partition 43	3540
Partition 45	3520
