path	1
T	24
cut	92
Partition 0	2077,2067
Partition 1	2101
Partition 3	2065,2079
Partition 4	2090,2091,2092,2093
Partition 5	2096,2097,2098,2075
Partition 7	2080,2081,2085,2084,2086
Partition 10	2094,2095
Partition 11	2099,2100
Partition 13	2078,2102,2103,2104,2105
Partition 14	2063,2088,2082,2089,2062
Partition 15	2107,2108,2106
Partition 16	2066,2192,2191,2193,2190
Partition 17	2143,2144,2153,2151,2152
Partition 18	2196,2194
Partition 19	2186,2195,2197,2198
Partition 21	2069,2111,2087,2083,2109
Partition 23	2112,2113,2110
Partition 24	2200
Partition 27	2185,2199,2124,2183,2184
Partition 28	2123
Partition 30	2064,2125,2126,2188
Partition 31	2187,2189,2182,2179,2181
Partition 34	2162,2165,2170
Partition 36	2070,2161,2163,2164,2166
Partition 38	2072,2158,2157,2160,2074
Partition 40	2156,2155,2159
Partition 44	2167,2169,2154,2171,2172
Partition 46	2114,2071,2115
Partition 47	2128,2174,2173,2175,2177
Partition 48	2121,2122,2180,2176,2178
Partition 51	2130,2138,2139,2140,2141
Partition 53	2129,2146,2147,2068
Partition 54	2145,2148,2149,2150
Partition 56	2142,2076,2134,2136,2137
Partition 57	2168,2131,2132,2133,2135
Partition 58	2118,2073,2119,2120
Partition 63	2116,2117
Partition 66	2127
path	2
T	22
cut	93
Partition 1	2077,2078,2090,2091,2067
Partition 2	2102,2103,2101,2100,2104
Partition 3	2065,2079,2080
Partition 5	2096,2097
Partition 7	2081,2075,2084,2086,2087
Partition 9	2082,2083
Partition 11	2063,2088,2099,2062
Partition 13	2098,2094,2095,2105,2106
Partition 14	2092,2093,2141,2089,2107
Partition 16	2191,2190
Partition 17	2185,2196,2192,2193,2194
Partition 19	2186,2195,2197,2198
Partition 21	2109,2108
Partition 22	2069,2111
Partition 24	2199,2200,2184
Partition 26	2085
Partition 29	2124,2183,2189,2188,2123
Partition 30	2064,2125,2126
Partition 32	2182
Partition 33	2137
Partition 34	2070,2161,2162,2165,2170
Partition 36	2163,2164,2166,2168
Partition 38	2072,2158,2157,2160,2074
Partition 40	2156,2155,2159
Partition 41	2153,2152
Partition 44	2167,2169,2154,2172
Partition 45	2118
Partition 46	2114,2071,2115
Partition 47	2187,2174,2179,2181,2177
Partition 48	2180,2175,2178
Partition 49	2127,2128,2176,2173,2171
Partition 50	2130,2139,2076
Partition 51	2138,2140
Partition 53	2066,2131,2142,2143,2144
Partition 54	2147,2145,2148,2149,2150
Partition 55	2129,2146,2068
Partition 56	2132,2133,2135,2134,2136
Partition 58	2112,2113,2110
Partition 59	2116,2073,2119,2120
Partition 60	2121,2122
Partition 63	2117
Partition 65	2151
path	3
T	20
cut	92
Partition 0	2102,2103,2101
Partition 1	2077,2078,2067
Partition 4	2090,2091,2092,2093
Partition 7	2081,2085,2075,2084,2086
Partition 8	2063,2099,2100
Partition 10	2096,2097,2098,2094,2095
Partition 11	2088,2082,2083,2089,2062
Partition 13	2104,2105,2106
Partition 16	2192,2191,2193,2190
Partition 19	2196,2194,2197,2198
Partition 21	2087,2109,2107,2108
Partition 22	2069,2111
Partition 23	2112,2110
Partition 25	2186,2195
Partition 26	2065,2079,2080
Partition 27	2185,2199,2200,2183,2184
Partition 28	2124
Partition 30	2064,2125
Partition 31	2180,2176,2179,2181,2178
Partition 32	2187,2189,2126,2182,2188
Partition 34	2162,2165,2167,2171
Partition 36	2070,2161,2163,2164,2166
Partition 38	2072,2158,2157,2160,2074
Partition 40	2156,2155,2159
Partition 41	2168,2137,2153,2154,2152
Partition 43	2170,2169,2128,2175,2172
Partition 49	2174,2173,2177
Partition 50	2130,2139,2076
Partition 51	2127,2138,2140,2141
Partition 55	2131,2132
Partition 56	2133,2135,2134,2136
Partition 57	2066,2142,2129,2068
Partition 59	2073,2119,2120
Partition 60	2122,2123
Partition 62	2114,2071,2115
Partition 63	2113,2116,2117,2118,2121
Partition 64	2146,2147
Partition 65	2143,2144,2151
Partition 66	2145,2148,2149,2150
path	4
T	17
cut	89
Partition 0	2065,2096,2097,2091,2075
Partition 1	2077,2078,2102,2101,2067
Partition 3	2079,2080,2081,2085,2084
Partition 7	2086,2087,2137,2109,2108
Partition 8	2063,2088,2082,2083,2062
Partition 10	2098,2103,2104,2105
Partition 12	2144,2094,2095,2151
Partition 14	2090,2092,2093,2141,2089
Partition 15	2146,2099,2100,2107,2106
Partition 16	2189,2188
Partition 17	2192,2191,2193,2190
Partition 18	2196,2194
Partition 20	2186,2195,2197,2198
Partition 23	2112,2110
Partition 25	2185,2199,2200,2183,2184
Partition 28	2121,2122,2123
Partition 32	2064,2125,2126
Partition 34	2161,2162,2165,2167,2154
Partition 36	2070,2163,2164,2166
Partition 38	2158,2157,2160
Partition 40	2072,2156,2155,2159,2074
Partition 41	2168,2153,2152
Partition 43	2170,2169,2174,2177,2172
Partition 45	2069,2111
Partition 46	2113,2114,2071,2115
Partition 48	2180,2175,2178
Partition 49	2127,2128,2176,2173,2171
Partition 50	2130,2139
Partition 51	2138,2140
Partition 52	2066,2142,2143,2076
Partition 55	2131,2129,2132,2135,2068
Partition 57	2133,2134,2136
Partition 58	2118,2073,2119
Partition 60	2124
Partition 61	2187,2182,2120,2179,2181
Partition 63	2116,2117
Partition 66	2147,2145,2148,2149,2150
path	5
T	16
cut	91
Partition 0	2077,2102,2103,2101,2067
Partition 4	2090,2091,2092,2093,2089
Partition 5	2065,2079
Partition 6	2075
Partition 7	2080,2081,2085,2084,2086
Partition 9	2087,2137,2082,2083,2109
Partition 10	2096,2097,2098,2094,2095
Partition 11	2063,2088,2099,2100
Partition 14	2078
Partition 15	2062
Partition 16	2192,2191,2193,2189,2190
Partition 19	2196,2194,2197,2198
Partition 21	2104,2105,2107,2108,2106
Partition 22	2141
Partition 23	2112,2110
Partition 24	2185,2199,2200,2184
Partition 25	2186,2195
Partition 28	2124,2183,2182
Partition 30	2064,2125,2187,2126
Partition 36	2070,2163,2164,2166
Partition 38	2158,2157,2160
Partition 40	2072,2156,2155,2159,2074
Partition 41	2144,2153,2151,2152
Partition 43	2167,2170,2169,2154,2172
Partition 44	2161,2162,2165
Partition 46	2111,2113,2127,2114,2115
Partition 47	2120,2174,2179,2181,2177
Partition 49	2168,2128,2176,2173,2171
Partition 50	2130,2139,2140,2076
Partition 53	2069,2129,2138,2068
Partition 56	2143,2133,2135,2134,2136
Partition 57	2066,2131,2142,2132
Partition 58	2116,2117
Partition 59	2073,2119,2180,2175,2178
Partition 60	2121,2188,2122,2123
Partition 62	2071
Partition 63	2118
Partition 64	2146,2147
Partition 66	2145,2148,2149,2150
path	6
T	22
cut	92
Partition 1	2101,2067
Partition 3	2079,2080
Partition 4	2077,2078,2090,2091,2092
Partition 5	2065,2096,2097,2102,2098
Partition 7	2081,2085,2075,2084,2086
Partition 9	2082,2083,2062
Partition 12	2144,2094,2095,2151
Partition 13	2103,2088,2089,2104,2105
Partition 15	2093,2107,2106
Partition 17	2196,2192,2191,2193,2194
Partition 20	2186,2195,2197,2198
Partition 21	2069,2111,2087,2109,2108
Partition 23	2112,2113,2110
Partition 24	2185,2199,2200,2183,2184
Partition 27	2124,2123
Partition 29	2187,2189,2190,2188
Partition 31	2182
Partition 32	2064,2125,2126
Partition 33	2163,2164,2166,2157,2160
Partition 35	2070
Partition 37	2074
Partition 40	2072,2156,2158,2155,2159
Partition 41	2153,2152
Partition 42	2136,2137
Partition 44	2161,2162,2165,2167,2154
Partition 46	2114,2071,2115
Partition 47	2120,2174,2179,2181,2177
Partition 48	2170,2169,2175,2178,2172
Partition 49	2127,2128,2176,2173,2171
Partition 50	2130,2138,2139,2140,2134
Partition 53	2142,2129,2143,2076,2068
Partition 55	2066
Partition 57	2168,2131,2132,2133,2135
Partition 58	2116,2117
Partition 59	2118,2121,2119,2122,2180
Partition 60	2073
Partition 64	2146,2147,2063,2099,2100
Partition 66	2145,2148,2141,2149,2150
path	7
T	15
cut	93
Partition 0	2077,2067
Partition 1	2078,2091
Partition 2	2102,2103,2101,2104,2105
Partition 3	2079,2080,2081,2084
Partition 4	2090,2092,2093,2107,2106
Partition 5	2065,2096,2097,2075
Partition 7	2085,2086,2087,2109,2108
Partition 8	2063,2088,2082,2089,2062
Partition 10	2098,2094,2095
Partition 13	2099,2100
Partition 16	2192,2191,2189,2190,2188
Partition 18	2196,2193,2194
Partition 19	2186,2195,2197,2198
Partition 22	2069,2111
Partition 25	2199,2200
Partition 27	2185,2124,2183,2184,2182
Partition 28	2187,2122,2123
Partition 30	2064,2125,2126
Partition 34	2161,2162,2165
Partition 36	2070,2163,2164,2166
Partition 38	2072,2158,2157,2160,2074
Partition 40	2156,2155,2159
Partition 44	2167,2170,2169,2154,2172
Partition 46	2114,2071,2115
Partition 48	2180,2175,2178
Partition 49	2127,2128,2176,2173,2171
Partition 50	2130,2139,2076
Partition 51	2138,2140
Partition 52	2066,2142
Partition 55	2129,2143,2068
Partition 56	2136,2137,2083
Partition 57	2131,2132,2133,2135,2134
Partition 58	2116,2117,2118,2121,2119
Partition 59	2073
Partition 60	2181
Partition 61	2120,2174,2179,2177
Partition 62	2141
Partition 63	2112,2113,2110
Partition 64	2146,2147
Partition 65	2168,2144,2153,2151,2152
Partition 66	2145,2148,2149,2150
path	8
T	27
cut	92
Partition 2	2077,2102,2103,2101,2067
Partition 3	2079,2080,2081,2085
Partition 4	2078,2090,2091,2092
Partition 5	2065,2096,2185,2097
Partition 6	2075,2084,2086,2087,2109
Partition 9	2063,2099,2082,2083,2062
Partition 10	2135,2144,2094,2095,2151
Partition 13	2098,2100,2104,2105
Partition 14	2093,2141,2088,2089
Partition 15	2107,2108,2106
Partition 16	2192,2189,2190,2188
Partition 17	2191,2193
Partition 18	2196,2194
Partition 19	2186,2195,2197,2198
Partition 22	2069,2111
Partition 24	2199,2200,2184
Partition 28	2187
Partition 32	2064,2125,2126,2182
Partition 34	2070,2161,2163,2162,2165
Partition 36	2164,2166
Partition 38	2072,2158,2157,2160,2074
Partition 40	2156,2155,2159
Partition 41	2168,2137,2153,2154,2152
Partition 42	2133,2134,2136
Partition 46	2114,2071,2115
Partition 47	2170,2169,2174,2177,2172
Partition 48	2180,2179,2181,2175,2178
Partition 49	2167,2128,2176,2173,2171
Partition 51	2138,2140
Partition 52	2066,2131,2132
Partition 53	2129,2146,2147,2068
Partition 54	2145,2148,2149,2150
Partition 57	2142,2130,2143,2139,2076
Partition 58	2121,2124,2183,2122,2123
Partition 59	2116,2117
Partition 60	2118,2073,2119,2120
Partition 62	2127
Partition 63	2112,2113,2110
path	9
T	17
cut	97
Partition 0	2077,2067
Partition 1	2102,2103,2101,2104,2105
Partition 3	2065,2079,2080
Partition 4	2090,2092,2093
Partition 5	2078,2091,2075
Partition 6	2081
Partition 7	2085,2084,2086
Partition 9	2168,2082,2083,2062
Partition 10	2096,2097,2098,2094,2095
Partition 11	2107,2106
Partition 15	2063,2088,2099,2089,2100
Partition 16	2187,2189,2188
Partition 17	2192,2191,2193,2190
Partition 18	2196,2194
Partition 20	2186,2195,2197,2198
Partition 21	2069,2111,2087,2109,2108
Partition 24	2199,2200
Partition 27	2185,2124,2183,2184
Partition 30	2064,2125,2126
Partition 32	2182
Partition 34	2162,2165
Partition 36	2070,2161,2163,2164,2166
Partition 38	2158,2157,2160
Partition 40	2072,2156,2155,2159,2074
Partition 43	2175,2178
Partition 44	2167,2170,2169,2154,2172
Partition 46	2114,2071,2115
Partition 47	2174,2177
Partition 49	2127,2128,2176,2173,2171
Partition 50	2130,2139,2076
Partition 51	2138,2140
Partition 53	2131,2129,2132,2068
Partition 55	2066,2142
Partition 56	2143,2135,2134,2136,2137
Partition 57	2133
Partition 59	2116,2117
Partition 60	2118,2121,2119,2122,2123
Partition 61	2120,2180,2179,2181
Partition 62	2141
Partition 63	2112,2113,2073,2110
Partition 64	2146,2147
Partition 65	2144,2153,2151,2152
Partition 66	2145,2148,2149,2150
path	10
T	24
cut	94
Partition 2	2077,2078,2102,2101,2067
Partition 3	2065,2079,2080
Partition 5	2090,2091,2092,2075
Partition 6	2081
Partition 7	2085,2084,2086
Partition 9	2082,2083,2062
Partition 10	2096,2097,2098
Partition 11	2063,2088,2099
Partition 12	2144,2094,2095
Partition 13	2089
Partition 15	2093,2105,2107,2106
Partition 17	2066,2192,2191,2193,2190
Partition 18	2196,2194
Partition 19	2186,2195,2197,2198
Partition 21	2109,2108
Partition 22	2069,2111
Partition 23	2112,2113,2110
Partition 24	2200
Partition 27	2185,2199,2124,2183,2184
Partition 30	2064,2125
Partition 32	2187,2189,2126,2182,2188
Partition 33	2070,2163,2164,2166
Partition 34	2161,2162,2165,2167
Partition 38	2158,2157,2160
Partition 40	2072,2156,2155,2159,2074
Partition 41	2153,2154,2151,2152
Partition 42	2087
Partition 43	2170,2169,2175,2178,2172
Partition 46	2114,2071,2115
Partition 49	2168,2128,2176,2173,2171
Partition 51	2138,2140
Partition 53	2129,2130,2139,2076,2068
Partition 56	2133,2135,2134,2136,2137
Partition 57	2131,2142,2132,2143
Partition 58	2118,2073,2119,2180
Partition 59	2116,2117
Partition 60	2121,2122,2123
Partition 61	2120,2174,2179,2181,2177
Partition 63	2127
Partition 64	2103,2146,2147,2100,2104
Partition 66	2145,2148,2141,2149,2150
