path	1
T	3
cut	8
Partition 0	821,820,819
Partition 1	799,805,806
Partition 2	807,808,809
Partition 3	803,804,812,802,818,811,810
Partition 4	798,813,796,814
Partition 5	797,801,800,815,816,817
path	2
T	3
cut	8
Partition 0	821,820,819,811
Partition 1	799,805,806
Partition 2	807,808,809
Partition 3	803,804,812,802,818,810,817
Partition 4	798,813,796,814
Partition 5	797,801,800,815,816
path	3
T	5
cut	9
Partition 0	821,820,819
Partition 1	799,805,806,817,818
Partition 2	807,808,809
Partition 3	802,801,800,797
Partition 4	813,796,814,816,815
Partition 5	798,812,804,810,803,811
path	4
T	3
cut	8
Partition 0	821,820,819
Partition 1	799,805,806
Partition 2	807,808,809
Partition 3	803,804,812,802,818,811,810
Partition 4	798,813,796,814
Partition 5	797,801,800,815,816,817
path	5
T	3
cut	8
Partition 0	821,820,819
Partition 1	799,805,806
Partition 2	807,808,810,811,809,802,803
Partition 3	804,812,818,817
Partition 4	798,813,796,814,816,815
Partition 5	797,801,800
path	6
T	5
cut	9
Partition 0	821,820,819
Partition 1	799,805,806,817,818
Partition 2	807,808,810,811,809
Partition 3	803,804,812
Partition 4	814,816,815,800,801,802
Partition 5	797,796,813,798
path	7
T	3
cut	9
Partition 0	821,820,819
Partition 1	799,805,806
Partition 2	807,808,810,811,809
Partition 3	804,812,818,817
Partition 4	798,813,796,814,797
Partition 5	801,800,815,816,802,803
path	8
T	3
cut	8
Partition 0	821,820,819,811
Partition 1	799,805,806
Partition 2	807,808,809
Partition 3	803,804,812,802,818,810
Partition 4	798,813,796,814
Partition 5	797,801,800,815,816,817
path	9
T	4
cut	10
Partition 0	821,820,819,810,811
Partition 1	805,806,817,818,809
Partition 2	807,808,799
Partition 3	803,804,802
Partition 4	797,801,800
Partition 5	815,816,814,813,812,798,796
path	10
T	4
cut	8
Partition 0	821,820,819
Partition 1	799,805,806,817,818
Partition 2	807,808,810,811,809
Partition 3	803,804,812,802
Partition 4	798,813,796,814,815,816
Partition 5	797,801,800
