path	1
T	10
cut	58
Partition 0	3548,3577,3524
Partition 1	3533,3590,3549
Partition 2	3543,3530,3531,3542
Partition 3	3535,3536,3576,3529,3575
Partition 4	3546,3523
Partition 5	3599,3608,3609,3598
Partition 6	3568,3571,3569,3570
Partition 7	3572,3520,3610,3611
Partition 8	3552,3551
Partition 9	3522,3544,3592,3545
Partition 10	3593,3596,3594,3595,3597
Partition 11	3578,3579,3582
Partition 12	3527,3528,3537,3580,3581
Partition 13	3574,3584,3583
Partition 14	3585,3586,3587,3588
Partition 15	3573,3555,3553,3554
Partition 16	3538,3539,3556,3567,3566
Partition 17	3601,3602,3603
Partition 18	3604,3605,3607,3606
Partition 19	3558,3565
Partition 20	3562,3563,3561,3564
Partition 21	3559,3560,3521,3557,3525
Partition 23	3526
Partition 26	3547,3591
Partition 29	3589
Partition 31	3534,3532,3600
Partition 33	3550
Partition 35	3540,3541
path	2
T	14
cut	60
Partition 0	3548,3577,3524
Partition 1	3533,3590,3549
Partition 2	3543,3530,3531,3542
Partition 3	3534,3535,3532
Partition 4	3536,3540,3541
Partition 5	3599,3608,3609,3598
Partition 6	3568,3569,3570
Partition 7	3572,3520,3610,3611
Partition 8	3546,3552,3551
Partition 9	3522,3544,3545,3550
Partition 10	3592,3593,3591,3594,3595
Partition 11	3578,3579,3581,3582
Partition 12	3527,3528,3537,3580
Partition 13	3574,3584,3583
Partition 14	3589,3585,3586,3587,3588
Partition 15	3573,3526,3555,3553,3554
Partition 16	3538,3539,3556,3567,3566
Partition 17	3601,3602,3603
Partition 18	3604,3576,3605,3600,3575,3607,3606
Partition 19	3547,3558
Partition 20	3562,3563,3561,3564
Partition 21	3559,3560,3521,3557,3525
Partition 23	3523
Partition 25	3529
Partition 26	3565
Partition 28	3571
Partition 30	3596
Partition 31	3597
path	3
T	14
cut	60
Partition 0	3548,3577,3524
Partition 1	3533,3590,3549
Partition 2	3543,3530,3531,3542
Partition 3	3534
Partition 4	3576,3575
Partition 5	3599,3608,3609,3598
Partition 6	3568,3571,3569,3570
Partition 7	3572,3520,3610,3611
Partition 8	3546,3552
Partition 9	3522,3544,3545,3550
Partition 10	3593,3596,3594,3595,3597
Partition 11	3578,3579,3581,3582
Partition 12	3527,3528,3537,3580
Partition 13	3574,3584,3583
Partition 14	3585,3586,3587,3588
Partition 15	3573,3526,3555,3553,3554
Partition 16	3558,3556,3567,3566,3565
Partition 17	3601,3602,3603
Partition 18	3604,3605,3607,3606
Partition 19	3591
Partition 20	3562,3563,3561,3564
Partition 21	3559,3532,3600,3560,3521,3557,3525
Partition 23	3547
Partition 27	3592
Partition 28	3589
Partition 30	3551
Partition 31	3540,3541
Partition 32	3535,3536,3529
Partition 34	3523
Partition 35	3538,3539
path	4
T	14
cut	59
Partition 0	3548,3577,3524
Partition 1	3533,3590,3549
Partition 2	3543,3531,3542
Partition 3	3534,3535,3576,3575
Partition 4	3536,3540,3541
Partition 5	3599,3608,3609,3597,3598
Partition 6	3571,3569,3570
Partition 7	3572,3520,3610,3611
Partition 8	3546,3552
Partition 9	3522,3544,3568,3545
Partition 10	3592,3593,3596,3594,3595
Partition 11	3578,3579,3581,3582
Partition 12	3527,3528,3537,3580
Partition 13	3574,3584,3583
Partition 14	3585,3586,3587,3588
Partition 15	3573,3526,3555,3553,3554
Partition 16	3538,3539,3556,3567,3566
Partition 17	3601,3602,3603
Partition 18	3604,3605,3600,3607,3606
Partition 19	3547,3558,3591
Partition 20	3562,3563,3561,3564
Partition 21	3523,3559,3560,3521,3557,3525
Partition 26	3565
Partition 27	3532
Partition 29	3529,3530
Partition 30	3589
Partition 32	3550
Partition 34	3551
path	5
T	12
cut	53
Partition 0	3548,3577,3524
Partition 1	3533
Partition 2	3543,3530,3531,3542
Partition 3	3534,3535,3536,3576,3575
Partition 4	3540,3541
Partition 5	3599,3608,3609,3598
Partition 6	3568,3571,3569,3570
Partition 7	3572,3520,3610,3611
Partition 8	3546,3552,3551
Partition 9	3522,3544,3592,3545,3550,3590,3549
Partition 10	3593,3596,3594,3595,3597
Partition 11	3578,3579,3581,3582
Partition 12	3527,3528,3537,3580
Partition 13	3574,3584,3583
Partition 14	3589,3585,3586,3587,3588
Partition 15	3573,3526,3555,3553,3554
Partition 16	3538,3539,3556,3567,3566
Partition 17	3601,3602,3603
Partition 18	3604,3605,3600,3607,3606
Partition 19	3547,3558,3591
Partition 20	3562,3563,3561,3564,3565
Partition 21	3559,3532,3560,3521,3557,3525
Partition 22	3523,3529
