path	1
T	NA
cut	63
Partition 0	3547,3574,3575,3573
Partition 1	3599,3618,3616,3617
Partition 2	3527,3602,3600,3601,3520
Partition 3	3578,3606,3603,3607
Partition 4	3610,3611,3612,3614,3615
Partition 5	3529,3541,3542,3543
Partition 6	3608,3609,3605,3613
Partition 7	3548,3551,3552,3549,3550
Partition 8	3525,3564,3569,3568,3570
Partition 9	3582,3583
Partition 10	3561,3562,3572,3571
Partition 11	3590,3595,3596,3594
Partition 12	3556,3587,3588,3589
Partition 13	3537,3538,3539,3563
Partition 14	3585,3586,3598,3597
Partition 15	3579,3535,3576,3577
Partition 16	3593,3592
Partition 17	3553,3581,3584,3580
Partition 18	3557,3558,3522,3555
Partition 19	3554,3534,3560,3559,3546
Partition 20	3526,3567,3566
Partition 21	3530,3536,3531
Partition 22	3565,3523
Partition 26	3604,3524
Partition 27	3521
Partition 28	3540,3545
Partition 29	3544
Partition 30	3591
Partition 31	3533,3532
Partition 34	3528
path	2
T	NA
cut	63
Partition 0	3547,3574,3575,3573
Partition 1	3599,3618,3616,3617
Partition 2	3602,3600,3601,3520
Partition 3	3578,3606,3603,3607
Partition 4	3610,3611,3612,3614,3615
Partition 5	3527,3541,3542,3543
Partition 6	3608,3609,3605,3613
Partition 7	3529,3551,3549,3550
Partition 8	3564,3569,3568,3570
Partition 9	3582,3604,3524
Partition 10	3561,3562,3572,3571
Partition 11	3590,3595,3596,3594
Partition 12	3587,3588,3589
Partition 13	3537,3538,3539,3563
Partition 14	3585,3586,3598,3597
Partition 15	3579,3576,3577
Partition 16	3540,3535,3536,3593,3591,3592
Partition 17	3553,3554,3581,3560,3526,3580
Partition 18	3557,3558,3559,3522,3555,3556
Partition 19	3533,3534
Partition 20	3584
Partition 21	3530,3531,3532
Partition 22	3567,3565,3566
Partition 23	3544,3546,3545
Partition 25	3583
Partition 26	3523
Partition 30	3521
Partition 33	3528
Partition 34	3525
Partition 36	3552
Partition 38	3548
path	3
T	NA
cut	61
Partition 0	3547,3574,3575,3573
Partition 1	3599,3618,3616,3617
Partition 2	3602,3600,3601,3520
Partition 3	3578,3606,3603,3607
Partition 4	3610,3611,3612,3614,3615
Partition 5	3525,3529,3548,3541,3542,3543
Partition 6	3608,3609,3605
Partition 7	3551,3552,3613,3549,3550,3561
Partition 8	3564,3569,3568,3570
Partition 9	3582,3604,3583,3524
Partition 10	3562,3572,3571
Partition 11	3590,3595,3596,3594
Partition 12	3587,3588,3589
Partition 13	3537,3538,3539,3563,3556
Partition 14	3585,3586,3598,3597
Partition 15	3579,3576,3577
Partition 16	3540,3535,3536,3593,3591,3592
Partition 17	3553,3554,3581,3580
Partition 18	3557,3558,3522,3555,3521
Partition 19	3560,3559
Partition 20	3527,3526,3528,3567
Partition 21	3530,3531,3532
Partition 22	3565,3566,3523
Partition 24	3546
Partition 27	3545
Partition 29	3544
Partition 30	3533
Partition 31	3534
Partition 32	3584
path	4
T	NA
cut	63
Partition 0	3547,3574,3575,3573
Partition 1	3599,3618,3616,3617
Partition 2	3527,3602,3600,3601,3520
Partition 3	3578,3606,3603,3607,3610,3611
Partition 4	3521,3612,3614,3615
Partition 5	3541,3542,3543
Partition 6	3608,3609,3605,3613
Partition 7	3548,3551,3552,3549,3550
Partition 8	3525,3529,3564
Partition 9	3582,3604,3583,3524
Partition 10	3561,3562,3572,3571
Partition 11	3590,3595,3596,3594
Partition 12	3588,3589
Partition 13	3537,3538,3539
Partition 14	3584,3585,3586,3598,3597
Partition 15	3579,3576,3577
Partition 16	3540,3535,3536,3593,3591,3592
Partition 17	3553,3581,3526,3528,3580
Partition 18	3557,3558,3555
Partition 19	3554,3560,3559
Partition 21	3533,3534,3532
Partition 22	3565,3566,3523
Partition 24	3556
Partition 25	3587
Partition 26	3544,3546,3545
Partition 28	3569,3567,3568
Partition 30	3522
Partition 31	3530
Partition 32	3531
Partition 33	3563,3570
path	5
T	NA
cut	65
Partition 0	3547,3574,3575,3573
Partition 1	3599,3618,3616,3617
Partition 2	3602,3600,3601,3520
Partition 3	3578,3606,3603,3607
Partition 4	3610,3611,3612,3614,3615
Partition 5	3525,3529,3541,3542,3543
Partition 6	3608,3609,3605,3613
Partition 7	3548,3551,3552,3549,3550
Partition 8	3564,3569,3568,3570
Partition 9	3604,3524
Partition 10	3561,3562,3572,3571
Partition 11	3590,3595,3596,3594
Partition 12	3556,3587,3588,3589
Partition 13	3537,3538,3539,3563
Partition 14	3585,3586,3598,3597
Partition 15	3579,3535,3576,3577
Partition 16	3540,3536,3591,3592
Partition 17	3527,3553,3581,3584,3526,3580
Partition 18	3557,3558,3522,3555
Partition 19	3554,3534,3560,3559,3546
Partition 20	3528
Partition 21	3530,3531,3532
Partition 22	3544,3545
Partition 23	3582
Partition 27	3583
Partition 30	3521
Partition 31	3565,3523
Partition 32	3593
Partition 34	3533
Partition 35	3566
Partition 36	3567
path	6
T	13
cut	64
Partition 0	3547,3574,3575,3573
Partition 1	3599,3618,3616,3617
Partition 2	3527,3602,3600,3601,3520
Partition 3	3578,3606,3603,3607
Partition 4	3610,3611,3612,3614,3615
Partition 5	3529,3541,3542,3543
Partition 6	3608,3609,3605,3613
Partition 7	3548,3551,3552,3549,3550
Partition 8	3525,3564,3569,3568,3570
Partition 9	3582,3583
Partition 10	3561,3562,3572,3571
Partition 11	3590,3595,3596,3594
Partition 12	3556,3587,3588,3589
Partition 13	3537,3538,3539,3563
Partition 14	3585,3586,3598,3597
Partition 15	3579,3535,3576,3577
Partition 16	3593,3592
Partition 17	3553,3581,3584,3580
Partition 18	3557,3558,3522,3555
Partition 19	3554,3560,3559
Partition 20	3526,3567,3566
Partition 21	3530,3536,3531
Partition 22	3565,3523
Partition 26	3604,3524
Partition 27	3521
Partition 28	3540,3545
Partition 29	3544
Partition 30	3591
Partition 31	3533,3532
Partition 34	3528
Partition 35	3546
Partition 36	3534
path	7
T	7
cut	67
Partition 0	3547,3574,3575,3573
Partition 1	3599,3618,3616,3617
Partition 2	3602,3600,3601,3520
Partition 3	3578,3606,3603,3607
Partition 4	3610,3611,3612,3614,3615
Partition 5	3527,3541,3542,3543
Partition 6	3608,3609,3605,3613
Partition 7	3529,3551,3549,3550
Partition 8	3564,3569,3568,3570
Partition 9	3582,3604,3524
Partition 10	3561,3562,3572,3571
Partition 11	3590,3595,3596,3594
Partition 12	3587,3588,3589
Partition 13	3537,3538,3539,3563
Partition 14	3585,3586,3598,3597
Partition 15	3579,3576,3577
Partition 16	3540,3535,3536,3593,3591,3592
Partition 17	3581
Partition 18	3557,3558,3559,3522,3555,3556
Partition 19	3533,3534
Partition 20	3584
Partition 21	3530,3531,3532
Partition 22	3567,3565,3566
Partition 23	3544,3546,3545
Partition 25	3583
Partition 26	3523
Partition 30	3521
Partition 33	3528
Partition 34	3525
Partition 36	3552
Partition 38	3548
Partition 40	3553,3580
Partition 41	3554,3560
Partition 42	3526
path	8
T	11
cut	65
Partition 0	3547,3574,3575,3573
Partition 1	3599,3618,3616,3617
Partition 2	3527,3602,3600,3601,3520
Partition 3	3578,3606,3603,3607,3610,3611
Partition 4	3521,3612,3614,3615
Partition 5	3541,3542,3543
Partition 6	3608,3609,3605,3613
Partition 7	3548,3551,3552,3549,3550
Partition 8	3525,3529,3564
Partition 9	3582,3604,3583,3524
Partition 10	3561,3562,3572,3571
Partition 11	3590,3595,3596,3594
Partition 12	3588,3589
Partition 13	3537,3538,3539
Partition 14	3584,3585,3586,3598,3597
Partition 15	3579,3576,3577
Partition 16	3540,3535,3536,3593,3591,3592
Partition 17	3553
Partition 18	3557,3558,3555
Partition 19	3554,3560,3559
Partition 21	3533,3534,3532
Partition 22	3565,3566,3523
Partition 24	3556
Partition 25	3587
Partition 26	3544,3546,3545
Partition 28	3569,3567,3568
Partition 30	3522
Partition 31	3530
Partition 32	3531
Partition 33	3563,3570
Partition 34	3581,3526,3580
Partition 35	3528
