path	1
T	2
cut	6
Partition 0	797,806,808,807
Partition 1	800,803,805,799,804
Partition 2	814,802,801,812,813
Partition 3	798,809,810,811,796
path	2
T	2
cut	6
Partition 0	797,806,808,807
Partition 1	800,803,805,799,804
Partition 2	814,802,801,812,813
Partition 3	798,809,810,811,796
path	3
T	2
cut	6
Partition 0	797,806,808,807
Partition 1	800,803,805,799,804
Partition 2	814,802,801,812,813
Partition 3	798,809,810,811,796
path	4
T	2
cut	6
Partition 0	797,806,808,807
Partition 1	800,803,805,799,804
Partition 2	814,802,801,812,813
Partition 3	798,809,810,811,796
path	5
T	2
cut	6
Partition 0	797,806,808,807
Partition 1	800,803,805,799,804
Partition 2	814,802,801,812,813
Partition 3	798,809,810,811,796
path	6
T	2
cut	6
Partition 0	797,806,808,807
Partition 1	800,803,805,799,804
Partition 2	814,802,801,812,813
Partition 3	798,809,810,811,796
path	7
T	2
cut	6
Partition 0	797,806,808,807
Partition 1	800,803,805,799,804
Partition 2	814,802,801,812,813
Partition 3	798,809,810,811,796
path	8
T	2
cut	6
Partition 0	797,806,808,807
Partition 1	800,803,805,799,804
Partition 2	814,802,801,812,813
Partition 3	798,809,810,811,796
path	9
T	2
cut	6
Partition 0	797,806,808,807
Partition 1	800,803,805,799,804
Partition 2	814,802,801,812,813
Partition 3	798,809,810,811,796
path	10
T	2
cut	6
Partition 0	797,806,808,807
Partition 1	800,803,805,799,804
Partition 2	814,802,801,812,813
Partition 3	798,809,810,811,796
