path	1
T	3
cut	14
Partition 0	1678,1679,1686,1667
Partition 1	1687,1688,1689
Partition 2	1662,1668,1675,1665
Partition 3	1669,1677,1670
Partition 4	1672,1673
Partition 5	1671,1676,1681,1674,1664
Partition 6	1692,1693,1694,1685
Partition 7	1691,1666,1680,1690
Partition 8	1682,1663,1683,1684
path	2
T	3
cut	14
Partition 0	1678,1679,1686,1667
Partition 1	1687,1688,1689
Partition 2	1662,1668,1675,1665
Partition 3	1669,1677,1670
Partition 4	1672,1673
Partition 5	1671,1676,1681,1674,1664
Partition 6	1692,1693,1694,1685
Partition 7	1691,1666,1680,1690
Partition 8	1682,1663,1683,1684
path	3
T	3
cut	14
Partition 0	1678,1679,1686,1667
Partition 1	1687,1688,1689
Partition 2	1662,1668,1675,1665
Partition 3	1669,1677,1670
Partition 4	1672,1673
Partition 5	1671,1676,1681,1674,1664
Partition 6	1692,1693,1694,1685
Partition 7	1691,1666,1680,1690
Partition 8	1682,1663,1683,1684
path	4
T	3
cut	14
Partition 0	1678,1679,1686,1667
Partition 1	1687,1688,1689
Partition 2	1662,1668,1675,1665
Partition 3	1669,1677,1670
Partition 4	1672,1673
Partition 5	1671,1676,1681,1674,1664
Partition 6	1692,1693,1694,1685
Partition 7	1691,1666,1680,1690
Partition 8	1682,1663,1683,1684
path	5
T	3
cut	14
Partition 0	1678,1679,1686,1667
Partition 1	1687,1688,1689
Partition 2	1662,1668,1675,1665
Partition 3	1669,1677,1670
Partition 4	1672,1673
Partition 5	1671,1676,1681,1674,1664
Partition 6	1692,1693,1694,1685
Partition 7	1691,1666,1680,1690
Partition 8	1682,1663,1683,1684
