path	1
T	12
cut	36
Partition 0	3536,3555,3553,3556,3554
Partition 1	3558,3559,3560
Partition 2	3537,3538
Partition 3	3534,3535
Partition 4	3527,3528,3522
Partition 5	3550,3551
Partition 6	3521,3529,3552,3561,3562
Partition 7	3574,3575
Partition 8	3525,3563,3523
Partition 10	3530,3539,3531,3557
Partition 11	3524,3569
Partition 12	3577,3578
Partition 13	3545,3546,3544
Partition 14	3547,3548,3540
Partition 15	3549,3579,3580
Partition 16	3570,3571,3520
Partition 17	3576,3573
Partition 18	3564,3572,3568,3567
Partition 19	3565,3526,3532,3533,3566
Partition 20	3541
Partition 21	3542,3543
path	2
T	10
cut	33
Partition 0	3555,3556,3554
Partition 1	3558,3559,3560,3568,3567
Partition 2	3536,3537
Partition 3	3534,3535
Partition 4	3531,3527,3528,3522,3557
Partition 5	3550,3551
Partition 6	3574
Partition 8	3563,3564,3572,3523
Partition 9	3552,3553,3538,3525,3539
Partition 11	3524,3569
Partition 12	3577,3578
Partition 13	3542,3543,3545,3544
Partition 14	3546,3549,3547,3548,3540
Partition 15	3579,3580
Partition 16	3541,3562,3570,3571,3520
Partition 17	3575,3576,3573
Partition 18	3565,3566
Partition 19	3526,3532,3533
Partition 20	3521,3529,3561,3530
path	3
T	11
cut	38
Partition 0	3555,3556,3554
Partition 1	3558,3559,3560
Partition 2	3536,3537
Partition 3	3534,3535
Partition 4	3527,3528,3522
Partition 5	3552,3550,3551
Partition 6	3557
Partition 7	3571
Partition 8	3553,3525,3563,3564,3523
Partition 9	3538
Partition 10	3529,3530,3539,3531,3540
Partition 11	3524,3569
Partition 12	3577,3578
Partition 13	3545,3546,3544
Partition 14	3547,3548
Partition 15	3549,3579,3580
Partition 16	3521,3561,3541,3562,3565
Partition 17	3574,3575,3572,3576,3573
Partition 18	3568
Partition 19	3526,3532,3533
Partition 20	3570,3520
Partition 21	3543
Partition 22	3567,3566
Partition 23	3542
path	4
T	7
cut	35
Partition 0	3555,3556,3554
Partition 1	3558,3559,3560
Partition 2	3536,3537
Partition 3	3534,3535
Partition 4	3527,3528,3522
Partition 5	3521,3552,3574,3550,3551
Partition 6	3529
Partition 7	3553
Partition 8	3565
Partition 9	3525
Partition 10	3530,3538,3539,3531,3557
Partition 11	3524,3569,3568
Partition 12	3575,3576
Partition 13	3545,3546,3549,3540,3544
Partition 14	3547,3548
Partition 15	3577,3578,3579,3580
Partition 16	3570,3520
Partition 17	3571,3572,3573
Partition 19	3526,3532
Partition 20	3563,3564,3523,3567,3566
Partition 21	3541,3542,3562,3543,3533
Partition 22	3561
path	5
T	9
cut	36
Partition 0	3555,3556,3554
Partition 1	3558,3559,3560
Partition 2	3536,3537
Partition 3	3534,3535
Partition 4	3527,3528,3522
Partition 5	3552,3574,3553,3550,3551
Partition 6	3529
Partition 7	3575,3576,3573
Partition 8	3525,3563,3523
Partition 10	3530,3538,3539,3531,3557
Partition 11	3524,3569,3568
Partition 12	3577,3578
Partition 13	3545,3546,3544
Partition 14	3547,3548,3540
Partition 15	3549,3579,3580
Partition 16	3541,3570,3571,3572,3520
Partition 17	3564
Partition 18	3521,3561,3562
Partition 19	3526,3532
Partition 20	3565,3533,3567,3566
Partition 21	3542,3543
