path	1
T	7
cut	36
Partition 0	1663,1672
Partition 1	1674,1678,1687
Partition 2	1669
Partition 3	1699,1667,1668,1691,1710
Partition 4	1688,1715,1714
Partition 5	1717,1716,1718
Partition 6	1673,1709,1712,1713
Partition 8	1689,1690,1692,1693
Partition 9	1682,1683
Partition 10	1684,1685,1686
Partition 11	1705,1704
Partition 12	1700,1701,1702,1665,1703
Partition 14	1664,1708,1706,1707
Partition 15	1681,1694,1695
Partition 16	1680,1698,1679,1666
Partition 17	1662,1676,1677,1675
Partition 18	1670,1671,1696,1697
Partition 21	1711
path	2
T	9
cut	37
Partition 0	1663,1670,1672,1674
Partition 1	1678
Partition 2	1677
Partition 3	1699,1667
Partition 4	1688,1715,1714
Partition 5	1717,1716,1718
Partition 6	1709,1712,1668,1669,1713
Partition 7	1710,1711
Partition 8	1689,1690,1692,1693,1691
Partition 9	1682,1683
Partition 10	1684,1685,1686,1687
Partition 11	1703,1704
Partition 12	1700,1673,1701,1702,1665
Partition 13	1671,1697
Partition 14	1664,1708,1706,1707
Partition 15	1681,1694,1695
Partition 16	1680,1698,1679,1666
Partition 17	1662,1676,1696,1675
Partition 18	1705
path	3
T	9
cut	37
Partition 0	1665,1682
Partition 1	1678
Partition 2	1699,1667
Partition 3	1677,1668,1669
Partition 4	1688,1715,1714
Partition 5	1664,1708,1717,1716,1718
Partition 7	1712,1711
Partition 8	1689,1690,1692,1709,1713
Partition 9	1683
Partition 10	1684,1685,1686,1687
Partition 11	1700,1701,1702,1703,1704
Partition 12	1663,1670,1672,1674,1673
Partition 13	1671,1697
Partition 14	1705,1706
Partition 15	1693,1681,1694,1695
Partition 16	1680,1698,1679,1666
Partition 17	1662,1676,1696,1675
Partition 18	1691
Partition 19	1710
Partition 20	1707
path	4
T	7
cut	36
Partition 0	1663,1672
Partition 1	1670,1674,1677,1678,1668
Partition 2	1690,1709,1669
Partition 3	1689
Partition 4	1688,1715,1714
Partition 5	1717,1716,1718
Partition 7	1712,1710,1711,1713
Partition 8	1692,1699,1693,1667,1691
Partition 9	1665,1682,1683
Partition 10	1684,1685,1686
Partition 11	1700,1701,1702,1703,1704
Partition 12	1673
Partition 13	1671,1697
Partition 14	1664,1708,1707
Partition 15	1681,1694,1695
Partition 16	1680,1698,1679,1666
Partition 17	1662,1676,1696,1675
Partition 18	1687
Partition 19	1705,1706
path	5
T	6
cut	36
Partition 0	1663,1672,1673,1702,1665
Partition 1	1674
Partition 2	1677,1667,1668,1669
Partition 3	1691,1710,1711
Partition 4	1688,1687
Partition 5	1717,1716,1718
Partition 6	1709,1715,1712,1713,1714
Partition 8	1689,1690,1692,1693
Partition 9	1682,1683
Partition 10	1684,1685,1686
Partition 11	1699,1700,1701
Partition 13	1670,1671,1697
Partition 14	1664,1708,1706,1707
Partition 15	1681,1694,1695
Partition 16	1680,1698,1679,1666
Partition 17	1662,1676,1696,1675
Partition 20	1703,1705,1704
Partition 21	1678
