path	1
T	12
cut	48
Partition 0	3526,3552,3553
Partition 1	3557
Partition 2	3551,3554
Partition 3	3524,3529,3530,3560
Partition 4	3577,3578,3579
Partition 5	3566,3567,3523,3536,3550
Partition 6	3548,3561,3562,3563
Partition 7	3545,3546,3547
Partition 8	3573,3574,3537,3538
Partition 9	3572,3575,3580,3534
Partition 10	3556,3576
Partition 11	3568
Partition 12	3549,3558
Partition 13	3571,3581,3582
Partition 14	3569,3570
Partition 15	3527,3528,3544,3520
Partition 16	3532,3531,3542,3541
Partition 17	3540,3539
Partition 18	3565,3559,3564
Partition 19	3583,3584
Partition 20	3521,3543
Partition 21	3585
Partition 22	3535,3533
Partition 24	3522
Partition 26	3555,3525
path	2
T	17
cut	48
Partition 0	3537,3538
Partition 1	3552
Partition 2	3560,3554,3553
Partition 3	3524,3529,3535,3577,3578,3579
Partition 6	3548,3562,3563
Partition 7	3545,3546,3547
Partition 8	3572,3575,3530,3580,3522,3573,3574
Partition 9	3533,3534
Partition 10	3556,3576
Partition 11	3521,3543,3566,3568,3523,3550
Partition 12	3557,3558,3526
Partition 14	3569,3571,3570,3555
Partition 15	3528,3544,3520
Partition 16	3540,3532,3531,3539,3542,3541
Partition 17	3527,3525
Partition 18	3565,3559,3564
Partition 19	3582
Partition 20	3585
Partition 21	3549
Partition 22	3583,3584
Partition 23	3581
Partition 24	3551
Partition 26	3536
Partition 27	3567
Partition 28	3561
path	3
T	15
cut	49
Partition 0	3573,3537,3538
Partition 1	3526,3552
Partition 2	3550,3551,3569,3554,3553
Partition 4	3530
Partition 5	3560
Partition 6	3536,3548,3561,3562,3563
Partition 7	3545,3546,3547
Partition 8	3529,3575,3577,3580,3578,3574,3579
Partition 9	3572,3533,3534
Partition 10	3566,3567
Partition 11	3568
Partition 12	3557,3558
Partition 13	3571,3570,3581
Partition 14	3523
Partition 15	3528,3544,3520
Partition 16	3532,3542,3541
Partition 17	3540,3539
Partition 18	3565,3559,3564
Partition 19	3583,3584,3582
Partition 20	3521,3543
Partition 22	3524,3535
Partition 25	3585
Partition 26	3531
Partition 28	3549
Partition 30	3522
Partition 31	3527,3555,3556,3525,3576
path	4
T	9
cut	49
Partition 0	3573,3537,3538
Partition 1	3522
Partition 2	3550,3551,3524,3529,3560,3554
Partition 3	3553
Partition 4	3577,3578,3579
Partition 5	3527
Partition 6	3548,3561,3562,3563
Partition 7	3545,3546,3547
Partition 8	3575,3580,3574,3581
Partition 9	3535,3572,3533,3534
Partition 10	3526,3552,3555,3556,3525,3576
Partition 11	3568
Partition 12	3557,3558
Partition 13	3571
Partition 14	3569,3570
Partition 15	3528,3544,3520
Partition 16	3532,3531,3542,3541
Partition 17	3540,3539
Partition 18	3565,3559,3564
Partition 19	3543,3583,3584,3582
Partition 20	3521,3566,3567
Partition 25	3536
Partition 27	3585
Partition 29	3523
Partition 30	3549
Partition 32	3530
path	5
T	12
cut	52
Partition 0	3573,3537,3538
Partition 1	3552
Partition 2	3550,3551,3557,3554,3553
Partition 3	3524,3529
Partition 4	3572,3575,3530,3577,3522,3578
Partition 5	3535
Partition 6	3548,3561,3562,3563
Partition 7	3545,3546,3547
Partition 9	3533,3534
Partition 10	3569,3570,3555,3556,3576
Partition 11	3566,3567,3523,3536
Partition 13	3583,3549,3558,3571,3581,3582
Partition 15	3528,3544,3520
Partition 16	3532,3531
Partition 17	3540,3539
Partition 18	3565,3559,3564
Partition 19	3585,3584
Partition 20	3521,3543
Partition 21	3542,3541
Partition 22	3568
Partition 24	3574
Partition 26	3580,3579
Partition 30	3560
Partition 31	3525
Partition 33	3527
Partition 36	3526
path	6
T	12
cut	47
Partition 0	3526,3552,3553
Partition 1	3557,3558
Partition 2	3551,3560,3554
Partition 3	3524,3529
Partition 4	3577,3578,3579
Partition 5	3566,3567,3523,3536,3550
Partition 6	3548,3561,3562,3563
Partition 7	3545,3546,3547
Partition 8	3573,3574,3537,3538
Partition 9	3572,3575,3580,3534
Partition 10	3556,3576
Partition 12	3568,3528,3544,3549,3520
Partition 13	3571,3581,3582
Partition 14	3569,3570
Partition 15	3527,3525
Partition 16	3532,3531,3542,3541
Partition 17	3540,3539
Partition 18	3565,3559,3564
Partition 19	3583,3584
Partition 20	3521,3543
Partition 21	3585
Partition 22	3535,3533
Partition 24	3530,3522
Partition 26	3555
path	7
T	11
cut	50
Partition 0	3540,3539
Partition 1	3552
Partition 2	3560,3554,3553
Partition 3	3524,3529,3577,3578
Partition 6	3523,3536,3548,3562,3563
Partition 7	3545,3546,3547
Partition 8	3522,3573,3574,3537,3538
Partition 9	3535,3533,3534
Partition 10	3569,3580,3571,3570,3579,3581,3582
Partition 11	3521,3566
Partition 12	3558
Partition 15	3528,3544,3520
Partition 16	3532,3531,3542,3541
Partition 17	3527,3525
Partition 18	3565,3559,3564
Partition 19	3576
Partition 20	3585
Partition 21	3568,3549
Partition 22	3543,3583,3584
Partition 23	3572,3575
Partition 24	3551
Partition 27	3567
Partition 28	3561
Partition 30	3557,3526,3555
Partition 33	3556
Partition 34	3550
Partition 39	3530
path	8
T	13
cut	49
Partition 0	3573,3537,3538
Partition 1	3526,3552
Partition 2	3550,3551,3569,3554,3555,3553,3556
Partition 4	3530
Partition 5	3560
Partition 6	3548,3561,3562,3563
Partition 7	3545,3546,3547
Partition 8	3529,3575,3577,3580,3578,3574,3579
Partition 9	3572,3533,3534
Partition 10	3566,3567
Partition 11	3568
Partition 12	3557,3558
Partition 13	3571,3570,3581
Partition 15	3528,3544,3520
Partition 16	3532,3542,3541
Partition 17	3540,3539
Partition 18	3565,3559,3564
Partition 19	3583,3584,3582
Partition 20	3521,3543
Partition 22	3523,3536,3524,3535
Partition 25	3585
Partition 26	3531
Partition 28	3549
Partition 30	3522
Partition 31	3527,3525
Partition 32	3576
path	9
T	10
cut	50
Partition 0	3573,3537,3538
Partition 1	3522
Partition 2	3550,3551,3524,3529,3560,3554
Partition 3	3553
Partition 4	3577,3578,3579
Partition 5	3527
Partition 6	3548,3561,3562,3563
Partition 7	3545,3546,3547
Partition 8	3575,3580,3574
Partition 9	3535,3572,3533,3534
Partition 10	3526,3552,3555,3556,3525,3576
Partition 11	3568
Partition 12	3557,3558
Partition 13	3571
Partition 14	3569,3570
Partition 15	3528,3544,3520
Partition 16	3532,3531,3542,3541
Partition 17	3540,3539
Partition 18	3565,3559,3564
Partition 19	3543,3583,3584,3582
Partition 20	3521,3566,3567
Partition 25	3536
Partition 27	3585
Partition 29	3523
Partition 30	3549
Partition 32	3530
Partition 36	3581
path	10
T	12
cut	55
Partition 0	3537,3538
Partition 1	3552
Partition 2	3551,3560,3554,3553
Partition 3	3524,3529
Partition 4	3577,3578
Partition 5	3535
Partition 6	3548,3561,3562,3563
Partition 7	3545,3546,3547
Partition 9	3572,3533,3534
Partition 10	3550,3569,3570,3579,3555,3556,3576
Partition 11	3566,3567
Partition 13	3571,3581,3582
Partition 15	3528,3544,3520
Partition 16	3532,3531
Partition 17	3540,3539
Partition 18	3565,3559,3564
Partition 19	3585,3584
Partition 20	3521,3543,3583
Partition 21	3542,3541
Partition 22	3568
Partition 24	3574
Partition 26	3575,3580
Partition 30	3557
Partition 31	3525
Partition 33	3527
Partition 36	3526
Partition 38	3558
Partition 39	3549
Partition 41	3573
Partition 43	3530,3522
Partition 45	3536
Partition 46	3523
