path	1
T	2
cut	9
Partition 0	810,811,799
Partition 1	812,813,814,796,808
Partition 2	818,809,817
Partition 3	802,804,805,816,815
Partition 4	797,806,800,798,807,803,801
path	2
T	2
cut	6
Partition 0	810,811,799,815
Partition 1	812,813,814,796
Partition 2	818,817,816
Partition 3	801,802,803,804,805,800,809
Partition 4	797,806,798,807,808
path	3
T	3
cut	6
Partition 0	810,811,799,815,816
Partition 1	812,813,814,796
Partition 2	818,808,809,817
Partition 3	801,802,803,804,805,800,798
Partition 4	797,806,807
path	4
T	2
cut	6
Partition 0	810,811,799,815
Partition 1	812,813,814,796
Partition 2	818,817,816
Partition 3	801,802,804,805,808,809
Partition 4	797,806,800,798,807,803
path	5
T	2
cut	7
Partition 0	810,811,799,815,816
Partition 1	812,813,814,796
Partition 2	818,809,817
Partition 3	801,802,803,804,805,800,808
Partition 4	797,806,798,807
path	6
T	2
cut	6
Partition 0	810,811,799,815
Partition 1	812,813,814,796,801
Partition 2	818,817,816
Partition 3	802,804,805,809
Partition 4	797,806,800,798,807,803,808
path	7
T	2
cut	6
Partition 0	810,811,799,815,816
Partition 1	812,813,814,796,801
Partition 2	818,808,809,817
Partition 3	802,804,805
Partition 4	797,806,800,798,807,803
path	8
T	2
cut	6
Partition 0	810,811,799,815
Partition 1	812,813,814,796,801
Partition 2	818,817,816
Partition 3	802,803,804,805,800,809,808
Partition 4	797,806,798,807
path	9
T	2
cut	7
Partition 0	810,811,799,815,816
Partition 1	812,813,814,796
Partition 2	818,809,817
Partition 3	801,802,803,804,805,800,808
Partition 4	797,806,798,807
path	10
T	3
cut	8
Partition 0	810,811,799,815,809
Partition 1	812,813,814,796
Partition 2	818,817,816
Partition 3	801,802,803,804,805,800,808
Partition 4	797,806,798,807
