path	1
T	22
cut	73
Partition 0	3538,3539,3540,3548
Partition 1	3536,3579,3533,3534,3537
Partition 2	3556,3564,3591,3558
Partition 3	3560,3571,3570
Partition 4	3563,3562
Partition 5	3535,3594,3593,3595
Partition 6	3542,3592
Partition 7	3545,3543,3561,3523
Partition 8	3587,3588
Partition 9	3603,3604,3607
Partition 10	3605,3606,3526,3541,3578,3586
Partition 11	3574,3573,3550,3551
Partition 12	3532
Partition 13	3531,3521,3530,3549,3596,3597,3598
Partition 14	3621,3619,3618,3620
Partition 15	3611
Partition 16	3589,3525,3529,3590
Partition 17	3581,3582,3577,3583,3528,3580
Partition 18	3567,3554,3568,3569
Partition 19	3575,3576,3552,3553
Partition 20	3585,3584
Partition 21	3614,3615,3609
Partition 22	3520,3602,3617,3616,3600,3601
Partition 23	3527
Partition 25	3572
Partition 26	3608
Partition 28	3524,3557
Partition 29	3555,3559
Partition 30	3599
Partition 32	3612,3613
Partition 33	3610
Partition 34	3522
Partition 35	3546,3547,3544
Partition 37	3565,3566
path	2
T	26
cut	78
Partition 0	3596,3597,3598,3599
Partition 1	3536,3537
Partition 2	3555,3556,3559,3564,3558
Partition 4	3565,3566
Partition 5	3535,3594,3593,3595
Partition 6	3541,3542,3562,3592
Partition 7	3545,3546,3560,3543,3561,3523,3571
Partition 8	3547,3587,3544,3588
Partition 9	3604,3607,3608
Partition 10	3605,3606,3526,3554
Partition 11	3574,3573
Partition 13	3529,3531,3540,3548,3532
Partition 14	3621,3619,3618,3620
Partition 16	3525,3590,3521,3530,3549,3550,3551
Partition 17	3581,3582,3583,3580
Partition 18	3567,3568,3569,3570
Partition 19	3575,3576,3552,3553
Partition 20	3520,3585,3610,3524,3557,3609,3584
Partition 21	3614,3615
Partition 22	3602,3617
Partition 23	3603
Partition 25	3527
Partition 28	3589
Partition 29	3572
Partition 30	3563
Partition 32	3611
Partition 34	3616
Partition 35	3600
Partition 36	3577,3528
Partition 39	3539
Partition 40	3538
Partition 41	3612
Partition 42	3613
Partition 44	3578,3579
Partition 45	3586,3533,3534
Partition 46	3591,3601
Partition 51	3522
path	3
T	31
cut	78
Partition 0	3589,3590
Partition 1	3536,3579,3533,3534,3537
Partition 2	3555,3556,3564,3558
Partition 3	3570
Partition 4	3566
Partition 5	3535,3594,3593
Partition 6	3541,3542,3562
Partition 7	3545,3546,3560,3543,3561,3523,3571
Partition 8	3547,3587,3544,3588
Partition 9	3603,3604,3612
Partition 10	3526,3578,3586
Partition 11	3540
Partition 13	3538,3539,3595,3592,3600,3598,3599
Partition 14	3621,3619,3618,3620
Partition 15	3610,3611,3522
Partition 16	3525,3529,3563,3531,3565,3530,3528
Partition 17	3581,3582,3577,3583,3580
Partition 18	3567,3554,3568,3569
Partition 19	3575,3576,3524,3552,3553
Partition 20	3557,3584
Partition 21	3609,3608
Partition 22	3520,3585,3602,3617,3591,3616,3601
Partition 23	3559
Partition 24	3613
Partition 25	3607
Partition 28	3550
Partition 31	3532
Partition 34	3551
Partition 36	3572
Partition 37	3606
Partition 39	3596,3597,3527
Partition 41	3605
Partition 42	3573
Partition 44	3574
Partition 45	3521
Partition 46	3549
Partition 47	3548
Partition 49	3614,3615
path	4
T	24
cut	78
Partition 0	3538,3539,3540,3548
Partition 1	3536,3579,3533,3534,3537
Partition 2	3555,3556,3559
Partition 3	3571,3569,3570
Partition 4	3564
Partition 5	3535,3594,3593,3595
Partition 6	3541
Partition 7	3545,3546,3560,3543,3561,3523
Partition 8	3587,3588
Partition 9	3604,3607
Partition 10	3605,3606,3526,3578,3586
Partition 11	3574,3572,3573,3551
Partition 12	3550,3532
Partition 13	3521,3530,3596,3597,3527
Partition 14	3621,3617,3619,3618,3620
Partition 15	3610,3611,3522
Partition 16	3589,3525,3529,3590,3528
Partition 17	3581,3582,3583,3580
Partition 18	3567,3554,3568
Partition 19	3575,3576,3577
Partition 20	3557,3584
Partition 21	3614,3615,3616,3609,3608
Partition 22	3600,3601,3599
Partition 25	3531
Partition 29	3524,3552
Partition 32	3603
Partition 35	3549
Partition 39	3591,3553
Partition 40	3563,3565,3566
Partition 41	3598
Partition 43	3612
Partition 46	3613
Partition 47	3585
Partition 48	3520,3602
Partition 49	3558
Partition 51	3542,3592
Partition 55	3562
Partition 58	3547
Partition 59	3544
path	5
T	24
cut	74
Partition 0	3539,3540,3548
Partition 1	3536,3579,3533,3534,3537
Partition 2	3555,3556,3559,3564,3591,3558
Partition 3	3560,3571,3570
Partition 4	3563,3565,3566
Partition 5	3535,3594,3593,3595
Partition 6	3542,3544,3592
Partition 7	3545,3543,3561,3523
Partition 8	3587,3588
Partition 9	3603,3604,3612
Partition 10	3605,3606,3526,3541,3578,3586
Partition 11	3574,3572,3573,3551
Partition 12	3596
Partition 13	3521,3530,3549
Partition 14	3621,3617,3619,3618,3620
Partition 15	3610,3611,3522
Partition 16	3589,3525,3529,3590,3531
Partition 17	3581,3582,3583,3580
Partition 18	3567,3554,3568
Partition 19	3575,3576,3577,3524,3552,3557,3553
Partition 20	3585,3584
Partition 21	3607,3609,3608
Partition 22	3600,3601,3599
Partition 25	3520,3602
Partition 26	3538
Partition 27	3528
Partition 28	3550
Partition 31	3569
Partition 32	3527
Partition 33	3613
Partition 34	3614,3615,3616
Partition 35	3562
Partition 37	3546,3547
Partition 38	3532
Partition 40	3597,3598
path	6
T	17
cut	77
Partition 0	3538,3539,3540,3548
Partition 1	3536,3579,3533,3534,3537
Partition 2	3556,3564,3558
Partition 3	3560,3571,3570
Partition 4	3563,3562
Partition 5	3535,3594,3593,3595
Partition 6	3544
Partition 7	3545,3543,3561,3523
Partition 8	3589,3587,3588
Partition 9	3603,3604,3607
Partition 10	3605,3606,3526,3541,3578,3586
Partition 11	3574,3573,3550,3551
Partition 12	3532
Partition 13	3531,3521,3530,3549,3596,3597,3598
Partition 14	3621,3590,3619,3618,3620
Partition 15	3611
Partition 16	3529
Partition 17	3581,3582,3583,3580
Partition 18	3567,3568,3569
Partition 19	3591,3575,3576,3554,3552,3553
Partition 20	3585,3584
Partition 21	3614,3615,3609
Partition 22	3520,3602,3617,3616,3600,3601
Partition 23	3527
Partition 25	3572
Partition 26	3608
Partition 28	3524,3557
Partition 29	3555,3559
Partition 30	3599
Partition 32	3612,3613
Partition 33	3610
Partition 34	3522
Partition 35	3546,3547
Partition 37	3565,3566
Partition 42	3577,3528
Partition 44	3542
Partition 46	3592
Partition 48	3525
path	7
T	24
cut	82
Partition 0	3596,3597,3598,3599
Partition 1	3536,3537
Partition 2	3555,3556,3564,3558
Partition 4	3565,3566
Partition 5	3535,3594,3593,3595
Partition 6	3542,3592
Partition 7	3545,3560,3543,3561,3523,3571
Partition 8	3587,3588
Partition 9	3604,3607,3608
Partition 10	3605,3606
Partition 11	3574,3573
Partition 13	3529,3531,3540,3547,3548,3532,3544
Partition 14	3621,3619,3618,3620
Partition 16	3525,3590,3521,3530,3549,3550,3551
Partition 17	3581,3582,3583,3580
Partition 18	3567,3568,3569,3570
Partition 19	3575,3576,3552,3553
Partition 20	3520,3585,3610,3524,3557,3609,3584
Partition 21	3614,3615
Partition 22	3602,3617
Partition 23	3603
Partition 25	3527
Partition 28	3589
Partition 29	3572
Partition 30	3563
Partition 32	3611
Partition 34	3616
Partition 35	3600
Partition 36	3577,3528
Partition 39	3539
Partition 40	3538
Partition 41	3612
Partition 42	3613
Partition 44	3578,3579
Partition 45	3559,3586,3533,3534
Partition 46	3591,3601
Partition 51	3522
Partition 53	3546
Partition 54	3562
Partition 55	3526,3541
Partition 56	3554
path	8
T	31
cut	81
Partition 0	3589,3590
Partition 1	3536,3586,3579,3533,3534,3537
Partition 2	3555,3556,3564,3558
Partition 3	3570
Partition 4	3566
Partition 5	3535,3594,3593
Partition 6	3605
Partition 7	3545,3546,3560,3543,3561,3523,3571
Partition 8	3547,3542,3587,3544,3588
Partition 9	3603,3604,3612
Partition 10	3578
Partition 11	3540
Partition 13	3538,3539,3595,3592,3600,3598,3599
Partition 14	3621,3619,3618,3620
Partition 15	3610,3611,3522
Partition 16	3525,3529,3563,3531,3565,3530,3528
Partition 17	3581,3582,3583,3580
Partition 18	3567,3568,3569
Partition 19	3575,3576,3552,3553
Partition 20	3557,3584
Partition 21	3524,3609,3608
Partition 22	3520,3585,3602,3617,3591,3616,3601
Partition 23	3559
Partition 24	3613
Partition 25	3607
Partition 28	3550
Partition 31	3532
Partition 34	3551
Partition 36	3572
Partition 37	3606
Partition 39	3596,3597,3527
Partition 41	3526,3541
Partition 42	3573
Partition 44	3574
Partition 45	3521
Partition 46	3549
Partition 47	3548
Partition 49	3614,3615
Partition 52	3554
Partition 55	3577
Partition 57	3562
path	9
T	22
cut	78
Partition 0	3539,3540,3548
Partition 1	3536,3579,3533,3534,3537
Partition 2	3555,3556,3564,3558
Partition 3	3560,3571,3570
Partition 4	3563,3565,3566
Partition 5	3535,3594,3593,3595
Partition 6	3592
Partition 7	3545,3543,3561,3523
Partition 8	3587,3544,3613,3588
Partition 9	3603,3604,3612
Partition 10	3605,3606,3526,3541,3578
Partition 11	3574,3572,3573,3551
Partition 12	3596
Partition 13	3521,3530
Partition 14	3621,3617,3619,3618,3620
Partition 15	3610,3611,3522
Partition 16	3589,3525,3529,3590,3531
Partition 17	3581,3582,3583,3580
Partition 18	3567,3554,3568
Partition 19	3575,3576,3577,3524,3552,3557,3553
Partition 20	3585,3584
Partition 21	3607,3609,3608
Partition 22	3600,3601,3599
Partition 25	3520,3602
Partition 26	3538
Partition 27	3528
Partition 28	3550
Partition 31	3569
Partition 32	3527
Partition 33	3542
Partition 34	3614,3615,3616
Partition 35	3562
Partition 37	3546,3547
Partition 38	3532
Partition 40	3597,3598
Partition 41	3549
Partition 42	3586
Partition 46	3559
Partition 47	3591
