path	1
T	17
cut	62
Partition 0	3539,3542,3545,3540
Partition 1	3547,3561,3546,3588
Partition 2	3531,3576,3577,3583,3582
Partition 3	3585,3586,3584,3587
Partition 4	3579,3580,3581,3528,3578
Partition 5	3566,3572,3571
Partition 6	3570,3563,3564,3565
Partition 7	3593,3594,3595,3602
Partition 8	3562,3613,3589,3612
Partition 9	3609,3610,3611,3526,3573,3603
Partition 10	3523,3538,3606
Partition 12	3541,3559,3560,3524
Partition 13	3607,3604,3605,3608
Partition 14	3521,3553,3567
Partition 15	3534,3535,3532,3533
Partition 16	3530,3527,3529,3574,3520,3592
Partition 17	3596,3599,3575,3600,3601
Partition 18	3597,3555,3554,3598
Partition 19	3549,3550,3551,3548,3552
Partition 20	3537,3536,3558,3557,3556
Partition 21	3591
Partition 22	3522
Partition 24	3590,3525
Partition 26	3544
Partition 27	3543
Partition 28	3568
Partition 29	3569
path	2
T	14
cut	62
Partition 0	3539,3542,3569,3545,3540
Partition 1	3547,3561,3546,3588
Partition 2	3576,3577,3583,3582
Partition 3	3555,3557,3554,3556
Partition 4	3579,3580,3581,3527,3528,3578
Partition 5	3566,3572,3570,3571
Partition 6	3563,3564,3565
Partition 7	3593,3594,3595,3568,3602
Partition 8	3562,3613,3589,3612
Partition 9	3609,3610,3611,3526,3573,3603
Partition 10	3523,3606,3607
Partition 11	3530,3537,3538,3558,3559,3560,3529
Partition 12	3541,3543,3524
Partition 13	3604,3605,3608
Partition 14	3590,3521,3553,3567,3525,3531
Partition 15	3534,3535,3532,3533,3544,3520
Partition 16	3522,3585,3584
Partition 17	3596,3599,3575,3600,3601
Partition 18	3551,3552
Partition 19	3536
Partition 22	3574
Partition 23	3549
Partition 24	3591
Partition 25	3587
Partition 28	3586
Partition 31	3598
Partition 36	3597
Partition 40	3550
Partition 42	3592
Partition 43	3548
path	3
T	16
cut	65
Partition 0	3539,3542,3545,3540
Partition 1	3547,3561,3546,3588
Partition 2	3576,3577,3583,3582
Partition 3	3522,3530,3585,3529,3544,3520
Partition 4	3579,3580,3581,3527,3528,3578
Partition 5	3566,3572,3571
Partition 6	3569,3570,3563,3564,3565
Partition 7	3593,3594,3595,3602
Partition 8	3562,3613,3589,3612
Partition 9	3609,3610,3611,3526,3573,3603
Partition 10	3523,3538,3606
Partition 11	3558,3559,3560,3557,3556
Partition 12	3541,3543,3524
Partition 13	3607,3605,3608
Partition 14	3521,3553,3567,3604,3525,3531
Partition 15	3534,3535,3532,3533
Partition 16	3592
Partition 17	3596,3599,3575,3600,3601
Partition 19	3551,3548,3552
Partition 20	3597
Partition 21	3598
Partition 22	3574
Partition 23	3549
Partition 25	3555
Partition 26	3587
Partition 28	3591
Partition 30	3586
Partition 31	3550
Partition 33	3584
Partition 34	3554
Partition 36	3590
Partition 37	3537,3536
Partition 39	3568
path	4
T	10
cut	60
Partition 0	3539,3542,3545,3540,3544
Partition 1	3547,3561,3546,3588
Partition 2	3576,3577,3583,3582
Partition 3	3585,3586,3584,3587
Partition 4	3579,3580,3581,3528,3578
Partition 5	3566,3572,3570,3571
Partition 6	3563,3564,3565
Partition 7	3593,3594,3595,3602
Partition 8	3562,3613,3589,3612
Partition 9	3609,3610,3611,3526,3573,3603
Partition 10	3523,3590,3606
Partition 11	3530,3537,3536,3538,3559,3560
Partition 12	3541,3543
Partition 13	3607,3604,3605,3608
Partition 14	3521,3553,3567
Partition 15	3534,3535,3532,3533
Partition 16	3591,3529,3574,3520,3592
Partition 17	3596,3599,3575,3600,3601
Partition 18	3597,3555,3554,3598
Partition 19	3549,3550,3551,3548,3552,3531
Partition 20	3558,3557,3556
Partition 23	3569
Partition 24	3568
Partition 25	3522
Partition 26	3524
Partition 28	3525
Partition 29	3527
path	5
T	11
cut	67
Partition 0	3539,3542,3545,3540
Partition 1	3547,3561,3546,3588
Partition 2	3576,3577,3583,3582
Partition 3	3585,3584
Partition 4	3579,3580,3581,3527,3528,3578
Partition 5	3569,3566,3572,3570,3571
Partition 6	3563,3564,3565,3520
Partition 7	3593,3594,3595,3602
Partition 8	3562,3613,3589,3612
Partition 9	3609,3610,3611,3526,3573,3603
Partition 10	3523,3590,3606
Partition 11	3586,3538,3559,3560,3587
Partition 12	3541,3543,3524
Partition 13	3607,3605,3608
Partition 14	3521,3553,3567,3568,3531
Partition 15	3534,3535,3532,3533
Partition 16	3591,3529,3592
Partition 17	3596,3599,3575,3600
Partition 18	3522,3530,3537,3597,3555,3554,3598
Partition 19	3550
Partition 20	3601
Partition 22	3558,3557
Partition 23	3552
Partition 25	3556
Partition 26	3548
Partition 27	3549
Partition 29	3536
Partition 31	3551
Partition 33	3574
Partition 34	3604
Partition 35	3544
Partition 37	3525
