cut	62
Partition 0	3526,3559,3560,3561
Partition 1	3601,3547,3551,3602
Partition 2	3552,3521,3553,3570
Partition 3	3549,3550,3588,3591
Partition 4	3620,3571,3619,3592
Partition 5	3623,3622,3546,3621
Partition 6	3558,3524,3537,3557
Partition 7	3607,3618,3616,3617
Partition 8	3612,3613,3614,3615
Partition 9	3593,3525,3609,3608
Partition 10	3610,3611,3598,3599
Partition 11	3605,3606,3604,3603
Partition 12	3596,3595,3594,3574
Partition 13	3532,3534,3523,3584
Partition 14	3582,3585,3586,3587
Partition 15	3533,3580,3581,3578,3579
Partition 16	3536,3535,3543,3542
Partition 17	3583,3597,3520
Partition 18	3528,3529,3545,3544
Partition 19	3522,3540,3600,3541
Partition 20	3527,3573,3572,3577
Partition 21	3575,3576,3589,3590
Partition 22	3564,3548,3566,3567
Partition 23	3530,3531,3538,3565
Partition 24	3555,3563,3569,3568
Partition 25	3554,3539,3556,3562
