path	1
T	30
cut	109
Partition 0	2139,2076
Partition 1	2138,2140,2068
Partition 2	2130,2143
Partition 3	2066,2131,2142
Partition 4	2133,2134
Partition 5	2135,2136,2137
Partition 6	2145,2099,2100
Partition 7	2088,2089
Partition 8	2063,2082,2083,2062
Partition 9	2144,2150,2151
Partition 10	2146,2147,2148
Partition 11	2141,2149
Partition 12	2065,2096,2097,2075
Partition 13	2077,2090,2067
Partition 14	2078,2091,2092
Partition 15	2079,2186
Partition 16	2085,2086,2087
Partition 17	2081,2084
Partition 18	2094,2095
Partition 19	2098,2105
Partition 20	2102,2103,2101,2104
Partition 21	2069,2111,2113
Partition 22	2112,2109,2110
Partition 23	2093,2107,2108,2106
Partition 24	2120,2179
Partition 25	2180,2181
Partition 26	2118,2073,2119,2128
Partition 27	2116,2117,2121
Partition 28	2122,2123
Partition 29	2064,2125,2126,2182
Partition 30	2192,2191,2190
Partition 31	2187,2189
Partition 32	2193,2194
Partition 33	2196,2195,2197,2198
Partition 34	2185,2200
Partition 35	2199,2124,2183,2184
Partition 36	2161,2165
Partition 37	2163,2164,2166
Partition 38	2070,2154
Partition 39	2162,2155,2159
Partition 40	2156,2158,2157,2160
Partition 41	2072,2074
Partition 42	2127,2114,2071,2115
Partition 43	2168,2171
Partition 44	2153,2152
Partition 45	2173,2177
Partition 46	2174,2175,2172
Partition 47	2176,2178
Partition 48	2080
Partition 49	2188
Partition 50	2167
Partition 51	2170
Partition 52	2169
Partition 53	2129,2132
path	2
T	22
cut	116
Partition 0	2142
Partition 1	2138,2140,2068
Partition 2	2130,2143
Partition 3	2066,2131,2129,2132
Partition 4	2133,2134
Partition 5	2135,2136,2137
Partition 6	2099,2100
Partition 7	2063,2088,2089
Partition 8	2082,2083,2062
Partition 9	2144,2150,2151
Partition 10	2146,2147,2148
Partition 11	2145,2141
Partition 12	2096,2097,2075
Partition 13	2077,2090,2067
Partition 14	2078,2091,2092
Partition 15	2065,2079,2080
Partition 16	2085,2086,2087
Partition 17	2081,2084
Partition 18	2094,2095
Partition 19	2098,2105
Partition 20	2102,2103,2101,2104
Partition 21	2069,2111,2113
Partition 22	2112,2109,2110
Partition 23	2093,2107,2108,2106
Partition 24	2120,2179,2177
Partition 25	2180,2181
Partition 26	2118,2073,2119
Partition 27	2116,2117,2121
Partition 28	2122,2123
Partition 29	2064,2125,2126,2182
Partition 30	2192,2191,2190
Partition 31	2187,2189,2188
Partition 32	2193,2194
Partition 33	2195,2197,2198
Partition 34	2185,2186
Partition 35	2199,2124,2183,2184
Partition 36	2161,2165
Partition 37	2163,2164,2166
Partition 38	2169,2154
Partition 39	2070,2162,2155,2159
Partition 40	2158,2157,2160
Partition 41	2072,2156,2074
Partition 42	2114,2071,2115
Partition 43	2168,2171
Partition 44	2153,2152
Partition 45	2128,2173
Partition 46	2174,2175,2172
Partition 47	2176,2178
Partition 48	2196
Partition 49	2200
Partition 50	2149
Partition 51	2127
Partition 52	2076
Partition 53	2139
Partition 54	2170
Partition 55	2167
path	3
T	21
cut	113
Partition 0	2142,2076
Partition 1	2138,2140,2068
Partition 2	2130,2143
Partition 3	2066,2131
Partition 4	2133,2134
Partition 5	2135,2136,2137
Partition 6	2129,2099,2100
Partition 7	2145,2063,2088,2089
Partition 8	2082,2083,2062
Partition 9	2144,2150,2151
Partition 10	2146,2147,2148
Partition 11	2141,2149
Partition 12	2096,2097,2075
Partition 13	2077,2090,2067
Partition 14	2078,2091,2092
Partition 15	2065,2079
Partition 16	2085,2086,2087
Partition 17	2081,2084
Partition 18	2094,2095
Partition 19	2098,2105
Partition 20	2102,2103,2101,2104
Partition 21	2069,2111,2113
Partition 22	2112,2109,2110
Partition 23	2093,2107,2108,2106
Partition 24	2120,2179,2177
Partition 25	2180,2181
Partition 26	2073,2119
Partition 27	2116,2117,2121
Partition 28	2122,2123
Partition 29	2064,2125,2126
Partition 30	2192,2191,2193,2187,2189,2190
Partition 31	2196,2194
Partition 32	2186,2195,2197,2198
Partition 33	2185,2200
Partition 34	2199,2124,2183,2184
Partition 35	2070,2161,2165
Partition 36	2163,2164,2166
Partition 37	2169,2154
Partition 38	2162,2155,2159
Partition 39	2158,2157,2160
Partition 40	2072,2156,2074
Partition 41	2127,2114,2071,2115
Partition 42	2168,2171
Partition 43	2170,2153,2152
Partition 44	2128,2173
Partition 45	2174,2175,2172
Partition 46	2176,2178
Partition 47	2080
Partition 48	2167
Partition 49	2118
Partition 50	2188
Partition 51	2132
Partition 52	2139
Partition 53	2182
