cut	53
Partition 0	3530,3537,3536,3538
Partition 1	3558,3559,3557,3556
Partition 2	3584,3583,3577,3582
Partition 3	3522,3585,3586,3587
Partition 4	3579,3580,3578,3581,3576
Partition 5	3523,3541,3590,3591,3592
Partition 6	3609,3608,3606,3607
Partition 7	3528,3597,3555,3554
Partition 8	3529,3524,3527,3605
Partition 9	3525,3521,3553,3567,3531,3604
Partition 10	3599,3598,3600,3601
Partition 11	3532,3566,3533,3596
Partition 12	3543,3563,3564,3565
Partition 13	3549,3550,3551,3548,3552
Partition 14	3534,3535,3520,3575,3574
Partition 15	3593,3594,3568,3595
Partition 16	3572,3539,3569,3570,3571
Partition 17	3542,3544,3540,3545,3546
Partition 18	3562,3561,3560,3547
Partition 19	3610,3611,3526,3603,3602
Partition 20	3613,3612,3573,3589,3588
