path	1
T	5
cut	25
Partition 0	1696,1695
Partition 1	1662,1692,1693,1691,1694
Partition 2	1674,1677,1663,1675
Partition 3	1710
Partition 4	1680,1683,1684,1685,1681
Partition 5	1668,1671,1667
Partition 6	1672,1669,1673,1690,1665
Partition 7	1678,1679
Partition 9	1687,1688
Partition 10	1701,1700
Partition 11	1699,1697,1698,1664
Partition 12	1670,1686
Partition 13	1709,1712,1708,1711
Partition 14	1706,1707
Partition 15	1676,1702
Partition 16	1703,1704,1666,1689
Partition 17	1705,1682
path	2
T	8
cut	26
Partition 0	1693,1694
Partition 1	1662,1692
Partition 2	1674,1677,1663,1675
Partition 3	1678,1679
Partition 4	1683,1684,1685,1681,1710
Partition 5	1668,1671,1691,1667
Partition 6	1672,1669,1673,1680,1665
Partition 8	1690,1696,1695
Partition 9	1687,1688,1701
Partition 10	1699,1700
Partition 11	1697,1698,1664
Partition 12	1670,1686
Partition 13	1712,1711
Partition 14	1709,1708,1707
Partition 15	1676,1702
Partition 16	1703,1704
Partition 17	1705,1682
Partition 18	1666,1689
Partition 19	1706
path	3
T	5
cut	26
Partition 0	1694,1695
Partition 1	1662,1692,1693
Partition 2	1674,1677,1663,1675,1691
Partition 3	1680,1679
Partition 4	1683,1684,1681
Partition 5	1668,1671,1667
Partition 6	1672,1673
Partition 7	1685
Partition 8	1690,1696
Partition 9	1687,1688
Partition 10	1701
Partition 11	1699,1697,1700,1698,1664
Partition 12	1669,1670,1686,1665
Partition 13	1709,1712,1710,1711
Partition 14	1703,1704,1705,1706,1682
Partition 15	1676,1702
Partition 16	1666,1689
Partition 17	1708,1707
Partition 18	1678
path	4
T	6
cut	26
Partition 0	1694,1695
Partition 1	1662,1692,1693
Partition 2	1674,1677,1663,1675
Partition 3	1678,1680,1679
Partition 4	1683,1684,1681
Partition 5	1691
Partition 6	1669,1665
Partition 7	1668,1671,1672,1673,1667
Partition 10	1687,1688,1701,1700
Partition 11	1699,1697,1698,1664
Partition 12	1670,1686
Partition 13	1690,1696,1685,1710,1711
Partition 14	1709,1712,1708
Partition 15	1676,1666,1702
Partition 16	1703,1704
Partition 17	1705,1682
Partition 18	1707
Partition 20	1706
Partition 21	1689
path	5
T	7
cut	27
Partition 0	1675,1691,1696,1694,1695
Partition 1	1662,1692,1693
Partition 2	1674,1677
Partition 3	1678,1680,1679
Partition 4	1683,1684,1685,1681,1710
Partition 5	1668,1671,1667
Partition 6	1669,1690,1665
Partition 7	1673
Partition 8	1672
Partition 9	1687,1688
Partition 10	1701,1700
Partition 11	1697,1698,1664
Partition 12	1670,1686,1699
Partition 13	1709,1712,1708,1711
Partition 14	1706,1707
Partition 15	1676,1666,1689,1702
Partition 16	1703
Partition 17	1705,1682
Partition 18	1663
Partition 19	1704
