path	1
T	11
cut	56
Partition 0	3536,3537,3527
Partition 1	3538,3541,3548
Partition 2	3532,3533,3534,3530
Partition 3	3528,3535,3549,3552,3550,3551
Partition 4	3575,3576,3520,3574
Partition 5	3596,3553,3597,3599,3598
Partition 6	3566,3567,3568,3569,3570
Partition 7	3562,3563,3564
Partition 8	3573
Partition 9	3547,3542,3545,3546
Partition 10	3543,3544,3529,3526,3581
Partition 11	3558,3559,3560,3521
Partition 12	3525,3590,3591
Partition 13	3565
Partition 14	3580,3583,3582
Partition 15	3579,3577,3578,3587,3588,3524
Partition 16	3586,3531,3589,3585,3595,3593,3594
Partition 18	3592
Partition 20	3584
Partition 22	3561
Partition 23	3522
Partition 25	3554
Partition 26	3523
Partition 28	3556,3557
Partition 29	3555
Partition 32	3572,3571
Partition 33	3540
Partition 35	3539
path	2
T	10
cut	52
Partition 0	3536,3537,3527
Partition 1	3538,3540,3541,3548
Partition 2	3532,3533,3534,3530
Partition 3	3528,3535,3549,3552,3550,3551
Partition 4	3575,3576,3520,3574
Partition 5	3596,3553,3597,3599,3598
Partition 6	3566,3567,3568,3569,3570
Partition 7	3561,3562,3563,3592,3564
Partition 8	3572,3573
Partition 9	3547,3542,3545,3546
Partition 10	3543,3544,3529,3526,3581
Partition 11	3558,3559,3560
Partition 12	3525,3590,3591
Partition 13	3554,3565,3523,3539,3521
Partition 14	3580,3583,3582
Partition 15	3579,3577,3578,3587,3588,3524
Partition 16	3585,3595,3593,3594
Partition 17	3522,3555
Partition 21	3556
Partition 23	3557
Partition 28	3589
Partition 30	3584
Partition 31	3586,3531
Partition 32	3571
path	3
T	9
cut	49
Partition 0	3536,3537,3527
Partition 1	3538,3540,3541,3548
Partition 2	3532,3533,3534,3530
Partition 3	3549,3552,3550,3551
Partition 4	3575,3576,3520,3574
Partition 5	3596,3553,3597,3599,3598
Partition 6	3566,3567,3568,3569,3570
Partition 7	3561,3562,3563,3564
Partition 8	3556
Partition 9	3547,3542,3545,3572,3546,3573
Partition 10	3543,3544,3529,3526,3581
Partition 11	3558,3531,3559,3560,3571
Partition 12	3590,3591,3592
Partition 13	3525,3554,3565,3523,3539,3521
Partition 14	3580,3583,3586,3584,3589,3582
Partition 15	3579,3577,3578,3587,3588,3524
Partition 16	3585,3595,3593,3594
Partition 18	3522
Partition 20	3528
Partition 23	3535
Partition 24	3555
Partition 25	3557
path	4
T	9
cut	57
Partition 0	3536,3537,3527
Partition 1	3538,3540,3541,3548
Partition 2	3532,3533,3534,3530
Partition 3	3547,3549,3550,3551
Partition 4	3575,3576,3520,3574
Partition 5	3595,3596,3553,3597,3599,3598,3552
Partition 6	3566,3567,3568,3569,3570
Partition 7	3561,3562,3563
Partition 8	3573,3557
Partition 9	3542,3545,3572,3546
Partition 10	3543,3544,3579,3529,3526,3581
Partition 11	3558,3559,3560
Partition 12	3525,3590
Partition 13	3554,3565,3523,3539,3521
Partition 14	3583,3584,3585,3582
Partition 15	3577,3578,3587,3588
Partition 16	3591,3592,3593,3594
Partition 17	3556
Partition 18	3524
Partition 19	3555
Partition 20	3564
Partition 23	3522
Partition 25	3528
Partition 26	3535
Partition 27	3586
Partition 29	3580
Partition 30	3571
Partition 31	3531
Partition 33	3589
path	5
T	7
cut	50
Partition 0	3536,3537,3527,3528,3535
Partition 1	3538,3540,3541,3548
Partition 2	3532,3533,3534,3530
Partition 3	3549,3552,3550,3551
Partition 4	3575,3576,3520,3574
Partition 5	3596,3553,3597,3599,3598
Partition 6	3565,3566,3567,3568,3569,3570
Partition 7	3561,3562,3522
Partition 8	3573,3557
Partition 9	3547,3542,3545,3546
Partition 10	3543,3544,3558,3529,3526,3581
Partition 11	3559,3560
Partition 13	3554,3523,3539
Partition 14	3583,3584,3582
Partition 15	3579,3577,3578,3587,3588,3521,3524
Partition 16	3595,3593,3594
Partition 17	3586,3589
Partition 18	3585
Partition 19	3525,3580,3590,3591,3563,3592,3564
Partition 20	3556,3555
Partition 23	3572,3571
Partition 27	3531
path	6
T	10
cut	57
Partition 0	3536,3537,3527
Partition 1	3538,3541,3548
Partition 2	3532,3533,3534,3530
Partition 3	3549,3552,3550,3551
Partition 4	3575,3576,3520,3574
Partition 5	3596,3553,3597,3599,3598
Partition 6	3566,3567,3568,3569,3570
Partition 7	3562,3563,3564
Partition 8	3573
Partition 9	3547,3542,3545,3546,3524
Partition 10	3543,3544,3529,3526,3581
Partition 11	3558,3559,3560
Partition 12	3525,3590,3591
Partition 13	3565,3521
Partition 14	3580,3583,3582
Partition 15	3577,3578,3587,3588
Partition 16	3586,3531,3589,3585,3595,3593,3594
Partition 18	3592
Partition 20	3579,3584
Partition 22	3561
Partition 23	3522
Partition 25	3554
Partition 26	3523
Partition 28	3556,3557
Partition 29	3555
Partition 32	3572,3571
Partition 33	3540
Partition 35	3539
Partition 39	3528,3535
path	7
T	9
cut	54
Partition 0	3536,3537,3522,3527
Partition 1	3538,3540,3541,3548
Partition 2	3532,3533,3534,3530
Partition 3	3549,3552,3550,3551
Partition 4	3575,3576,3520,3574
Partition 5	3596,3553,3597,3599,3598
Partition 6	3566,3567,3568,3569,3570
Partition 7	3561,3562,3563,3592,3564
Partition 8	3572,3573
Partition 9	3547,3545,3546
Partition 10	3543,3544,3529,3526,3581
Partition 11	3558,3559,3560
Partition 12	3525,3590,3591
Partition 13	3554,3565,3523,3539,3521
Partition 14	3580,3583,3582
Partition 15	3579,3531,3577,3578,3587,3588,3524
Partition 16	3585,3595,3593,3594
Partition 17	3555
Partition 21	3556
Partition 23	3557
Partition 28	3589
Partition 30	3584
Partition 31	3586
Partition 32	3571
Partition 33	3528,3535
Partition 36	3542
path	8
T	8
cut	50
Partition 0	3536,3537,3527
Partition 1	3538,3540,3541,3548
Partition 2	3532,3533,3534,3530
Partition 3	3547,3549,3550,3551
Partition 4	3573,3575,3576,3520,3574
Partition 5	3596,3553,3597,3599,3598
Partition 6	3566,3567,3568,3569,3570
Partition 7	3561,3562,3563,3564
Partition 8	3556
Partition 9	3542,3545,3572,3546
Partition 10	3543,3544,3529,3526,3581
Partition 11	3558,3531,3559,3560,3571
Partition 12	3590,3591,3592
Partition 13	3525,3554,3565,3523,3539,3521
Partition 14	3580,3583,3586,3584,3589,3582
Partition 15	3579,3577,3578,3587,3588,3524
Partition 16	3585,3595,3593,3594
Partition 18	3522
Partition 20	3528
Partition 23	3535
Partition 24	3555
Partition 25	3557
Partition 26	3552
path	9
T	10
cut	59
Partition 0	3536,3537,3527
Partition 1	3538,3540,3541,3548
Partition 2	3532,3533,3534,3530
Partition 3	3547,3549,3550,3551
Partition 4	3575,3576,3520,3574
Partition 5	3596,3553,3597,3599,3598,3552
Partition 6	3566,3567,3568,3569,3570
Partition 7	3561,3562,3563
Partition 8	3573,3557
Partition 9	3542,3545,3572,3546
Partition 10	3543,3544,3579,3529,3526,3581
Partition 11	3558,3559,3560
Partition 12	3525,3590
Partition 13	3554,3523,3539
Partition 14	3583,3584,3585,3582
Partition 15	3577,3578,3587,3588
Partition 16	3591,3592,3593,3594
Partition 17	3556
Partition 18	3524
Partition 19	3555
Partition 20	3564
Partition 23	3522
Partition 25	3528,3521
Partition 26	3535
Partition 27	3586
Partition 29	3580
Partition 30	3571
Partition 31	3531
Partition 33	3589
Partition 34	3595
Partition 35	3565
path	10
T	7
cut	57
Partition 0	3536,3537,3527
Partition 1	3538,3540,3541,3548
Partition 2	3528,3533,3534,3535
Partition 3	3549,3552,3550,3551
Partition 4	3575,3576,3520,3574
Partition 5	3596,3553,3597,3599,3598
Partition 6	3566,3567,3568,3569,3570
Partition 7	3561,3562,3522
Partition 8	3556,3557
Partition 9	3547,3542,3545,3546
Partition 10	3543,3544,3579,3558,3529,3526,3581
Partition 11	3531
Partition 13	3554,3523,3539
Partition 14	3583,3584,3582
Partition 15	3587,3588
Partition 16	3595,3593,3594
Partition 17	3586,3589
Partition 18	3585
Partition 19	3590,3591,3563,3592,3564
Partition 20	3555,3530
Partition 23	3572
Partition 27	3577,3578,3524
Partition 28	3565
Partition 29	3532
Partition 30	3573
Partition 31	3571
Partition 32	3559,3560,3521
Partition 34	3525
Partition 36	3580
