path	1
T	20
cut	70
Partition 0	7505,7581,7508,7533,7534,7532
Partition 1	7520,7536,7518,7519,7535
Partition 2	7513,7491,7511,7512
Partition 3	7509,7510,7523,7574
Partition 4	7500,7504
Partition 5	7593,7594,7595
Partition 6	7537,7538,7539,7592
Partition 7	7575,7580,7579,7588,7587
Partition 8	7577,7578,7493,7521,7522
Partition 9	7583,7582,7585,7584,7586
Partition 10	7490,7528,7529,7530,7531
Partition 11	7542,7514,7544,7543
Partition 12	7515,7516,7503,7569,7540,7541,7570
Partition 13	7546,7527,7547,7548
Partition 14	7549,7526,7550,7497,7559
Partition 15	7501,7545,7564,7563
Partition 16	7565,7498,7499,7562,7561
Partition 17	7506,7507,7560,7573,7590,7591,7572
Partition 18	7553,7551,7552,7554
Partition 19	7557,7555,7556,7568,7566,7567
Partition 20	7492
Partition 21	7589
Partition 23	7494
Partition 25	7496
Partition 26	7502
Partition 28	7517
Partition 33	7571
Partition 34	7525
Partition 36	7524
Partition 38	7576
Partition 40	7558
Partition 43	7495
path	2
T	19
cut	68
Partition 0	7505,7531,7581,7508,7533,7532
Partition 1	7520,7536,7517,7518,7519,7534,7535
Partition 2	7513,7491,7511,7512
Partition 3	7574,7569,7540,7541
Partition 4	7507,7500,7504,7524,7525,7560
Partition 5	7593,7594,7589,7595
Partition 6	7494,7537,7538,7539
Partition 7	7575,7580,7579,7588,7587
Partition 8	7576,7577,7578,7493,7521,7522
Partition 9	7583,7582,7585,7584,7586
Partition 10	7490,7506,7528,7529,7530
Partition 11	7542,7514,7544,7543
Partition 12	7509,7510,7516,7502,7503
Partition 13	7546,7527,7547,7548
Partition 14	7549,7526,7550,7497,7559,7563
Partition 15	7501,7564
Partition 16	7498,7499,7562,7561
Partition 17	7573,7590,7591,7592
Partition 18	7557,7553,7551,7552,7558,7554
Partition 19	7565,7555,7556,7495,7568,7566,7567
Partition 21	7492
Partition 22	7570
Partition 24	7571,7572
Partition 25	7496
Partition 26	7523
Partition 27	7545
Partition 28	7515
path	3
T	16
cut	62
Partition 0	7505,7531,7581,7508,7533,7532
Partition 1	7520,7536,7518,7519,7535
Partition 2	7513,7491,7511,7512
Partition 3	7509,7510,7574,7540,7541
Partition 4	7500,7502,7504
Partition 5	7592,7593,7594,7589,7595
Partition 6	7494,7537,7538,7539
Partition 7	7580,7579,7588,7587
Partition 8	7576,7577,7578,7493,7521,7522,7525
Partition 9	7583,7582,7585,7584,7586
Partition 10	7490,7506,7528,7529,7492,7530
Partition 11	7542,7514,7544,7543
Partition 12	7515,7516,7503,7569,7517,7570
Partition 13	7546,7527,7547,7548
Partition 14	7549,7526,7550,7497,7571
Partition 15	7501,7545,7564,7559,7563
Partition 16	7565,7498,7499,7562,7561
Partition 17	7507,7560,7573,7590,7591,7572
Partition 18	7557,7553,7551,7552,7558,7554
Partition 19	7555,7556,7495,7568,7566,7567
Partition 20	7534
Partition 21	7496
Partition 22	7575
Partition 25	7523
Partition 26	7524
path	4
T	18
cut	75
Partition 0	7531,7533,7532
Partition 1	7520,7536,7518,7519,7535
Partition 2	7513,7516,7517
Partition 3	7509,7510,7574,7540,7541
Partition 4	7524,7525
Partition 5	7593,7594,7589,7595
Partition 6	7494,7537,7538,7539
Partition 7	7575,7580,7579,7588,7587
Partition 8	7576,7577,7578,7493,7521,7522
Partition 9	7583,7582,7585,7584,7586
Partition 10	7490,7506,7528,7529,7492,7530
Partition 11	7542,7514,7544
Partition 12	7503,7569,7570
Partition 13	7546,7527,7547,7548
Partition 14	7549,7526,7550,7497,7559,7563
Partition 15	7501,7545,7564
Partition 16	7507,7565,7498,7499,7560,7561
Partition 17	7573,7568,7572
Partition 18	7543,7553,7551,7552,7554
Partition 19	7555,7495
Partition 20	7571
Partition 21	7567
Partition 24	7590,7591,7592
Partition 27	7534
Partition 28	7581
Partition 30	7496
Partition 31	7491,7500,7504
Partition 32	7523
Partition 33	7557,7556,7558
Partition 35	7566
Partition 36	7508
Partition 38	7505
Partition 39	7502
Partition 40	7515
Partition 41	7512
Partition 42	7511
Partition 44	7562
path	5
T	16
cut	67
Partition 0	7505,7581,7508,7533,7534,7532
Partition 1	7520,7536,7518,7519,7535
Partition 2	7513,7491,7511,7512
Partition 3	7509,7510,7574,7540,7541
Partition 4	7500,7502,7504
Partition 5	7593,7594,7589
Partition 6	7537,7538,7539
Partition 7	7578,7548,7575,7580,7579
Partition 8	7576,7577,7496,7493,7521
Partition 9	7582,7585,7584,7588,7586,7587
Partition 10	7490,7506,7528,7529,7530
Partition 11	7542,7514,7544,7543
Partition 12	7503,7569,7570
Partition 13	7595
Partition 14	7549,7526,7550,7497,7571
Partition 15	7501,7546,7545,7564,7547,7563
Partition 16	7565,7499,7562,7561
Partition 17	7507,7560,7573,7590,7591,7592,7572
Partition 18	7557,7553,7551,7552,7558,7554
Partition 19	7494,7555,7556,7495,7568,7566,7567
Partition 20	7527,7531
Partition 22	7492
Partition 23	7498
Partition 25	7559
Partition 26	7515,7516,7517
Partition 27	7524,7522,7525
Partition 29	7523
Partition 31	7583
path	6
T	18
cut	78
Partition 0	7531,7533,7532
Partition 1	7520,7536,7518,7519,7535
Partition 2	7513,7516,7517
Partition 3	7509,7510,7574,7540,7541
Partition 4	7524,7525
Partition 5	7593,7594,7589,7595
Partition 6	7494,7537,7538,7539
Partition 7	7575,7580,7579,7588,7587
Partition 8	7576,7577,7578,7493,7521,7522
Partition 9	7583,7582,7585,7584,7586
Partition 10	7490,7506,7528,7529,7492,7530
Partition 11	7542,7514,7544
Partition 12	7503,7569,7570
Partition 13	7546,7527,7547,7548
Partition 15	7501,7545,7564
Partition 16	7498,7499
Partition 17	7573,7568,7572
Partition 18	7543,7553,7551,7552,7554
Partition 19	7555,7495
Partition 20	7571
Partition 21	7567
Partition 24	7590,7591,7592
Partition 27	7534
Partition 28	7581
Partition 30	7496
Partition 31	7491,7500,7504
Partition 32	7523
Partition 33	7557,7556,7558
Partition 35	7566
Partition 36	7508
Partition 38	7505
Partition 39	7502
Partition 40	7515
Partition 41	7512
Partition 42	7511
Partition 44	7562
Partition 45	7549,7550,7497,7559
Partition 46	7526,7563
Partition 47	7507,7560,7561
Partition 48	7565
