path	1
T	3
cut	11
Partition 0	7503,7500,7501,7502
Partition 1	7491,7499,7498
Partition 2	7519,7521,7520,7518
Partition 3	7493,7508,7495
Partition 4	7492,7507,7506,7496
Partition 5	7490,7505,7504
Partition 6	7511,7517,7516
Partition 7	7509,7497,7510,7513
Partition 8	7512,7515,7494,7514
path	2
T	3
cut	11
Partition 0	7503,7500,7501,7502
Partition 1	7491,7499,7498
Partition 2	7519,7521,7520,7518
Partition 3	7493,7508,7495
Partition 4	7492,7507,7506,7496
Partition 5	7490,7505,7504
Partition 6	7511,7517,7516
Partition 7	7509,7497,7510,7513
Partition 8	7512,7515,7494,7514
path	3
T	3
cut	11
Partition 0	7503,7500,7501,7502
Partition 1	7491,7499,7498
Partition 2	7519,7521,7520,7518
Partition 3	7493,7508,7495
Partition 4	7492,7507,7506,7496
Partition 5	7490,7505,7504
Partition 6	7511,7517,7516
Partition 7	7509,7497,7510,7513
Partition 8	7512,7515,7494,7514
path	4
T	3
cut	11
Partition 0	7503,7500,7501,7502
Partition 1	7491,7499,7498
Partition 2	7519,7521,7520,7518
Partition 3	7493,7508,7495
Partition 4	7492,7507,7506,7496
Partition 5	7490,7505,7504
Partition 6	7511,7517,7516
Partition 7	7509,7497,7510,7513
Partition 8	7512,7515,7494,7514
path	5
T	3
cut	11
Partition 0	7503,7500,7501,7502
Partition 1	7491,7499,7498
Partition 2	7519,7521,7520,7518
Partition 3	7493,7508,7495
Partition 4	7492,7507,7506,7496
Partition 5	7490,7505,7504
Partition 6	7511,7517,7516
Partition 7	7509,7497,7510,7513
Partition 8	7512,7515,7494,7514
