cut	98
Partition 0	359,371,360
Partition 1	414,415,416
Partition 2	504,418,503,417
Partition 3	345,370,346
Partition 4	490,424,422,423
Partition 5	420,421,489,419
Partition 6	361,373,362
Partition 7	402,403,505
Partition 8	506,406,404,407,405
Partition 9	363,372,364
Partition 10	508,412,413,411
Partition 11	408,409,410,507
Partition 12	339,374,340
Partition 13	400,401,399
Partition 14	484,396,397,398,483
Partition 15	353,375,354
Partition 16	390,391,497
Partition 17	498,394,392,395,393
Partition 18	384,385,386
Partition 19	388,389,387
Partition 20	357,376,358
Partition 21	338,381,380
Partition 22	500,378,379,499
Partition 23	502,501,383
Partition 24	355,377,356,382
Partition 25	347,443,348
Partition 26	453,454,455
Partition 27	492,491,452,456
Partition 28	365,444,366
Partition 29	447,448,446,509
Partition 30	510,451,450,449
Partition 31	512,511,425
Partition 32	367,369,368
Partition 33	426,427,430,428,429
Partition 34	438,431,437
Partition 35	433,434,436,435
Partition 36	336,432,337,445
Partition 37	477,478,479
Partition 38	482,343,439,481
Partition 39	488,344,487,480
Partition 40	341,440,342
Partition 41	486,475,476,474
Partition 42	471,472,473,485
Partition 43	349,442,350
Partition 44	494,457,458,462
Partition 45	459,460,461,493
Partition 46	463,467,468
Partition 47	496,495,464
Partition 48	351,465,466
Partition 49	441,352,469,470
