cut	91
Partition 0	498,388,389,393
Partition 1	390,391,392,497
Partition 2	353,375,354
Partition 3	484,394,395,399
Partition 4	396,397,398,483
Partition 5	502,386,501,387
Partition 6	357,384,376,385,358
Partition 7	355,377,356
Partition 8	338,381,382,383
Partition 9	500,378,379,499,380
Partition 10	508,406,407,411
Partition 11	408,409,410,507
Partition 12	339,374,340,400
Partition 13	506,505,401,405
Partition 14	361,402,373,403,362,404
Partition 15	363,372,359,364
Partition 16	414,415,416,417
Partition 17	504,412,503,413
Partition 18	371,360,418,419
Partition 19	490,422,489,423
Partition 20	345,420,370,421,346
Partition 21	438,431,437
Partition 22	433,434,436,435
Partition 23	367,369,368,430
Partition 24	426,427,428,511
Partition 25	512,424,425,429
Partition 26	347,443,348,457
Partition 27	453,454,455,456
Partition 28	492,451,491,452
Partition 29	336,432,337,445
Partition 30	365,447,444,366
Partition 31	510,448,446,450,449,509
Partition 32	486,473,485,474
Partition 33	341,471,440,472,342
Partition 34	482,343,439,344,481
Partition 35	477,478,479,480
Partition 36	488,475,487,476
Partition 37	351,441,352
Partition 38	469,470,468
Partition 39	496,465,466,467,495
Partition 40	494,459,493,458
Partition 41	349,442,460,350
Partition 42	463,461,464,462
