path	1
T	13
cut	52
Partition 0	3572
Partition 1	3584,3585,3587,3588
Partition 2	3560,3526,3531,3544
Partition 3	3573,3575,3565,3577,3576
Partition 4	3564
Partition 5	3524,3528,3529,3527,3530,3557,3523
Partition 7	3561,3559,3562,3558,3520
Partition 8	3568,3570,3569
Partition 9	3542,3548,3549,3553,3554,3541
Partition 10	3543,3545,3546,3547
Partition 11	3535,3580,3578,3581
Partition 12	3579,3552,3550,3551
Partition 13	3571,3596,3597
Partition 14	3522,3539,3567,3555,3556
Partition 15	3537,3533,3538
Partition 16	3583,3594,3595,3593,3582
Partition 17	3589,3590,3591,3525,3592
Partition 18	3598
Partition 20	3574
Partition 21	3563
Partition 22	3521
Partition 23	3532
Partition 25	3586
Partition 27	3534,3536
Partition 28	3540
Partition 29	3566
path	2
T	14
cut	47
Partition 0	3524,3572,3574,3586
Partition 1	3584,3585,3587,3588
Partition 2	3560,3526,3531,3544
Partition 3	3573,3575,3565,3577,3576
Partition 4	3534,3536,3529,3530
Partition 5	3527,3564,3557,3523
Partition 7	3561,3559,3562,3558,3520
Partition 8	3568,3563,3570,3569
Partition 9	3542,3548,3549,3553,3540,3541,3566
Partition 10	3543,3545,3546,3547
Partition 11	3535,3580,3578,3581
Partition 12	3579,3550,3551
Partition 13	3571,3596,3598,3597
Partition 14	3522,3539,3555,3554,3521,3556
Partition 15	3537,3533,3538,3532
Partition 16	3583,3594,3595,3593,3582
Partition 17	3589,3590,3591,3525,3592
Partition 18	3552
Partition 19	3567
Partition 21	3528
path	3
T	15
cut	48
Partition 0	3524,3572,3574,3586
Partition 1	3584,3585,3587,3588
Partition 2	3560,3526,3531,3544
Partition 3	3573,3575,3565,3577,3576
Partition 4	3534,3536,3529,3530
Partition 5	3527,3564,3557,3523
Partition 6	3522,3567,3540,3566
Partition 7	3561,3559,3562,3558,3520
Partition 8	3568,3563,3570,3569
Partition 9	3542,3548,3549,3553,3554
Partition 10	3543,3545,3546,3547
Partition 11	3535,3580,3578,3581
Partition 12	3579,3552,3550,3551
Partition 13	3571,3596,3598,3597
Partition 14	3539
Partition 15	3537,3533,3538,3532
Partition 16	3583,3594,3595,3593,3582
Partition 17	3589,3590,3591,3525,3592
Partition 19	3541
Partition 22	3528
Partition 25	3555,3521,3556
path	4
T	16
cut	51
Partition 0	3572,3586
Partition 1	3584,3585,3587,3588
Partition 2	3560,3526,3531,3544
Partition 3	3573,3575,3565,3577,3576
Partition 4	3534,3536
Partition 5	3564,3569
Partition 6	3522,3567,3566,3520
Partition 7	3561,3559,3562,3558
Partition 8	3557
Partition 9	3542,3548,3549,3553,3554,3541
Partition 10	3543,3545,3546,3547
Partition 11	3535,3580,3578,3581
Partition 12	3524,3579,3552,3550,3551
Partition 13	3571,3596,3598,3597
Partition 14	3539,3555,3521,3556
Partition 15	3537,3533,3538,3532
Partition 16	3583,3594,3595,3593,3582
Partition 17	3589,3590,3591,3525,3592
Partition 19	3528,3529,3527,3530
Partition 20	3540,3523
Partition 21	3563
Partition 22	3570
Partition 23	3574
Partition 27	3568
path	5
T	13
cut	47
Partition 0	3524,3572,3574,3586
Partition 1	3584,3585,3587,3588
Partition 2	3560,3526,3531,3544
Partition 3	3573,3575,3565,3577,3576
Partition 4	3534,3536,3529,3530
Partition 5	3527,3564,3557,3523
Partition 6	3522,3567,3566
Partition 7	3561,3559,3562,3558,3520
Partition 8	3568,3563,3570,3569
Partition 9	3542,3548,3549,3553,3554,3540,3541
Partition 10	3545,3546,3547
Partition 11	3535,3580,3578,3581
Partition 12	3579,3552,3550,3551
Partition 13	3571,3596,3598,3597
Partition 14	3539,3555,3521,3556
Partition 15	3537,3533,3538,3532
Partition 16	3583,3594,3595,3593,3582
Partition 17	3589,3590,3591,3525,3592
Partition 19	3543
Partition 24	3528
path	6
T	11
cut	56
Partition 0	3566
Partition 1	3585,3587,3588
Partition 2	3560,3544
Partition 3	3573,3575,3565,3577,3576
Partition 4	3564
Partition 5	3524,3528,3529,3527,3530,3557,3523
Partition 7	3561,3559,3562,3558
Partition 8	3568,3570,3569
Partition 9	3542,3548,3549,3553,3554,3541
Partition 10	3543,3545,3546,3547
Partition 11	3535,3580,3578,3581
Partition 12	3579,3552,3550,3551
Partition 13	3571,3596,3597
Partition 14	3522,3539,3567,3555
Partition 15	3537,3533,3538
Partition 16	3583,3594,3595,3593,3582
Partition 17	3589,3590,3591,3525,3592
Partition 18	3556,3598
Partition 20	3574
Partition 21	3563
Partition 22	3521
Partition 23	3532
Partition 25	3586
Partition 27	3536
Partition 28	3540
Partition 29	3572,3534,3520
Partition 30	3531
Partition 37	3526
Partition 39	3584
