path	1
T	16
cut	53
Partition 0	3573,3522,3553,3554
Partition 1	3555,3552,3556
Partition 2	3572,3547,3546
Partition 3	3523,3544,3561,3576,3562,3560
Partition 4	3574,3575,3582,3581
Partition 5	3521,3598,3596,3597
Partition 6	3577,3579,3580
Partition 7	3550,3578,3551,3548,3549
Partition 8	3541,3524,3534,3535,3586,3587
Partition 9	3559,3599,3600,3601
Partition 10	3566,3571,3570
Partition 11	3567,3568
Partition 12	3527,3528,3588,3589
Partition 13	3591,3592,3593,3594,3595
Partition 14	3533,3532,3542
Partition 15	3557,3543,3558
Partition 16	3529,3563,3565,3564
Partition 17	3536,3537,3520
Partition 18	3539,3538,3540,3585,3530,3531,3584
Partition 19	3602
Partition 21	3569
Partition 22	3526,3590
Partition 23	3545
Partition 24	3583
Partition 25	3525
path	2
T	13
cut	55
Partition 0	3573,3522,3553,3554
Partition 1	3555,3556
Partition 2	3572,3551,3547,3552,3546
Partition 3	3561,3562
Partition 4	3574,3575,3582,3581
Partition 5	3521,3598,3595,3596,3597
Partition 6	3577,3579,3580
Partition 7	3578,3526,3548,3549,3583
Partition 8	3576,3534,3535,3586,3587,3525
Partition 9	3559,3599,3600,3601
Partition 10	3566,3571,3570
Partition 11	3528,3567,3568,3569
Partition 12	3588,3589,3594
Partition 13	3591,3592,3593
Partition 14	3533,3532,3542
Partition 15	3557,3543,3558
Partition 16	3529,3563,3565,3564
Partition 18	3539,3538,3540,3541,3530,3537,3531
Partition 19	3527
Partition 20	3602
Partition 22	3524
Partition 24	3545,3585,3584
Partition 26	3560
Partition 27	3550
Partition 28	3523,3544
Partition 29	3590
Partition 31	3520
Partition 33	3536
path	3
T	16
cut	58
Partition 0	3573,3522,3553,3554
Partition 2	3551,3547,3546
Partition 3	3544,3545
Partition 4	3574,3575,3582,3581
Partition 5	3521,3598,3536,3537,3583,3596,3597
Partition 6	3577,3579,3520,3580
Partition 7	3524,3578,3526,3548,3549
Partition 8	3523,3561,3576,3560,3586,3587,3525
Partition 9	3559,3599,3600,3543,3558
Partition 10	3585,3566,3571,3584,3570
Partition 11	3567,3568,3569
Partition 12	3527,3528,3588
Partition 13	3591,3592,3593,3594
Partition 14	3533,3532,3542
Partition 15	3552,3556,3557
Partition 16	3563,3565,3564
Partition 18	3539,3538,3540
Partition 20	3595
Partition 21	3601,3602
Partition 22	3562
Partition 23	3555
Partition 25	3572
Partition 26	3541
Partition 29	3529,3530,3531
Partition 30	3534
Partition 31	3535
Partition 32	3550
Partition 33	3589
Partition 34	3590
path	4
T	15
cut	55
Partition 0	3573,3522,3553,3554
Partition 1	3552,3556
Partition 2	3572,3547,3546
Partition 3	3523,3544,3561,3562,3560
Partition 4	3574,3575,3582,3581
Partition 5	3521,3598,3596,3597
Partition 6	3577,3579,3580
Partition 7	3524,3534,3550,3578,3548,3549,3583
Partition 8	3576,3586,3587,3525
Partition 9	3559,3599,3600,3601,3602
Partition 10	3566,3571,3570
Partition 11	3567,3568,3569
Partition 12	3527,3528,3588,3541,3535,3589
Partition 13	3590,3591,3592,3593,3594
Partition 14	3542
Partition 15	3557,3543,3558
Partition 16	3529,3563,3565,3564
Partition 17	3585,3584
Partition 18	3539,3538,3540
Partition 21	3520
Partition 24	3595
Partition 26	3526
Partition 28	3551
Partition 30	3530,3531,3532
Partition 32	3533
Partition 33	3555
Partition 35	3545
Partition 37	3536,3537
path	5
T	14
cut	55
Partition 0	3573,3522,3553,3554
Partition 1	3550,3551,3555,3552,3556,3557
Partition 3	3523,3544,3561,3545,3562,3560
Partition 4	3574,3575,3582,3581
Partition 5	3521,3598,3585,3594,3595,3596,3597
Partition 6	3520
Partition 7	3549,3583
Partition 8	3586,3587
Partition 9	3559,3599,3600,3601
Partition 10	3566,3571,3570
Partition 11	3567,3568,3569
Partition 12	3584
Partition 13	3591,3592,3593
Partition 14	3541,3524,3534,3578,3535,3548,3542
Partition 15	3543,3558
Partition 16	3529,3563,3565,3564
Partition 18	3539,3538,3540,3530,3531,3532
Partition 20	3589
Partition 21	3547
Partition 22	3602
Partition 23	3528,3533,3588
Partition 25	3527
Partition 26	3579,3580
Partition 27	3576,3577,3525
Partition 29	3526,3590
Partition 30	3536,3537
Partition 31	3546
Partition 33	3572
path	6
T	14
cut	57
Partition 0	3573,3522,3553,3554
Partition 1	3555,3552,3556
Partition 2	3572,3551,3547,3546
Partition 3	3523,3544,3561,3562,3560
Partition 4	3574,3575,3582,3581
Partition 5	3521,3598,3596,3597
Partition 6	3577,3578,3579,3548,3580
Partition 7	3550,3549
Partition 8	3524,3534,3535
Partition 9	3559,3599,3600,3601
Partition 10	3566,3571,3570
Partition 11	3567,3568
Partition 12	3527,3528,3588,3587,3589
Partition 13	3591,3592,3593,3594,3595
Partition 14	3533,3532,3542
Partition 15	3557,3543,3558
Partition 16	3529,3563,3565,3564
Partition 17	3537
Partition 18	3539,3538,3540,3585,3530,3531,3584
Partition 19	3602
Partition 21	3569
Partition 22	3526,3590
Partition 23	3545
Partition 24	3583
Partition 25	3525
Partition 30	3576
Partition 33	3520
Partition 34	3536
Partition 35	3541
Partition 41	3586
path	7
T	13
cut	58
Partition 0	3573,3522,3553,3554
Partition 1	3555,3556
Partition 2	3572,3551,3547,3552,3546
Partition 3	3561,3562
Partition 4	3574,3575,3582,3581
Partition 5	3521,3598,3595,3596,3597
Partition 6	3577,3579,3580
Partition 7	3578,3526,3548,3549,3583
Partition 8	3576,3534,3535,3586,3587,3525
Partition 9	3559,3599,3600,3601
Partition 10	3566,3571,3570
Partition 11	3567,3568,3569
Partition 12	3588,3589,3594
Partition 13	3591,3592,3593
Partition 14	3533,3532,3542
Partition 15	3557,3543,3558
Partition 16	3529,3563,3565,3564
Partition 18	3539,3538,3540,3530,3537,3531
Partition 19	3527
Partition 20	3602
Partition 22	3524
Partition 24	3585,3584
Partition 26	3560
Partition 27	3550
Partition 28	3523,3544
Partition 29	3590
Partition 31	3520
Partition 33	3536
Partition 35	3528
Partition 37	3541
Partition 39	3545
path	8
T	12
cut	60
Partition 0	3573,3522,3553,3554
Partition 2	3551,3547,3546
Partition 3	3544,3545
Partition 4	3574,3575,3582,3581
Partition 5	3521,3598,3536,3537,3583,3597
Partition 6	3577,3579,3580
Partition 7	3524,3578,3526,3548,3549
Partition 8	3523,3561,3576,3560,3586,3587,3525
Partition 9	3559,3599,3600,3543,3558
Partition 10	3566,3571,3570
Partition 11	3567,3568,3569
Partition 12	3527,3528,3588
Partition 13	3591,3592,3593,3594
Partition 14	3533,3532,3542
Partition 15	3552,3556,3557
Partition 16	3563,3565,3564
Partition 18	3539,3538,3540,3541,3530
Partition 20	3595
Partition 21	3601,3602
Partition 22	3562
Partition 23	3555
Partition 25	3572
Partition 29	3531,3584
Partition 30	3534
Partition 31	3535
Partition 32	3550
Partition 33	3589
Partition 34	3520
Partition 35	3596
Partition 36	3590
Partition 41	3585
Partition 44	3529
path	9
T	11
cut	58
Partition 0	3573,3522,3553,3554
Partition 1	3552,3556
Partition 2	3572,3547,3546
Partition 3	3523,3544,3561,3562,3560
Partition 4	3574,3575,3582,3581
Partition 5	3521,3598,3596,3597
Partition 6	3579,3580
Partition 7	3524,3550,3578,3548,3549,3583
Partition 8	3586,3587,3525
Partition 9	3559,3599,3600,3601,3602
Partition 10	3566,3571,3570
Partition 11	3567,3568,3569
Partition 12	3527,3528,3588,3589
Partition 13	3590,3591,3592,3593,3594
Partition 14	3542
Partition 15	3557,3543,3558
Partition 16	3529,3563,3565,3564
Partition 17	3585,3584
Partition 18	3539,3538,3540
Partition 21	3520
Partition 24	3595
Partition 26	3526
Partition 28	3551
Partition 30	3530,3531,3532
Partition 32	3533
Partition 33	3555
Partition 35	3545
Partition 37	3537
Partition 40	3576
Partition 41	3577
Partition 42	3541,3534,3535
Partition 43	3536
path	10
T	13
cut	61
Partition 0	3573,3522,3553,3554
Partition 1	3550,3551,3555,3552,3556,3557
Partition 3	3523,3544,3561,3562,3560
Partition 4	3574,3575,3582,3581
Partition 5	3521,3598,3595,3596,3597
Partition 6	3520
Partition 7	3549,3583
Partition 8	3586,3587
Partition 9	3559,3599,3600,3601
Partition 10	3566,3571,3570
Partition 11	3567,3568,3569
Partition 12	3585,3584
Partition 13	3591,3592,3593,3594
Partition 14	3541,3524,3534,3578,3535,3548,3542
Partition 15	3543,3558
Partition 16	3529,3563,3565,3564
Partition 18	3530,3531,3532
Partition 20	3589
Partition 21	3547
Partition 22	3602
Partition 23	3527,3528,3588
Partition 25	3533
Partition 26	3579,3580
Partition 27	3576,3577
Partition 29	3526,3590
Partition 30	3537
Partition 31	3546
Partition 33	3572
Partition 35	3536
Partition 36	3525
Partition 40	3545
Partition 42	3538
Partition 43	3540
Partition 44	3539
