path	1
T	10
cut	44
Partition 0	3547,3549,3548
Partition 1	3552,3553,3550
Partition 2	3543,3538,3539
Partition 3	3551,3536,3537
Partition 4	3581,3584,3582,3583
Partition 5	3546,3544,3545
Partition 6	3527,3528,3534,3535
Partition 7	3554,3565,3566,3564
Partition 8	3522,3540
Partition 9	3525,3529,3559,3567
Partition 10	3531,3532,3533
Partition 11	3560,3561,3562,3563
Partition 12	3576,3521
Partition 13	3557,3574,3575,3555
Partition 14	3556,3523
Partition 15	3573,3580,3571,3572
Partition 16	3577,3578
Partition 17	3585
Partition 18	3526,3542
Partition 19	3524
Partition 21	3541
Partition 26	3530
Partition 27	3569,3568,3520,3570
Partition 28	3558
Partition 29	3579
path	2
T	8
cut	42
Partition 0	3526,3547,3549,3548
Partition 1	3552,3553,3550
Partition 2	3542,3543
Partition 3	3551,3536,3537
Partition 4	3580,3581,3584,3585,3582,3583
Partition 5	3546,3544,3545
Partition 6	3527,3528,3534,3535
Partition 7	3554,3565,3566,3564
Partition 8	3522,3540
Partition 9	3525,3529,3559,3524
Partition 10	3531,3532,3533,3530
Partition 11	3560,3561,3562,3563
Partition 12	3576,3521
Partition 13	3557,3574,3575,3555
Partition 14	3567,3569
Partition 15	3573,3571,3572,3570
Partition 16	3539,3568,3578,3520,3579
Partition 17	3538
Partition 20	3577
Partition 22	3541
Partition 24	3556
Partition 27	3523
Partition 29	3558
path	3
T	11
cut	40
Partition 0	3526,3542,3547,3549,3548
Partition 1	3552,3553,3550
Partition 2	3543,3538,3539,3520
Partition 3	3551,3537,3577
Partition 4	3581,3584,3585,3582,3583
Partition 5	3546,3544,3545
Partition 6	3527,3528,3534,3535
Partition 7	3554,3565,3566,3564
Partition 8	3522,3540
Partition 9	3525,3529,3559,3524,3568
Partition 10	3531,3532,3533,3530
Partition 11	3560,3561,3562,3563
Partition 13	3556,3557,3574,3575,3555
Partition 14	3576,3567,3578,3521
Partition 15	3573,3580,3571,3572
Partition 17	3569,3570
Partition 18	3536
Partition 21	3541
Partition 22	3523
Partition 24	3579
Partition 25	3558
path	4
T	10
cut	37
Partition 0	3526,3547,3549,3548
Partition 1	3552,3553,3550
Partition 2	3543,3538,3539
Partition 3	3551,3537,3577
Partition 4	3581,3584,3585,3582,3583
Partition 5	3546,3544,3545
Partition 6	3527,3528,3534,3535
Partition 7	3554,3565,3566,3564
Partition 8	3542,3522,3536,3540,3541
Partition 9	3525,3529,3559,3567,3524
Partition 10	3531,3532,3533,3530
Partition 11	3558,3560,3561,3562,3563
Partition 12	3576,3521
Partition 13	3556,3557,3574,3575,3555
Partition 14	3569,3570
Partition 15	3573,3580,3571,3572
Partition 16	3568,3578,3520,3579
Partition 19	3523
path	5
T	8
cut	42
Partition 0	3526,3547,3549,3548
Partition 1	3552,3553,3550
Partition 2	3542,3543,3538,3539,3520
Partition 3	3551,3536,3537
Partition 4	3580,3581,3584,3585,3582,3583
Partition 5	3546,3544,3545
Partition 6	3527,3528,3534,3535
Partition 7	3554,3565,3566,3564
Partition 9	3525,3529,3559,3524
Partition 10	3531,3532,3533,3522,3530
Partition 11	3560,3561,3562,3563
Partition 12	3558,3521
Partition 13	3557,3574,3575,3555
Partition 14	3567,3569
Partition 15	3573,3571,3572,3570
Partition 16	3578
Partition 19	3577
Partition 20	3568
Partition 21	3541
Partition 22	3556,3523
Partition 25	3540
Partition 27	3579
Partition 29	3576
path	6
T	7
cut	45
Partition 0	3526,3547,3549,3548
Partition 1	3552,3553,3550
Partition 2	3542,3543
Partition 3	3551,3536,3537
Partition 4	3580,3581,3584,3585,3582,3583
Partition 5	3546,3544,3545
Partition 6	3527,3528,3534,3535
Partition 7	3554,3565,3566,3564
Partition 8	3522,3540
Partition 9	3525,3529,3559,3524
Partition 10	3531,3532,3533,3530
Partition 11	3560,3561,3562,3563
Partition 12	3576,3521
Partition 13	3557,3574,3575,3555
Partition 14	3567,3569
Partition 15	3573,3571,3572,3570
Partition 16	3578,3579
Partition 17	3538
Partition 20	3577
Partition 22	3541
Partition 24	3556
Partition 27	3523
Partition 29	3558
Partition 30	3539
Partition 32	3520
Partition 33	3568
path	7
T	10
cut	41
Partition 0	3526,3542,3547,3543,3549,3548,3523
Partition 1	3552,3553,3550
Partition 2	3538,3539
Partition 3	3551,3537,3577
Partition 4	3581,3584,3585,3582,3583
Partition 5	3546,3544,3545
Partition 6	3527,3528,3534,3535
Partition 7	3554,3565,3566,3564
Partition 8	3522,3540
Partition 9	3525,3529,3559,3567,3524,3568
Partition 10	3531,3532,3533,3530
Partition 11	3560,3561,3562,3563
Partition 13	3556,3557,3574,3575,3555
Partition 14	3576,3578
Partition 15	3573,3580,3571,3572
Partition 17	3569,3570
Partition 18	3536
Partition 21	3541
Partition 24	3579
Partition 25	3558
Partition 26	3520
Partition 27	3521
path	8
T	7
cut	43
Partition 0	3526,3542,3547,3549,3548
Partition 1	3552,3553,3550
Partition 2	3543,3538,3539
Partition 3	3551,3536,3537
Partition 4	3580,3581,3584,3585,3582,3583
Partition 5	3546,3544,3545
Partition 6	3527,3528,3534,3533,3535
Partition 7	3554,3565,3566,3564
Partition 9	3525,3529,3559,3530,3524
Partition 10	3531,3520
Partition 11	3560,3561,3562,3563
Partition 12	3558,3521
Partition 13	3557,3574,3575,3555
Partition 14	3567,3569
Partition 15	3573,3571,3572,3570
Partition 16	3578
Partition 19	3577
Partition 20	3568
Partition 21	3541
Partition 22	3556,3523
Partition 25	3540
Partition 27	3579
Partition 29	3576
Partition 31	3532,3522
path	9
T	10
cut	41
Partition 0	3526,3542,3547,3549,3548
Partition 1	3552,3553,3550
Partition 2	3543,3538,3539
Partition 3	3551,3522,3536,3537,3577
Partition 4	3580,3581,3584,3585,3582,3583
Partition 5	3546,3544,3545
Partition 6	3527,3528,3534,3535
Partition 7	3554,3565,3566,3564
Partition 9	3525,3529,3559,3567,3524
Partition 10	3531,3532,3533,3530
Partition 11	3560,3561,3562,3563
Partition 12	3558,3521
Partition 13	3557,3574,3575,3555
Partition 14	3569,3568
Partition 15	3573,3571,3572,3570
Partition 16	3578
Partition 20	3520
Partition 21	3541
Partition 22	3556,3523
Partition 25	3540
Partition 27	3579
Partition 29	3576
