path	1
T	10
cut	35
Partition 0	1676,1677
Partition 1	1679,1678,1680
Partition 2	1694,1718,1719,1717
Partition 3	1716,1715
Partition 4	1685,1684
Partition 5	1662,1682
Partition 6	1693
Partition 7	1689,1690,1681,1691,1692
Partition 8	1696,1697,1666,1709
Partition 9	1710,1701,1702,1711
Partition 10	1703,1704,1663
Partition 11	1708,1713,1712,1714
Partition 12	1671,1705,1700,1706,1707
Partition 13	1695
Partition 14	1686,1687,1688,1667
Partition 15	1668,1669,1664
Partition 16	1672,1673,1675,1674
Partition 17	1670
Partition 18	1683,1665
Partition 20	1699
Partition 21	1698
path	2
T	9
cut	34
Partition 0	1677,1679,1680
Partition 1	1678,1665
Partition 2	1694,1718,1719,1717
Partition 3	1716,1715
Partition 4	1690,1681,1691
Partition 5	1662,1682
Partition 6	1673,1675,1674
Partition 7	1693,1692
Partition 8	1676,1683,1696,1666,1709
Partition 9	1710,1701,1711,1712
Partition 10	1705,1700,1702,1706
Partition 11	1703,1704,1663
Partition 12	1671
Partition 13	1697,1698,1699
Partition 14	1686,1687,1667
Partition 15	1708,1713,1668,1664,1714
Partition 17	1672
Partition 18	1670,1669,1695
Partition 19	1707
Partition 20	1685,1684,1688,1689
path	3
T	9
cut	34
Partition 0	1677,1679,1680
Partition 1	1678,1665
Partition 2	1718,1719,1717
Partition 3	1681,1691
Partition 4	1662,1682,1685,1689,1690
Partition 6	1673,1675,1674
Partition 7	1694,1693,1692
Partition 8	1676,1683,1696,1666,1709
Partition 9	1710,1701,1702,1711,1712
Partition 10	1705
Partition 11	1703,1704,1713,1663,1672
Partition 12	1670,1697,1669,1695,1698
Partition 13	1700,1699
Partition 14	1686,1687,1667
Partition 15	1708,1668,1664
Partition 16	1714
Partition 17	1688
Partition 18	1684
Partition 19	1671
Partition 20	1706,1707,1716,1715
path	4
T	8
cut	33
Partition 0	1677,1679,1680
Partition 1	1678,1665
Partition 2	1694,1718,1719,1693,1717
Partition 3	1708,1713,1714,1716,1715
Partition 4	1688,1689,1690
Partition 5	1662,1682,1685,1684,1672
Partition 6	1674
Partition 7	1681,1691,1692
Partition 8	1676,1683,1696,1666,1709
Partition 9	1710,1701,1711,1712
Partition 10	1705,1702
Partition 11	1703,1704,1663
Partition 12	1670,1671,1675,1700,1706
Partition 13	1697,1698,1699
Partition 14	1668,1669,1695,1667,1664
Partition 15	1686
Partition 17	1673
Partition 18	1707
Partition 20	1687
path	5
T	7
cut	37
Partition 0	1677,1679,1680
Partition 1	1678,1665
Partition 2	1718,1719,1717
Partition 3	1681,1691,1707,1716,1715
Partition 4	1688,1689,1690
Partition 5	1662,1682,1685,1684,1672
Partition 6	1673,1674
Partition 7	1694,1693,1692
Partition 8	1676
Partition 9	1710,1701,1711,1712
Partition 10	1702
Partition 11	1703,1704,1663
Partition 12	1670,1671,1700,1706,1699
Partition 13	1695
Partition 14	1686,1687,1667
Partition 15	1668,1669,1664
Partition 16	1675
Partition 17	1708,1713,1714
Partition 18	1705
Partition 19	1666,1709
Partition 20	1696,1697,1698
Partition 21	1683
