cut	43
Partition 0	7547,7531,7548
Partition 1	7546,7549,7550
Partition 2	7503,7502,7501
Partition 3	7514,7513,7504
Partition 4	7491,7555,7556
Partition 5	7530,7490
Partition 6	7554,7529,7553
Partition 7	7559,7558,7545,7557
Partition 8	7534,7552,7551
Partition 9	7532,7533,7500
Partition 10	7536,7537,7538
Partition 11	7494,7543,7544
Partition 12	7508,7509,7510
Partition 13	7506,7511,7512
Partition 14	7495,7499,7498
Partition 15	7539,7515,7492
Partition 16	7540,7541,7542
Partition 17	7520,7519,7517
Partition 18	7518,7497
Partition 19	7505,7507,7493,7535
Partition 20	7521,7516,7522
Partition 21	7528,7496,7526,7527
Partition 22	7523,7524,7525
