path	1
T	13
cut	47
Partition 0	3526,3552
Partition 1	3530,3522,3573
Partition 2	3550,3551,3560,3554,3553
Partition 3	3524,3529,3577,3578
Partition 4	3575,3580,3574
Partition 5	3545,3572,3533,3534
Partition 6	3523,3536,3546,3548,3547
Partition 7	3564,3561,3562,3563
Partition 8	3569,3571,3570
Partition 9	3567,3556,3576
Partition 10	3521,3566
Partition 11	3549,3558
Partition 12	3543,3583,3582
Partition 13	3565,3585,3584
Partition 14	3532,3531,3542,3541
Partition 15	3544,3520
Partition 16	3540,3559,3537,3538,3525,3539
Partition 17	3581
Partition 18	3555
Partition 19	3568
Partition 20	3579
Partition 21	3527,3528
Partition 22	3535
Partition 24	3557
path	2
T	14
cut	45
Partition 0	3526,3552
Partition 1	3540,3530,3522,3573,3541
Partition 2	3550,3551
Partition 3	3524,3529,3577,3578
Partition 4	3575,3580,3574
Partition 5	3545,3572,3533,3534
Partition 6	3523,3536,3548,3547,3535
Partition 7	3560,3561,3562,3563
Partition 8	3554,3553
Partition 9	3567,3556,3576
Partition 10	3521,3543,3542
Partition 12	3571,3581,3582
Partition 13	3565,3585,3583,3559,3564,3584
Partition 14	3527,3528,3532,3531
Partition 15	3544,3520
Partition 16	3537,3538,3539
Partition 17	3566,3568,3549,3558
Partition 18	3546
Partition 20	3569,3570,3555,3525
Partition 21	3579
Partition 22	3557
path	3
T	10
cut	46
Partition 0	3582
Partition 1	3529
Partition 2	3551,3560,3554,3553
Partition 3	3577,3578,3579
Partition 4	3580,3581
Partition 5	3545,3546,3572,3534
Partition 7	3561,3562,3563
Partition 8	3569,3571,3570
Partition 9	3556,3576
Partition 10	3521,3566,3567
Partition 11	3568,3550,3557,3549,3558
Partition 13	3565,3585,3564,3584
Partition 14	3527,3528,3532,3530,3531
Partition 15	3547,3544,3520
Partition 16	3543,3583,3540,3538,3539,3542,3541
Partition 18	3524,3535,3533
Partition 19	3523,3536,3548
Partition 21	3522,3573,3526,3537,3552,3555
Partition 22	3559
Partition 24	3525
Partition 26	3575
Partition 27	3574
path	4
T	7
cut	47
Partition 0	3537
Partition 1	3529,3530,3522,3573
Partition 2	3550,3551,3554,3552,3553
Partition 3	3577,3578,3579
Partition 4	3575,3580,3574
Partition 5	3545,3572,3533,3534
Partition 6	3546,3548,3547
Partition 7	3561,3562,3563
Partition 8	3569,3571,3570
Partition 9	3567,3556,3576
Partition 10	3521,3566
Partition 11	3557,3558
Partition 12	3583,3581,3582
Partition 13	3565,3585,3564,3584
Partition 14	3543,3528,3540,3532,3531,3542,3541
Partition 15	3527,3544,3549,3525,3520
Partition 16	3538,3539
Partition 21	3568
Partition 24	3526,3555
Partition 28	3523,3536,3535
Partition 30	3559
Partition 32	3524
Partition 33	3560
path	5
T	9
cut	43
Partition 0	3526,3537,3552,3538
Partition 1	3530,3522,3573
Partition 2	3551,3560,3554,3553
Partition 3	3524,3529,3577,3578
Partition 4	3575,3580,3574
Partition 5	3545,3572,3533,3534
Partition 6	3566,3523,3536,3546,3548,3547,3535
Partition 7	3561,3562,3563
Partition 8	3569,3571,3570,3555
Partition 9	3567,3556,3576
Partition 10	3521
Partition 11	3568,3550,3557,3549,3558
Partition 12	3583,3581,3582
Partition 13	3565,3585,3564,3584
Partition 14	3543,3542,3541
Partition 15	3527,3528,3532
Partition 16	3540,3559,3525,3539
Partition 17	3579
Partition 19	3531
Partition 20	3544,3520
path	6
T	11
cut	50
Partition 0	3526,3552
Partition 1	3530,3522,3573
Partition 2	3551,3560,3554,3553
Partition 3	3524,3529,3577,3578
Partition 4	3575,3580,3574
Partition 5	3545,3572,3533,3534
Partition 6	3546,3548,3547
Partition 7	3564,3561,3562,3563
Partition 8	3569,3571,3570
Partition 9	3567,3556,3576
Partition 10	3521,3566
Partition 11	3549,3558
Partition 12	3543,3583,3582
Partition 13	3565,3585,3584
Partition 14	3532,3531,3542,3541
Partition 15	3544,3520
Partition 16	3540,3559,3537,3538,3525,3539
Partition 17	3581
Partition 18	3555
Partition 19	3568
Partition 20	3579
Partition 21	3527,3528
Partition 22	3535
Partition 24	3557
Partition 25	3523
Partition 26	3550
Partition 28	3536
path	7
T	16
cut	48
Partition 0	3526,3552
Partition 1	3530,3522,3573
Partition 2	3550,3551
Partition 3	3524,3529,3577,3578
Partition 4	3575,3580,3574
Partition 5	3545,3572,3533,3534
Partition 6	3523,3536,3540,3548,3547,3535
Partition 7	3560,3561,3562,3563
Partition 8	3554,3553
Partition 9	3567,3556,3576
Partition 10	3521,3543,3542
Partition 12	3571,3581,3582
Partition 13	3565,3585,3583,3584
Partition 14	3527,3528,3532,3531
Partition 15	3544,3520
Partition 16	3537,3538,3539
Partition 17	3549,3558
Partition 18	3546
Partition 20	3569,3559,3570,3555,3525
Partition 21	3579
Partition 22	3557
Partition 24	3564
Partition 25	3541
Partition 26	3566
Partition 27	3568
path	8
T	8
cut	50
Partition 0	3582
Partition 1	3529
Partition 2	3550,3551,3560,3554,3552,3553
Partition 3	3577,3578,3579
Partition 4	3580,3581
Partition 5	3545,3546,3572,3534
Partition 7	3561,3562,3563
Partition 8	3569,3571,3570
Partition 10	3521,3566,3567,3523,3556,3576
Partition 11	3557,3558
Partition 13	3565,3585,3564,3584
Partition 14	3527,3528,3532,3531
Partition 15	3547,3544,3520
Partition 16	3543,3583,3540,3538,3539,3542,3541
Partition 18	3524,3535,3533
Partition 21	3522,3573,3537
Partition 22	3559
Partition 24	3525
Partition 26	3575
Partition 27	3574
Partition 28	3555
Partition 29	3530
Partition 30	3526
Partition 31	3548
Partition 32	3536
Partition 35	3568,3549
path	9
T	7
cut	46
Partition 0	3537
Partition 1	3530,3522,3573
Partition 2	3551,3529,3560,3554,3553
Partition 3	3577,3578,3579
Partition 4	3575,3580,3574
Partition 5	3545,3572,3533,3534
Partition 6	3546,3548,3547
Partition 7	3561,3562,3563
Partition 8	3569,3571,3570
Partition 9	3567,3556,3576
Partition 10	3521,3566
Partition 11	3557,3558
Partition 12	3583,3581,3582
Partition 13	3565,3585,3564,3584
Partition 14	3543,3528,3540,3532,3531,3542,3541
Partition 15	3527,3544,3549,3555,3525,3520
Partition 16	3538,3539
Partition 21	3568
Partition 24	3526,3552
Partition 28	3523,3536,3550,3535
Partition 30	3559
Partition 32	3524
path	10
T	10
cut	45
Partition 0	3526,3552
Partition 1	3530,3522,3573
Partition 2	3551,3560,3554,3553
Partition 3	3524,3529,3577,3578
Partition 4	3575,3580,3574
Partition 5	3545,3572,3533,3534
Partition 6	3523,3536,3546,3548,3547,3535
Partition 7	3561,3562,3563
Partition 8	3569,3571,3570
Partition 9	3567,3556,3576
Partition 11	3568,3550,3557,3549,3558
Partition 12	3583,3581,3582
Partition 13	3565,3585,3559,3564,3584
Partition 14	3528,3532,3531
Partition 15	3527,3525
Partition 16	3566
Partition 17	3579
Partition 19	3521,3543,3540,3539,3542,3541
Partition 20	3544,3520
Partition 21	3555
Partition 22	3538
Partition 23	3537
