path	1
T	15
cut	77
Partition 0	3554,3555,3556
Partition 1	3586,3592
Partition 2	3584,3585,3616
Partition 3	3622,3553,3623,3624
Partition 4	3574,3575,3576,3621
Partition 5	3608,3606,3607,3566,3557,3613,3612
Partition 6	3617,3618,3619,3620
Partition 7	3527,3528
Partition 8	3567,3573
Partition 9	3560,3561,3563
Partition 10	3570,3558,3559,3562,3520
Partition 11	3526,3535,3536
Partition 12	3525,3589
Partition 13	3551,3552
Partition 14	3596,3597,3598,3534
Partition 15	3539,3547,3531,3532,3533,3530
Partition 16	3542
Partition 17	3524,3544,3564
Partition 18	3546,3548,3549
Partition 19	3521,3578,3523
Partition 21	3577,3600
Partition 22	3595,3604,3605
Partition 23	3601,3602,3603
Partition 24	3591,3588
Partition 25	3583,3593,3594
Partition 26	3540,3579,3587,3565,3580
Partition 27	3609,3610,3611
Partition 28	3541,3550
Partition 29	3581,3582
Partition 31	3568,3569,3571,3572
Partition 32	3614,3599,3615
Partition 33	3543
Partition 34	3537,3538
Partition 35	3545
Partition 39	3590
Partition 40	3529,3522
path	2
T	15
cut	76
Partition 0	3554,3555,3556,3525
Partition 1	3531,3532,3586
Partition 2	3584,3585,3616
Partition 3	3622,3623,3624
Partition 4	3574,3575,3576,3621
Partition 5	3566,3557
Partition 6	3617,3618,3619,3620
Partition 7	3568,3569,3572
Partition 9	3560,3561,3563
Partition 10	3558,3559,3562
Partition 11	3526,3535,3536
Partition 12	3527,3528
Partition 13	3533,3551,3553,3552,3550
Partition 14	3596,3597,3598,3534
Partition 15	3530
Partition 16	3542,3543
Partition 18	3546,3545
Partition 19	3521,3578,3523
Partition 20	3539,3540,3547,3541
Partition 21	3614,3577,3600,3599,3615
Partition 22	3595,3604,3605
Partition 23	3601,3602,3603
Partition 24	3589,3590,3591,3588
Partition 25	3583,3593,3594
Partition 26	3579,3587,3564,3565,3580
Partition 27	3609,3610,3611
Partition 29	3548,3549
Partition 33	3524,3544,3529,3522
Partition 34	3608,3606,3607,3613,3612
Partition 38	3592
Partition 39	3573
Partition 40	3567
Partition 41	3537,3538,3570,3520,3571
Partition 42	3581
Partition 43	3582
path	3
T	16
cut	78
Partition 0	3554,3555,3556
Partition 1	3531,3532
Partition 2	3584,3585,3616
Partition 3	3622,3623,3624
Partition 4	3574,3575,3576,3621,3566,3620
Partition 5	3557,3613
Partition 6	3617,3618,3619
Partition 7	3568,3569,3572
Partition 8	3567,3573
Partition 9	3560,3561,3563
Partition 10	3558,3559,3562
Partition 11	3526,3535,3536
Partition 13	3551,3552
Partition 14	3596,3597,3598,3533,3527,3528,3534
Partition 15	3544
Partition 16	3543,3614
Partition 17	3539,3547,3529,3530,3522
Partition 18	3546,3548,3549
Partition 19	3521,3578,3523
Partition 20	3586
Partition 21	3577,3600,3599,3615
Partition 22	3595,3604,3605
Partition 23	3601,3602,3603
Partition 24	3590,3591,3588
Partition 25	3581,3583,3592,3593,3582
Partition 26	3579,3587,3565,3580
Partition 27	3612,3611
Partition 28	3541,3537,3538,3609,3550,3610
Partition 29	3540
Partition 30	3524,3564,3606,3607
Partition 33	3570,3525,3589,3520,3571
Partition 34	3545
Partition 36	3594
Partition 38	3608
Partition 39	3542
Partition 41	3553
path	4
T	15
cut	78
Partition 0	3554,3555,3556,3525
Partition 1	3531,3532,3586
Partition 2	3584,3585,3616
Partition 3	3622,3623,3624
Partition 4	3574,3575,3576,3621,3567,3573
Partition 5	3566,3557
Partition 6	3617,3618,3619,3620
Partition 7	3568,3569
Partition 8	3570,3571,3572
Partition 9	3560,3561,3563
Partition 10	3558,3559,3562
Partition 11	3526,3535,3536
Partition 12	3527,3528
Partition 13	3533,3541,3551,3520,3553,3552,3550
Partition 14	3596,3597,3598,3534
Partition 15	3544,3529,3530,3522
Partition 16	3613,3612
Partition 17	3524
Partition 18	3546,3545
Partition 19	3521,3578,3523
Partition 20	3539,3547
Partition 21	3543,3614,3577,3600,3599,3615
Partition 22	3595,3604,3605
Partition 23	3601,3602,3603
Partition 24	3590,3591,3592,3588
Partition 25	3583,3593,3594
Partition 26	3579,3587,3565,3580
Partition 27	3609,3610,3611
Partition 28	3537,3538
Partition 29	3540,3548,3581,3549,3582
Partition 30	3589
Partition 31	3608
Partition 32	3606
Partition 33	3564
Partition 34	3607
Partition 37	3542
path	5
T	13
cut	82
Partition 0	3555,3556
Partition 1	3531,3532,3533,3586,3527,3528,3534
Partition 2	3584,3585,3616
Partition 3	3622,3623,3624
Partition 4	3574,3575,3576,3621
Partition 5	3566,3557
Partition 6	3617,3618,3619,3620
Partition 7	3568
Partition 8	3570,3571,3572
Partition 9	3567,3573
Partition 10	3558,3559,3562
Partition 11	3526,3535,3536
Partition 12	3554,3525,3589
Partition 13	3553,3552
Partition 14	3596,3597,3598
Partition 15	3530
Partition 16	3606
Partition 17	3524,3544,3529,3522
Partition 18	3546,3548,3549
Partition 19	3521,3578,3523
Partition 20	3539,3547
Partition 21	3600
Partition 22	3595,3604,3605
Partition 23	3601,3602,3603
Partition 24	3590,3591,3588
Partition 25	3592,3593,3594
Partition 26	3579,3564,3565,3599,3580
Partition 27	3543,3608
Partition 28	3540,3541,3587,3537,3538,3609,3550
Partition 29	3581,3582
Partition 32	3613,3612,3610,3611
Partition 35	3614,3607,3615
Partition 37	3545
Partition 38	3583
Partition 40	3542
Partition 41	3577
Partition 43	3569
Partition 44	3520
Partition 45	3551
Partition 46	3563
Partition 47	3560,3561
path	6
T	14
cut	80
Partition 0	3554,3555,3556
Partition 1	3586,3592
Partition 2	3584,3585,3616
Partition 3	3622,3553,3623,3624
Partition 4	3574,3575,3576,3621
Partition 5	3608,3606,3607,3566,3557,3613,3612
Partition 6	3617,3618,3619,3620
Partition 7	3527,3528
Partition 8	3567,3573
Partition 9	3560,3561,3563
Partition 10	3558,3559,3562
Partition 11	3526,3535,3536
Partition 12	3525,3589
Partition 13	3551,3552
Partition 14	3596,3597,3598,3534
Partition 15	3539,3547,3531,3532,3533,3530
Partition 16	3542
Partition 17	3524,3544,3564
Partition 18	3546,3548,3549
Partition 19	3521,3578,3523
Partition 21	3577,3600
Partition 22	3595,3604,3605
Partition 23	3601,3602,3603
Partition 24	3591,3588
Partition 25	3583,3593,3594
Partition 26	3540,3579,3541,3587,3565,3580
Partition 27	3609,3610,3611
Partition 28	3537,3538
Partition 29	3581,3582
Partition 31	3568,3569,3571,3572
Partition 32	3614,3615
Partition 33	3543
Partition 34	3570
Partition 35	3545
Partition 39	3590
Partition 40	3529,3522
Partition 43	3599
Partition 48	3520
Partition 50	3550
path	7
T	17
cut	82
Partition 0	3554,3525,3589
Partition 1	3531,3532
Partition 2	3584,3585,3616
Partition 3	3622,3623,3624
Partition 4	3574,3575,3576,3621
Partition 5	3566,3557
Partition 6	3618,3619
Partition 7	3568,3569,3572
Partition 8	3567,3573
Partition 9	3560,3561,3563
Partition 10	3558,3559,3562
Partition 11	3526,3535,3536
Partition 13	3551,3552
Partition 14	3596,3597,3598,3533,3528,3534
Partition 15	3544
Partition 16	3543,3608,3614,3606,3607,3612,3611
Partition 17	3539,3547,3529,3530,3522
Partition 18	3546,3548,3549
Partition 19	3521,3578,3523
Partition 20	3586
Partition 21	3577,3600
Partition 22	3595,3604,3605
Partition 23	3601,3602,3603
Partition 24	3590,3591,3588
Partition 25	3581,3555,3556,3583,3592,3593,3582
Partition 26	3579,3587,3565,3580
Partition 28	3541,3537,3538,3609,3550,3610
Partition 29	3540
Partition 30	3524,3564
Partition 33	3570,3571
Partition 34	3545
Partition 36	3594
Partition 39	3542
Partition 41	3553
Partition 43	3617
Partition 45	3620
Partition 46	3613
Partition 47	3520
Partition 48	3527
Partition 49	3599
Partition 52	3615
path	8
T	15
cut	81
Partition 0	3566,3554,3555,3556,3525,3557
Partition 1	3531,3532,3586
Partition 2	3584,3585
Partition 3	3622,3623,3624
Partition 4	3574,3575,3576,3573
Partition 5	3537,3538
Partition 6	3621,3618,3619,3620
Partition 7	3568,3569
Partition 8	3571,3572
Partition 9	3560,3561,3563
Partition 10	3558,3559,3562
Partition 11	3526,3535,3536
Partition 12	3527,3528
Partition 13	3533,3541,3551,3520,3553,3552,3550
Partition 14	3596,3597,3598,3534
Partition 15	3544,3522
Partition 16	3613,3617
Partition 17	3524
Partition 18	3581,3545
Partition 19	3521,3578,3523
Partition 20	3539,3547
Partition 21	3543,3614,3577,3600,3599,3615
Partition 22	3595,3604,3605
Partition 23	3601,3602,3603
Partition 24	3590,3591,3592,3588
Partition 25	3583,3593,3594
Partition 26	3579,3587,3565,3580,3582
Partition 27	3612
Partition 28	3609,3610,3611
Partition 29	3546,3548,3549
Partition 30	3589
Partition 31	3608
Partition 32	3529,3530,3606
Partition 33	3564
Partition 34	3607
Partition 37	3542
Partition 38	3567
Partition 39	3570
Partition 40	3616
Partition 41	3540
path	9
T	13
cut	84
Partition 0	3555,3556
Partition 1	3531,3532,3533,3586,3527,3528,3534
Partition 2	3584,3585,3616
Partition 3	3622,3623,3624
Partition 4	3574,3575,3576,3621
Partition 5	3566,3557
Partition 6	3617,3618,3619,3620
Partition 7	3568
Partition 8	3570,3571,3572
Partition 9	3567,3573
Partition 10	3558,3559,3562
Partition 11	3526,3535,3536
Partition 12	3554,3525,3589
Partition 13	3553,3552
Partition 14	3596,3597,3598
Partition 15	3530
Partition 16	3606
Partition 17	3524,3544,3529,3522
Partition 18	3546,3548,3549
Partition 19	3521,3578,3523
Partition 20	3539,3547
Partition 21	3600
Partition 22	3595,3604,3605
Partition 23	3601,3602,3603
Partition 24	3590,3591,3588
Partition 25	3592,3593,3594
Partition 26	3579,3564,3565,3599,3580
Partition 27	3543,3608
Partition 28	3540,3541,3587,3537,3538,3550
Partition 29	3581,3582
Partition 32	3613,3612,3611
Partition 35	3614,3607,3615
Partition 37	3545
Partition 38	3583
Partition 40	3542
Partition 41	3577
Partition 43	3569
Partition 44	3520
Partition 45	3551
Partition 46	3563
Partition 47	3560,3561
Partition 48	3609
Partition 51	3610
