cut	54
Partition 0	7509,7494
Partition 1	7514,7515
Partition 2	7510,7513
Partition 3	7491,7511,7512
Partition 4	7547,7546
Partition 5	7526,7527
Partition 6	7507,7493,7525
Partition 7	7497,7498
Partition 8	7499,7502
Partition 9	7518,7517
Partition 10	7505,7506,7516
Partition 11	7500,7501
Partition 12	7504,7495,7503
Partition 13	7520,7521
Partition 14	7528,7529,7530
Partition 15	7490,7531
Partition 16	7532,7533
Partition 17	7534,7535
Partition 18	7522,7523,7524
Partition 19	7560,7559
Partition 20	7537,7561,7536
Partition 21	7519,7492
Partition 22	7563,7562,7556
Partition 23	7540,7539
Partition 24	7552,7553,7538
Partition 25	7548,7557,7558
Partition 26	7549,7496
Partition 27	7544,7545
Partition 28	7541,7542,7543
Partition 29	7554,7555
Partition 30	7550,7551,7508
