cut	49
Partition 0	7491,7511,7512
Partition 1	7526,7527
Partition 2	7493,7525
Partition 3	7508,7507
Partition 4	7509,7513,7514
Partition 5	7522,7523,7524
Partition 6	7521,7494,7510
Partition 7	7504,7503
Partition 8	7528,7529,7530
Partition 9	7520,7500,7495
Partition 10	7506,7516,7515
Partition 11	7518,7517
Partition 12	7501,7502
Partition 13	7497,7498,7505,7499
Partition 14	7549,7496
Partition 15	7547,7546
Partition 16	7548,7557,7558
Partition 17	7560,7559
Partition 18	7537,7561,7536
Partition 19	7534,7535
Partition 20	7563,7519,7562,7492
Partition 21	7541,7542,7543
Partition 22	7552,7539,7538
Partition 23	7544,7545,7540
Partition 24	7490,7553
Partition 25	7531,7532,7533
Partition 26	7550,7551
Partition 27	7554,7555,7556
