cut	54
Partition 0	3566,3567,3568
Partition 1	3562,3563,3564
Partition 2	3591,3592,3569
Partition 3	3596,3553,3597
Partition 4	3599,3576,3598,3520
Partition 5	3570,3575,3574
Partition 6	3561,3522,3555
Partition 7	3527,3528,3535
Partition 8	3532,3530,3533,3534
Partition 9	3552,3551,3550
Partition 10	3536,3537,3538
Partition 11	3540,3541,3548,3549
Partition 12	3521,3587,3588
Partition 13	3554,3523,3556,3539
Partition 14	3525,3565,3590
Partition 15	3589,3594,3593
Partition 16	3584,3585,3595
Partition 17	3580,3583,3586,3582
Partition 18	3543,3544,3579
Partition 19	3558,3559,3560
Partition 20	3526,3571,3529,3581
Partition 21	3578,3531,3577
Partition 22	3547,3545,3546
Partition 23	3524,3542,3572,3573,3557
