path	1
T	4
cut	14
Partition 0	800,815,796,797
Partition 1	809,812,813
Partition 2	804,805,803,811,810,802
Partition 3	820,821,819,822
Partition 4	826,825,824
Partition 5	814,816,817,823
Partition 6	806,807,798,818,799,808,801
path	2
T	3
cut	14
Partition 0	800,815,796,797
Partition 1	809,812,813
Partition 2	804,805,803,811,810,802
Partition 3	820,821,819,822
Partition 4	826,825,823,824
Partition 5	814,816,817
Partition 6	806,807,798,818,799,808,801
path	3
T	3
cut	13
Partition 0	800,802,815,796,803
Partition 1	809,812,813
Partition 2	804,805,811,810,797,808,801
Partition 3	820,821,819,822
Partition 4	826,825,823,824
Partition 5	814,816,817
Partition 6	806,807,798,818,799
path	4
T	3
cut	15
Partition 0	800,802,815,796,797,801,799
Partition 1	809,808,812,813
Partition 2	804,805,803,811,810
Partition 3	820,821,819,822
Partition 4	826,825,823,824
Partition 5	814,816,817
Partition 6	806,807,798,818
path	5
T	3
cut	15
Partition 0	800,802,815,796,797,801,799
Partition 1	809,808,812,813
Partition 2	804,805,803,811,810
Partition 3	820,821,819,822
Partition 4	826,825,823,824
Partition 5	814,816,817
Partition 6	806,807,798,818
path	6
T	3
cut	13
Partition 0	800,802,815,796
Partition 1	809,808,812,813
Partition 2	804,805,803,811,810,797,801
Partition 3	820,821,819,822
Partition 4	826,825,823,824
Partition 5	814,816,817
Partition 6	806,807,798,818,799
path	7
T	4
cut	13
Partition 0	800,802,815,796
Partition 1	809,812,813
Partition 2	804,805,803,811,810,797
Partition 3	820,821,819,822
Partition 4	826,825,823,824
Partition 5	814,816,817
Partition 6	806,807,798,818,799,801,808
path	8
T	3
cut	13
Partition 0	800,802,815,796
Partition 1	809,808,812,813
Partition 2	804,805,803,811,810,797,801
Partition 3	820,821,819,822
Partition 4	826,825,823,824
Partition 5	814,816,817
Partition 6	806,807,798,818,799
path	9
T	4
cut	13
Partition 0	800,815,796
Partition 1	809,812,813
Partition 2	804,805,803,811,810,797,802
Partition 3	820,821,819,822
Partition 4	826,825,823,824
Partition 5	814,816,817
Partition 6	806,807,798,818,799,808,801
path	10
T	4
cut	13
Partition 0	800,802,815,796
Partition 1	809,812,813
Partition 2	804,805,803,811,810,797
Partition 3	820,821,819,822
Partition 4	826,825,823,824
Partition 5	814,816,817
Partition 6	806,807,798,818,799,808,801
