cut	53
Partition 0	3541,3543,3542
Partition 1	3544,3545
Partition 2	3549,3546,3550
Partition 3	3547,3548
Partition 4	3594,3553,3551,3552
Partition 5	3535,3524,3536
Partition 6	3564,3560,3565
Partition 7	3580,3520,3581
Partition 8	3567,3566,3579
Partition 9	3593,3568,3592
Partition 10	3558,3554,3559
Partition 11	3557,3556,3555
Partition 12	3584,3583,3582
Partition 13	3537,3539,3538
Partition 14	3569,3540,3525
Partition 15	3527,3528,3529
Partition 16	3522,3530,3521
Partition 17	3533,3532,3534
Partition 18	3577,3578,3574
Partition 19	3561,3563,3562
Partition 20	3523,3575,3576
Partition 21	3585,3586,3590
Partition 22	3526,3589,3591
Partition 23	3571,3572,3573
Partition 24	3570,3588,3531,3587
