path	1
T	5
cut	21
Partition 0	132,144,133
Partition 1	146,171,147,145
Partition 2	138,143,151,152
Partition 3	170,153,154,155
Partition 4	140,148,149,169,150,172
Partition 5	134,157,142,158,135,159
Partition 6	174,173,156
Partition 7	168,136,141,137,167
Partition 8	163,164,165,175
Partition 9	176,161,162,166,160,139
path	2
T	5
cut	21
Partition 0	132,144,133,140
Partition 1	146,147,145
Partition 2	138,143,139
Partition 3	170,151,152,153,154,155,169
Partition 4	148,149,150,172,171
Partition 5	134,157,142,158,135,159
Partition 6	174,173,156,176
Partition 7	136,141,137
Partition 8	163,164,165
Partition 9	161,162,166,160,175,168,167
path	3
T	6
cut	21
Partition 0	132,144,133
Partition 1	146,147,145
Partition 2	138,150,151
Partition 3	170,152,153,154,169,155,143
Partition 4	140,148,149,172,171
Partition 5	134,157,142,158,135,159,139
Partition 6	174,173,156
Partition 7	168,136,141,137,167
Partition 8	163,164,165,175
Partition 9	176,161,162,166,160
path	4
T	6
cut	22
Partition 0	132,144,133
Partition 1	146,171,147,145,151
Partition 2	143,139,150,162
Partition 3	170,152,153,154,155,169
Partition 4	140,148,149,172
Partition 5	134,157,142,158,135,159,160
Partition 6	174,173,156
Partition 7	136,141,137
Partition 8	163,164,165,175,161,166,176
Partition 9	168,167,138
path	5
T	5
cut	22
Partition 0	132,144,133
Partition 1	146,171,147,145
Partition 2	138,143,139,156
Partition 3	151,152,153,154,155
Partition 4	140,148,149,169,150,172
Partition 5	134,157,142,158,135,159,160
Partition 6	174,173,170
Partition 7	168,136,141,137,167
Partition 8	163,164,165,175
Partition 9	176,161,162,166
path	6
T	4
cut	20
Partition 0	132,144,133
Partition 1	146,171,147,145
Partition 2	138,143,139,134
Partition 3	151,152,153
Partition 4	140,148,149,169,150,172,154
Partition 5	157,142,158,135
Partition 6	174,159,173,156,160,170,155
Partition 7	136,141,137
Partition 8	163,164,165
Partition 9	176,161,162,166,168,167,175
path	7
T	5
cut	21
Partition 0	132,144,133
Partition 1	146,171,147,145
Partition 2	138,143,139,156
Partition 3	151,152,153,154,155,169
Partition 4	140,148,149,150,172
Partition 5	134,157,142,158,135,159,160
Partition 6	174,173,170
Partition 7	136,141,137
Partition 8	163,164,165
Partition 9	176,161,162,166,168,167,175
path	8
T	7
cut	24
Partition 0	132,144,133,151
Partition 1	146,171,145,140
Partition 2	138,143,139
Partition 3	152,153,154,155,150,169,149
Partition 4	148,147,172
Partition 5	134,157,142,158,135,159,160
Partition 6	174,173,156,170,176
Partition 7	136,141,137,163,164
Partition 8	175,168,167,162
Partition 9	161,166,165
path	9
T	5
cut	23
Partition 0	132,144,133
Partition 1	146,171,147,145,140
Partition 2	143,139,152,151,153
Partition 3	170,154,155
Partition 4	148,149,169,150,172
Partition 5	134,157,142,158,135,160,159
Partition 6	174,173,156
Partition 7	136,141,137,161
Partition 8	163,164,175,162
Partition 9	176,166,138,167,168,165
path	10
T	7
cut	24
Partition 0	132,145,144,133,140
Partition 1	146,171,147
Partition 2	138,143,139,161
Partition 3	170,151,152,153,154,155,169
Partition 4	148,149,150,172
Partition 5	134,157,142,158,135
Partition 6	174,159,173,156,160,162
Partition 7	136,141,137
Partition 8	163,164,165,166
Partition 9	176,168,175,167
path	11
T	5
cut	19
Partition 0	132,144,133
Partition 1	146,171,147,145
Partition 2	138,143,139
Partition 3	170,151,152,153,154,155,169
Partition 4	140,148,149,150,172
Partition 5	134,157,142,158,135,159
Partition 6	174,173,156
Partition 7	168,136,141,137,167
Partition 8	163,164,165,175
Partition 9	176,161,162,166,160
path	12
T	5
cut	21
Partition 0	132,144,133
Partition 1	146,147,145
Partition 2	138,143,139,176,152,151,153
Partition 3	170,154,155,149,150,169
Partition 4	140,148,172,171
Partition 5	134,157,142,158,135,160,159
Partition 6	174,173,156
Partition 7	136,141,137,161
Partition 8	163,164,175,162
Partition 9	166,167,168,165
path	13
T	5
cut	23
Partition 0	132,144,133
Partition 1	146,171,147,145,140
Partition 2	138,143,139,162
Partition 3	170,151,152,153,154,155,169
Partition 4	148,149,150,172
Partition 5	157,142,158,135,160,159
Partition 6	174,173,156
Partition 7	136,141,137,161
Partition 8	163,164,165
Partition 9	176,166,168,167,175,134
path	14
T	5
cut	22
Partition 0	132,144,133
Partition 1	146,171,145
Partition 2	138,143,151,152,153
Partition 3	154,155,156
Partition 4	140,148,149,169,150,172,147
Partition 5	134,157,142,158,135,159,139
Partition 6	174,173,170
Partition 7	168,167,176,166
Partition 8	163,164,165,136,141,137
Partition 9	161,162,160,175
path	15
T	5
cut	21
Partition 0	132,144,133
Partition 1	146,171,147,145
Partition 2	139,157,151
Partition 3	170,152,153,154,155,169,143
Partition 4	140,148,149,150,172,138
Partition 5	134,142,158,135,159
Partition 6	174,173,156
Partition 7	168,136,141,137,167
Partition 8	163,164,165,175
Partition 9	176,161,162,166,160
