path	1
T	8
cut	37
Partition 0	3546,3584,3585,3545,3583
Partition 1	3554,3565,3566,3582
Partition 2	3547,3549,3553,3548,3550
Partition 3	3556,3557,3558,3555
Partition 4	3560,3561,3562,3563,3564
Partition 5	3574,3575,3576,3567,3521
Partition 6	3569,3570
Partition 7	3522,3536
Partition 8	3577,3578
Partition 9	3540,3571,3541,3525,3559
Partition 10	3573,3580,3581,3572
Partition 11	3531,3532,3533,3529,3530
Partition 12	3527,3528,3534,3535
Partition 13	3538,3539,3568,3520,3579
Partition 14	3526,3542,3543,3544
Partition 15	3524
Partition 16	3551,3552
Partition 17	3537
Partition 20	3523
path	2
T	9
cut	38
Partition 0	3546,3584,3585,3583
Partition 1	3554,3565,3566,3582
Partition 2	3547,3549,3553,3550
Partition 3	3556,3557,3558,3555
Partition 4	3560,3561,3562,3563,3564
Partition 5	3574,3575,3576,3521
Partition 6	3548,3523,3570
Partition 7	3551,3552,3537
Partition 8	3524
Partition 9	3571,3541,3525,3559
Partition 10	3573,3580,3581,3579
Partition 11	3531,3532,3533,3529,3530
Partition 12	3527,3528,3534,3535
Partition 13	3538,3569,3539,3568,3520
Partition 14	3526,3542,3543,3544
Partition 17	3522,3536,3540
Partition 18	3545
Partition 19	3577,3578
Partition 20	3572
Partition 24	3567
path	3
T	8
cut	36
Partition 0	3546,3584,3585,3583
Partition 1	3554,3565,3566,3582
Partition 2	3526,3547,3549,3553,3550
Partition 3	3556,3557,3558,3555
Partition 4	3560,3561,3562,3563,3564
Partition 5	3574,3575,3576,3521
Partition 6	3548,3567,3569,3523,3570
Partition 7	3551,3552,3536,3537
Partition 8	3540,3577,3524,3568,3578
Partition 9	3571,3541,3525,3559
Partition 10	3573,3580,3581,3572
Partition 11	3531,3532,3533,3529,3530
Partition 12	3527,3528,3534,3535,3545
Partition 13	3538,3539
Partition 14	3542,3543,3544
Partition 16	3579
Partition 19	3522
Partition 20	3520
path	4
T	8
cut	38
Partition 0	3546,3584,3585,3583
Partition 1	3554,3565,3566,3582
Partition 2	3547,3549,3550
Partition 3	3556,3557,3558,3555
Partition 4	3560,3561,3562,3563,3564
Partition 5	3574,3575,3576,3567,3521
Partition 6	3548,3523,3570
Partition 7	3522,3536,3538
Partition 8	3551,3537
Partition 9	3540,3571,3541,3525,3559,3524
Partition 10	3573,3580,3581,3572
Partition 11	3531,3532,3533,3529,3530
Partition 12	3527,3528,3534,3535
Partition 13	3539
Partition 14	3526,3542,3543,3544
Partition 18	3579
Partition 19	3552,3553
Partition 21	3545
Partition 22	3569,3568
Partition 23	3520
Partition 25	3577,3578
path	5
T	11
cut	37
Partition 0	3546,3584,3585,3545,3583
Partition 1	3554,3565,3566,3582
Partition 2	3547,3549,3553,3550
Partition 3	3556,3557,3558,3555
Partition 4	3560,3561,3562,3563,3564
Partition 5	3574,3575,3576,3567,3521
Partition 6	3548,3523,3570
Partition 7	3551,3552,3536,3537
Partition 8	3577,3578
Partition 9	3571,3541,3525,3559
Partition 10	3573,3580,3581,3572
Partition 11	3531,3532,3533,3529,3530
Partition 12	3527,3528,3534,3535
Partition 13	3538,3539,3568,3520,3579
Partition 14	3526,3542,3543,3544
Partition 15	3540
Partition 17	3522
Partition 19	3524
Partition 20	3569
path	6
T	9
cut	41
Partition 0	3546,3584,3585,3583
Partition 1	3554,3565,3566,3582
Partition 2	3547,3549,3553,3550
Partition 3	3556,3557,3558,3555
Partition 4	3560,3561,3562,3563,3564
Partition 5	3574,3575,3576,3521
Partition 6	3548,3523,3570
Partition 7	3551,3552,3537
Partition 8	3524
Partition 9	3571,3541,3525,3559
Partition 10	3573,3580,3581,3579
Partition 11	3531,3532,3533,3529,3530
Partition 12	3527,3528,3534,3535
Partition 13	3536,3538,3539
Partition 14	3526,3542,3543,3544
Partition 17	3522,3540
Partition 18	3545
Partition 19	3577,3578
Partition 20	3572
Partition 24	3567
Partition 25	3568
Partition 27	3569
Partition 29	3520
path	7
T	11
cut	39
Partition 0	3546,3584,3585,3583
Partition 1	3554,3565,3566,3582
Partition 2	3526,3547,3549,3553,3550
Partition 3	3556,3557,3558,3555
Partition 4	3560,3561,3562,3563,3564
Partition 5	3574,3575,3576,3521
Partition 6	3523,3570
Partition 7	3551,3552,3536,3537
Partition 8	3540,3577,3524,3568,3578
Partition 9	3571,3541,3525,3559
Partition 10	3573,3580,3581,3572
Partition 11	3531,3532,3533,3529,3530
Partition 12	3527,3528,3534,3535,3545
Partition 13	3538,3539
Partition 14	3542,3543,3544
Partition 16	3579
Partition 19	3522
Partition 20	3520
Partition 21	3567
Partition 23	3548
Partition 25	3569
path	8
T	8
cut	42
Partition 0	3546,3584,3585,3545,3583
Partition 1	3554,3565,3566,3582
Partition 2	3547,3549,3553,3550
Partition 3	3556,3557,3558,3555
Partition 4	3560,3561,3562,3563,3564
Partition 5	3574,3575,3576,3567,3521
Partition 6	3523,3570
Partition 7	3551,3552,3536,3537
Partition 8	3571,3572,3525
Partition 9	3541
Partition 10	3573,3580,3581,3579
Partition 11	3531,3532,3533,3529,3530
Partition 12	3527,3528,3534,3535
Partition 13	3538,3539
Partition 14	3526,3542,3543,3544
Partition 15	3540
Partition 17	3522
Partition 19	3524
Partition 20	3569,3568
Partition 24	3520
Partition 28	3577
Partition 30	3578
Partition 32	3548
Partition 33	3559
