cut	73
Partition 0	7520,7519,7518
Partition 1	7502,7504,7505,7508
Partition 2	7533,7534,7532
Partition 3	7524,7525,7536,7535
Partition 4	7491,7500,7496
Partition 5	7513,7511,7512,7517
Partition 6	7509,7510,7523
Partition 7	7574,7540,7541,7581
Partition 8	7575,7580,7588
Partition 9	7595,7594,7589
Partition 10	7494,7537,7538
Partition 11	7539,7592,7593
Partition 12	7576,7577,7578,7579
Partition 13	7493,7521,7522
Partition 14	7583,7585,7584
Partition 15	7582,7586,7587
Partition 16	7562,7559,7563
Partition 17	7565,7498,7499
Partition 18	7564,7590,7591
Partition 19	7507,7560,7573,7561
Partition 20	7557,7553,7558
Partition 21	7551,7552,7554
Partition 22	7555,7495,7556
Partition 23	7568,7566,7567,7572
Partition 24	7514,7515,7516
Partition 25	7542,7544,7543
Partition 26	7490,7506,7492
Partition 27	7528,7529,7530,7531
Partition 28	7501,7545,7547,7548
Partition 29	7503,7546,7527
Partition 30	7569,7571,7570
Partition 31	7549,7526,7497,7550
