path	1
T	12
cut	50
Partition 0	3569,3572,3568,3573,3555,3556,3574
Partition 1	3530
Partition 3	3522,3527,3537,3567,3539,3584,3538
Partition 5	3521,3582,3583
Partition 6	3576
Partition 7	3533,3532,3534
Partition 9	3570,3571,3528,3563,3523,3562
Partition 10	3541,3543,3542
Partition 11	3544,3546,3550,3535,3545,3536
Partition 12	3547,3548,3549,3560,3525
Partition 13	3585,3586
Partition 15	3557,3558,3554
Partition 16	3559,3524,3566
Partition 17	3592,3551,3552,3553,3594,3593
Partition 18	3580,3578,3579,3520,3581
Partition 19	3564,3565
Partition 20	3526
Partition 22	3561
Partition 23	3540
Partition 24	3590
Partition 25	3591
Partition 28	3588,3531,3589,3587
Partition 29	3577
Partition 30	3575
Partition 32	3529
path	2
T	16
cut	55
Partition 0	3588,3589,3587
Partition 1	3523
Partition 2	3572,3573,3574
Partition 3	3537,3585,3539,3584,3540,3582,3583
Partition 4	3569,3568,3555
Partition 6	3577,3578
Partition 7	3533,3532
Partition 8	3575,3576,3534,3535
Partition 9	3530,3559,3521,3524,3566
Partition 10	3541,3543,3542
Partition 11	3544,3546,3550,3545
Partition 12	3547,3548,3549,3560
Partition 13	3563,3564,3562,3565
Partition 14	3586,3592,3590,3593
Partition 15	3557,3558,3554,3556
Partition 17	3551,3536,3552,3553,3594
Partition 19	3527
Partition 20	3531
Partition 21	3526,3591
Partition 26	3561,3525
Partition 27	3580
Partition 28	3579
Partition 29	3520
Partition 31	3528,3529
Partition 32	3581
Partition 34	3522
Partition 35	3567
Partition 36	3570,3571
Partition 38	3538
path	3
T	14
cut	49
Partition 0	3586
Partition 1	3588,3531,3589,3587
Partition 2	3569,3572,3573,3574
Partition 3	3537,3539,3584,3538,3540
Partition 5	3521,3582,3583
Partition 6	3575,3576,3577,3578
Partition 7	3533,3532,3534
Partition 9	3522,3527,3528,3526
Partition 10	3541,3543,3542
Partition 11	3544,3546,3550,3545
Partition 12	3547,3548,3549,3560
Partition 13	3564,3565
Partition 14	3563
Partition 15	3557,3558,3568,3554,3555,3556
Partition 16	3559,3524,3566
Partition 17	3551,3536,3552,3553
Partition 19	3592,3520,3581,3594,3593
Partition 20	3530
Partition 22	3525
Partition 23	3529,3535
Partition 24	3567
Partition 25	3580,3579
Partition 29	3590
Partition 31	3591
Partition 34	3562
Partition 37	3570,3571,3585,3523,3561
path	4
T	17
cut	53
Partition 0	3570,3571,3585,3588,3572,3586
Partition 3	3522,3527,3537,3539,3584,3538
Partition 4	3569,3568,3555
Partition 5	3530,3521,3582
Partition 6	3576,3577,3578
Partition 7	3533,3532,3534
Partition 8	3529,3535
Partition 9	3531,3587
Partition 10	3541,3543,3542
Partition 11	3544,3540,3546,3550,3545
Partition 12	3547,3548,3549,3560
Partition 13	3563,3564,3562,3565
Partition 14	3551,3552
Partition 15	3557,3558,3554,3556
Partition 16	3559,3524,3566
Partition 17	3536
Partition 19	3580,3592,3520,3581,3553,3594,3593
Partition 21	3526
Partition 23	3573,3574
Partition 25	3525
Partition 26	3561
Partition 28	3575
Partition 29	3591
Partition 30	3589
Partition 31	3590
Partition 34	3528
Partition 36	3523
Partition 38	3583
Partition 39	3567
Partition 40	3579
path	5
T	14
cut	49
Partition 0	3570,3571,3585,3588,3586,3589,3590
Partition 2	3572,3573
Partition 3	3539,3540
Partition 5	3521
Partition 6	3579
Partition 7	3530,3531,3533,3532,3587
Partition 8	3537,3541,3543,3542,3544,3546,3545
Partition 9	3526,3563,3564,3592,3560,3520,3581
Partition 11	3550
Partition 12	3547,3548,3549
Partition 14	3575,3576,3577,3578,3561,3562,3574
Partition 15	3557,3558,3554,3555,3556
Partition 17	3551,3552,3553
Partition 19	3567,3580,3591,3593
Partition 20	3594
Partition 22	3534,3559,3535,3524,3536,3566
Partition 24	3527,3528,3569,3568,3529
Partition 26	3538
Partition 28	3522
Partition 29	3565
Partition 31	3523
Partition 32	3582,3525
Partition 33	3584,3583
path	6
T	13
cut	52
Partition 0	3569,3572,3568,3573,3574
Partition 1	3530
Partition 3	3522,3527,3537,3567,3539,3584,3538
Partition 5	3521,3582,3583
Partition 6	3576
Partition 7	3533,3532,3534
Partition 9	3528,3523
Partition 10	3541,3543,3542
Partition 11	3544,3546,3550,3545
Partition 12	3547,3548,3549,3560
Partition 13	3585,3586
Partition 15	3557,3558,3556
Partition 16	3559,3524,3566
Partition 17	3551,3536,3552,3553,3594,3593
Partition 18	3580,3577,3592,3578,3579,3520,3581
Partition 19	3564,3565
Partition 20	3526
Partition 23	3540
Partition 24	3590
Partition 25	3591
Partition 28	3588,3531,3589,3587
Partition 30	3575
Partition 33	3563,3562
Partition 34	3571
Partition 35	3570
Partition 36	3561,3529,3525
Partition 38	3535
Partition 42	3554
Partition 43	3555
path	7
T	14
cut	52
Partition 0	3588,3589,3587
Partition 1	3523
Partition 2	3572,3573,3574
Partition 3	3537,3585,3539,3584,3540,3583
Partition 4	3569,3568,3555
Partition 7	3522,3530,3533,3532,3521
Partition 8	3575,3576,3577,3578
Partition 9	3559,3524,3566
Partition 10	3541,3543,3542
Partition 11	3544,3546,3550,3545
Partition 12	3547,3548,3549,3560
Partition 13	3563,3564,3562,3565
Partition 14	3586,3526,3591,3592,3590,3593
Partition 15	3557,3558,3554,3556
Partition 17	3551,3536,3552,3553,3594
Partition 19	3527
Partition 20	3531
Partition 26	3561,3525
Partition 27	3580
Partition 28	3579
Partition 29	3520
Partition 31	3528,3529
Partition 32	3581
Partition 35	3567
Partition 36	3570,3571
Partition 38	3538
Partition 42	3582
Partition 44	3535
Partition 46	3534
path	8
T	10
cut	47
Partition 0	3585,3584,3586
Partition 1	3588,3531,3589,3587
Partition 2	3569,3572,3573,3574
Partition 3	3539,3538,3540,3529,3525,3535
Partition 5	3521,3582,3583
Partition 6	3575,3576,3561,3562
Partition 7	3533,3532,3534
Partition 9	3591,3590
Partition 10	3541,3543,3542
Partition 11	3544,3546,3550,3545
Partition 12	3547,3548,3549,3560
Partition 13	3564,3565
Partition 15	3557,3558,3568,3554,3555,3556
Partition 16	3559,3524,3566
Partition 17	3551,3536,3552,3553
Partition 19	3592,3520,3581,3594,3593
Partition 20	3530
Partition 24	3567
Partition 25	3580,3579
Partition 29	3563
Partition 31	3522,3537
Partition 34	3577,3578
Partition 37	3570,3571
Partition 39	3527,3528,3526,3523
path	9
T	13
cut	54
Partition 0	3570,3571,3585,3572,3586,3523
Partition 3	3539,3538
Partition 4	3569,3568,3555
Partition 5	3521,3582
Partition 6	3576,3577,3578
Partition 7	3533,3532,3534
Partition 8	3535
Partition 9	3588,3531,3587
Partition 10	3541,3543,3542
Partition 11	3544,3540,3561,3546,3525,3545
Partition 12	3547,3548,3549,3560
Partition 13	3563,3564,3562,3565
Partition 14	3551,3552
Partition 15	3557,3558,3554,3556
Partition 16	3559,3524,3566
Partition 17	3536
Partition 19	3580,3592,3520,3581,3553,3594,3593
Partition 21	3526
Partition 23	3573,3574
Partition 25	3529
Partition 28	3575
Partition 29	3591
Partition 30	3589
Partition 31	3590
Partition 34	3528
Partition 36	3584
Partition 38	3583
Partition 39	3567
Partition 40	3579
Partition 41	3522,3527,3530,3537
Partition 44	3550
path	10
T	14
cut	52
Partition 0	3570,3571,3585,3588,3586,3589,3590
Partition 2	3572,3573
Partition 5	3521
Partition 6	3579
Partition 7	3530,3531,3533,3532,3587
Partition 8	3541,3543,3539,3542,3544,3538
Partition 9	3526,3563,3564,3592,3560,3520,3581
Partition 11	3550
Partition 12	3547,3548,3549
Partition 14	3575,3576,3577,3578,3574
Partition 15	3557,3558,3554,3555,3556
Partition 17	3551,3552,3553
Partition 19	3567,3580,3591,3593
Partition 20	3594
Partition 22	3534,3559,3535,3524,3536,3566
Partition 24	3569,3568
Partition 26	3582
Partition 28	3522,3537
Partition 29	3565
Partition 31	3561
Partition 32	3540,3529,3525
Partition 33	3584,3583
Partition 34	3546,3545
Partition 35	3562
Partition 36	3523
Partition 38	3527,3528
