path	1
T	11
cut	47
Partition 0	3559
Partition 1	3546,3548,3547,3560,3561,3562,3563
Partition 2	3528,3544,3520
Partition 3	3545,3533,3534
Partition 4	3524,3529,3535,3577,3578
Partition 5	3536,3550,3540,3557
Partition 6	3551,3554,3552,3553
Partition 7	3521,3543
Partition 8	3565,3585,3583,3584,3581,3582
Partition 9	3567,3556,3576
Partition 10	3568,3569,3571,3570,3555
Partition 13	3572,3575,3573,3574
Partition 14	3532,3530,3522,3531,3537,3538,3539
Partition 15	3527,3525
Partition 16	3526
Partition 17	3558
Partition 18	3542,3541
Partition 19	3549
Partition 20	3523
Partition 23	3564
Partition 25	3580,3579
Partition 27	3566
path	2
T	18
cut	50
Partition 0	3524,3535
Partition 1	3548,3560,3561,3562
Partition 2	3558
Partition 3	3533,3534
Partition 4	3577,3578
Partition 5	3566,3523,3536,3550,3557
Partition 6	3551,3554,3552,3553
Partition 7	3521,3543
Partition 8	3565,3585,3583,3584,3581,3582
Partition 9	3567,3579,3556,3576
Partition 10	3568,3569,3549,3571,3570,3555
Partition 11	3545
Partition 12	3527,3540,3525,3539
Partition 13	3572,3575,3573,3574
Partition 14	3530,3531,3537,3538,3564,3563
Partition 16	3546
Partition 18	3542,3541
Partition 19	3559
Partition 20	3526
Partition 21	3528
Partition 23	3532
Partition 25	3522
Partition 28	3547,3544,3520
Partition 30	3580
Partition 32	3529
path	3
T	14
cut	49
Partition 2	3546,3532,3547,3544,3531,3520,3542
Partition 3	3545,3535,3533,3534
Partition 4	3560,3561
Partition 5	3550,3551,3557,3558,3554
Partition 7	3543,3583,3584
Partition 8	3565,3580,3564,3581,3582
Partition 9	3521,3566,3567,3556,3576
Partition 10	3568,3523,3536,3549,3571,3552,3553
Partition 11	3569,3570
Partition 12	3528
Partition 13	3572,3575,3573,3574
Partition 15	3548
Partition 17	3562
Partition 18	3541
Partition 21	3526,3537,3555,3538
Partition 23	3540
Partition 24	3527,3559,3525,3539
Partition 25	3524
Partition 28	3529,3530,3577,3522,3578
Partition 31	3563
Partition 32	3585
Partition 33	3579
path	4
T	15
cut	54
Partition 1	3536,3547,3535,3544
Partition 2	3567,3550,3569,3570,3579,3576
Partition 3	3545,3546,3533
Partition 4	3548,3561,3562
Partition 5	3527,3528,3572,3575,3549,3534,3520
Partition 7	3543,3583,3584
Partition 8	3565,3585
Partition 9	3566,3523,3580,3581
Partition 10	3557,3558
Partition 12	3559,3564,3563
Partition 13	3526
Partition 14	3568,3529,3530,3531,3571,3538,3539
Partition 15	3573,3574,3537
Partition 17	3551
Partition 18	3532
Partition 19	3542
Partition 20	3522
Partition 23	3540,3541
Partition 25	3555,3525
Partition 27	3560,3554,3552,3553
Partition 28	3524
Partition 30	3556
Partition 31	3577,3578
Partition 32	3521
Partition 33	3582
path	5
T	13
cut	55
Partition 0	3530,3531
Partition 1	3546,3548,3547,3564,3561,3562,3563
Partition 3	3545,3535,3533,3534
Partition 4	3527
Partition 5	3523,3536,3550,3557,3549,3520
Partition 6	3551,3554,3552,3553
Partition 8	3585,3584
Partition 9	3532,3580,3579,3556,3542,3576,3581
Partition 10	3568,3571,3570
Partition 11	3521
Partition 12	3572,3575,3577,3578,3574,3559,3525
Partition 13	3522,3573
Partition 14	3538,3539
Partition 18	3526
Partition 19	3565
Partition 20	3528
Partition 23	3560
Partition 24	3566,3567
Partition 25	3544
Partition 26	3541
Partition 27	3540
Partition 28	3558
Partition 30	3569
Partition 31	3537
Partition 32	3555
Partition 33	3543,3583,3582
Partition 35	3524
Partition 36	3529
path	6
T	10
cut	48
Partition 0	3559
Partition 1	3564,3561,3562,3563
Partition 2	3546,3548,3547,3544
Partition 3	3545,3533,3534
Partition 4	3529,3577
Partition 5	3578,3579
Partition 6	3551,3554,3552,3553
Partition 7	3521,3543
Partition 8	3565,3585,3583,3584,3581,3582
Partition 9	3567,3576
Partition 10	3550
Partition 13	3572,3575,3573,3574
Partition 14	3532,3530,3522,3531,3537,3538,3539
Partition 16	3527,3569,3555,3556,3525
Partition 17	3558
Partition 18	3540,3542,3541
Partition 19	3566,3568,3528,3549,3571,3570,3520
Partition 20	3536
Partition 25	3580
Partition 27	3523
Partition 29	3560
Partition 31	3524,3535
Partition 33	3526
Partition 34	3557
path	7
T	15
cut	53
Partition 0	3524,3535
Partition 1	3560,3561,3562
Partition 2	3558
Partition 3	3533,3534
Partition 4	3577,3578
Partition 5	3566,3523,3536,3550,3557
Partition 6	3551,3554,3552,3553
Partition 7	3521,3543
Partition 8	3565,3585,3583,3584,3581,3582
Partition 9	3567,3579,3556,3576
Partition 10	3568,3569,3549,3571,3570,3555
Partition 11	3545
Partition 12	3527,3525
Partition 13	3572,3575,3573,3574
Partition 14	3530,3531,3537,3538,3564,3563
Partition 16	3546
Partition 18	3542,3541
Partition 19	3559
Partition 20	3526
Partition 21	3528
Partition 23	3532
Partition 25	3522
Partition 28	3547,3544,3520
Partition 30	3580
Partition 32	3529
Partition 34	3539
Partition 35	3540
Partition 37	3548
path	8
T	12
cut	49
Partition 2	3545,3546,3547,3544
Partition 3	3535,3572,3533,3534
Partition 4	3560,3561
Partition 5	3550,3551,3557,3558,3559,3554
Partition 7	3543,3583,3584
Partition 8	3580,3581,3582
Partition 9	3521,3566,3567,3523,3579,3556,3576
Partition 10	3568,3549
Partition 11	3569,3570
Partition 12	3527,3528,3532,3525,3520
Partition 13	3575,3573,3574
Partition 15	3548
Partition 17	3562
Partition 18	3542,3541
Partition 21	3526,3537,3555,3538,3539
Partition 23	3540
Partition 28	3524,3529,3577,3578
Partition 31	3563
Partition 32	3585
Partition 33	3536
Partition 35	3530,3522,3531
Partition 37	3564
Partition 38	3565
Partition 39	3571
Partition 42	3553
Partition 43	3552
path	9
T	8
cut	58
Partition 1	3544
Partition 2	3567,3579,3576
Partition 3	3545,3546,3533
Partition 4	3548,3561,3562
Partition 5	3527,3528,3572,3549,3534,3520
Partition 7	3543,3583,3584
Partition 8	3565,3585
Partition 9	3580,3581
Partition 10	3557,3558
Partition 12	3559,3564,3563
Partition 13	3526
Partition 14	3568,3530,3531,3571,3538,3539
Partition 15	3573,3574,3537
Partition 17	3551
Partition 18	3532
Partition 19	3542
Partition 20	3522
Partition 23	3540,3541
Partition 27	3560,3554,3552,3553
Partition 28	3524,3535
Partition 30	3556
Partition 31	3577,3578
Partition 32	3521
Partition 33	3582
Partition 36	3529
Partition 37	3550,3569,3570,3555
Partition 38	3525
Partition 40	3536
Partition 41	3547
Partition 42	3575
Partition 44	3566
Partition 45	3523
