path	1
T	19
cut	64
Partition 1	3559,3560,3561
Partition 2	3546,3621,3622,3623
Partition 3	3553,3521
Partition 4	3570,3571,3619,3620
Partition 5	3601,3526,3547,3602
Partition 6	3609,3610,3608,3525
Partition 7	3593,3596,3594,3595,3574
Partition 8	3611,3612,3613,3614,3615,3616
Partition 9	3605,3604,3603
Partition 10	3607,3618,3617,3606
Partition 11	3549,3550,3588,3524,3591,3592
Partition 12	3575,3576
Partition 13	3577,3589,3590
Partition 14	3529,3598,3545,3597,3599,3520,3544
Partition 15	3522,3600
Partition 16	3536,3535,3543,3542
Partition 17	3532,3533,3534
Partition 18	3582,3585,3523,3584,3583
Partition 19	3580,3586,3581,3587,3578,3579
Partition 20	3564,3548,3566
Partition 21	3540,3538,3539,3565,3556
Partition 22	3554,3555,3563,3562,3567,3568,3569
Partition 25	3541
Partition 26	3537
Partition 27	3557,3558
Partition 28	3527,3528,3573,3572
Partition 31	3531
Partition 32	3530
Partition 33	3551
Partition 34	3552
path	2
T	15
cut	67
Partition 0	3541,3537
Partition 1	3559,3560,3561
Partition 2	3546,3621,3622,3623
Partition 3	3552,3551,3549,3550,3553,3588,3521
Partition 4	3570,3571,3619,3620,3569
Partition 5	3601,3526,3547,3548,3602
Partition 6	3609,3608,3525
Partition 7	3593,3596,3594,3595,3574
Partition 8	3611,3612,3613,3614,3615,3599
Partition 9	3605,3604,3603
Partition 10	3607,3618,3616,3617,3606
Partition 11	3530,3531
Partition 12	3575,3576
Partition 13	3577,3589,3590
Partition 14	3597,3520,3544
Partition 15	3522,3527,3600,3528,3573
Partition 16	3536,3535,3543,3542
Partition 17	3532,3533,3534
Partition 18	3582,3585,3584,3529,3545,3583
Partition 19	3580,3586,3581,3587,3578,3579
Partition 20	3554,3555,3572
Partition 21	3538,3539,3565,3556
Partition 22	3564,3566,3567
Partition 25	3591
Partition 27	3540
Partition 29	3563,3562,3568
Partition 30	3523
Partition 32	3592
Partition 34	3610
Partition 35	3557,3524
Partition 39	3558
Partition 40	3598
path	3
T	13
cut	64
Partition 0	3549,3524
Partition 1	3559,3560,3561
Partition 2	3546,3621,3622,3623
Partition 3	3552,3551,3550,3553,3521
Partition 4	3570,3571,3619,3620
Partition 5	3526
Partition 6	3609,3610,3608,3525,3537
Partition 7	3593,3596,3594,3595
Partition 8	3611,3613,3614,3615
Partition 9	3605,3598,3599,3604,3603
Partition 10	3607,3618,3616,3617,3606
Partition 11	3530,3531,3565,3566,3588,3591
Partition 12	3575,3576,3574
Partition 13	3555,3573,3563,3572,3577,3589,3590
Partition 14	3529,3545,3544
Partition 15	3522,3527,3540,3600,3528,3597,3520
Partition 16	3536,3543,3542
Partition 17	3532,3533,3564,3548
Partition 18	3582,3585,3584,3583
Partition 19	3580,3586,3581,3587,3578,3579
Partition 21	3538,3539,3556,3562
Partition 22	3567,3568,3569
Partition 24	3601
Partition 25	3541
Partition 27	3554,3523
Partition 28	3534,3535
Partition 30	3547,3602
Partition 31	3612,3557,3558
Partition 33	3592
path	4
T	20
cut	68
Partition 0	3540,3541,3549,3537,3557,3524
Partition 1	3612,3558
Partition 2	3546,3621,3622,3623
Partition 3	3527,3552,3551,3550,3553,3521
Partition 4	3559,3560,3570,3561,3571,3619,3620
Partition 5	3601,3602
Partition 6	3609,3610,3608,3525
Partition 7	3593,3596,3594,3595
Partition 8	3611,3614,3615
Partition 9	3605,3604,3603
Partition 10	3523,3607,3618,3616,3617,3606
Partition 11	3530,3531
Partition 12	3575,3576,3577
Partition 13	3589,3590
Partition 14	3597,3599
Partition 15	3522,3600
Partition 16	3536,3535,3543,3520,3544,3542
Partition 17	3532,3533,3534
Partition 18	3584,3583
Partition 19	3580,3586,3581,3587,3578,3579
Partition 20	3564,3547,3548,3566
Partition 21	3538,3539,3556,3562
Partition 22	3554,3555,3563,3567,3568,3569
Partition 23	3613
Partition 24	3565
Partition 25	3588,3591,3592
Partition 26	3528
Partition 27	3526
Partition 28	3529,3545
Partition 29	3582,3585
Partition 30	3573,3572
Partition 31	3574
Partition 32	3598
path	5
T	20
cut	68
Partition 0	3549,3524
Partition 1	3612,3557,3558
Partition 2	3546,3621,3622,3623
Partition 3	3552,3551,3550,3553,3521
Partition 4	3559,3560,3570,3571,3619,3620
Partition 5	3601,3526,3547,3602
Partition 6	3609,3610,3608,3525,3537
Partition 7	3593,3596,3594,3595,3574
Partition 8	3611,3613,3614,3615
Partition 9	3605,3604,3603
Partition 10	3607,3618,3616,3617
Partition 11	3530,3531,3588,3591
Partition 12	3575,3576
Partition 13	3577,3589,3590
Partition 14	3597,3520,3544
Partition 15	3522,3527,3540,3600,3528
Partition 16	3536,3535,3543,3542
Partition 17	3532,3533,3534
Partition 18	3582,3585,3584,3583
Partition 19	3580,3586,3581,3587,3578,3579
Partition 20	3564,3566
Partition 21	3538,3539,3565,3556,3562,3561
Partition 22	3554,3555,3563,3572,3567,3568,3569
Partition 25	3548
Partition 28	3541
Partition 33	3523
Partition 37	3592
Partition 38	3573
Partition 39	3529
Partition 40	3545
Partition 41	3606
Partition 42	3599
Partition 43	3598
path	6
T	12
cut	66
Partition 1	3559,3560,3561
Partition 2	3546,3621,3622,3623
Partition 3	3553,3521
Partition 4	3570,3571,3619,3620
Partition 5	3601,3526,3547,3602
Partition 6	3609,3610,3608,3525
Partition 7	3593,3596,3594,3595,3574
Partition 8	3611,3612,3613,3614,3615,3616
Partition 9	3605,3604,3603
Partition 10	3607,3618,3617,3606
Partition 11	3549,3550
Partition 12	3575,3576
Partition 13	3577,3589,3590
Partition 14	3529,3598,3545,3597,3599,3520,3544
Partition 15	3540,3541
Partition 16	3530,3531,3536,3535,3543
Partition 17	3532,3533,3534,3523
Partition 18	3582,3585,3584,3583
Partition 19	3580,3586,3581,3587,3578,3579
Partition 20	3564,3548,3566
Partition 21	3538,3539,3565,3556
Partition 22	3555,3563,3572,3562,3567,3568,3569
Partition 27	3537,3557,3558,3524
Partition 28	3527,3528
Partition 31	3542
Partition 32	3522,3600
Partition 33	3551
Partition 34	3552
Partition 35	3554
Partition 38	3573
Partition 39	3591,3592
Partition 41	3588
path	7
T	14
cut	71
Partition 0	3541,3537
Partition 1	3559,3560,3521
Partition 2	3546,3545
Partition 3	3547,3551,3549,3550,3588,3524
Partition 4	3570,3571,3619,3620,3569
Partition 5	3601,3602
Partition 6	3609,3610,3608,3525,3598
Partition 7	3593,3596,3594,3595,3574
Partition 8	3611,3612,3613,3614,3615
Partition 9	3605,3604,3603
Partition 10	3607,3618,3616,3617,3606
Partition 11	3530,3531
Partition 12	3575,3576
Partition 13	3577,3589,3590
Partition 14	3597,3599
Partition 15	3522,3527,3600,3528,3573,3529
Partition 16	3536,3535,3543,3542
Partition 17	3532,3533,3534
Partition 18	3582,3585,3523,3584,3583,3520
Partition 19	3580,3586,3581,3587,3578,3579
Partition 20	3554,3555,3572
Partition 21	3538,3539,3565,3556
Partition 22	3564,3566,3567
Partition 25	3591
Partition 27	3540
Partition 29	3563,3568
Partition 32	3592
Partition 39	3558
Partition 41	3557,3561
Partition 42	3562
Partition 43	3552,3553
Partition 46	3548
Partition 50	3526
Partition 51	3544
Partition 52	3621
Partition 53	3622
Partition 54	3623
path	8
T	12
cut	64
Partition 0	3549,3524
Partition 1	3559,3560,3561
Partition 2	3546,3621,3622,3623
Partition 3	3552,3547,3551,3550,3553,3521
Partition 4	3570,3571,3619,3620
Partition 5	3526
Partition 6	3609,3610,3608,3525,3537
Partition 7	3593,3596,3594,3595
Partition 8	3611,3613,3614,3615
Partition 9	3605,3598,3599,3604,3603
Partition 10	3607,3618,3616,3617,3606
Partition 11	3530,3531,3565,3566,3588,3591
Partition 12	3575,3576,3574
Partition 13	3555,3573,3563,3572,3577,3589,3590
Partition 14	3529,3545,3544
Partition 15	3522,3527,3540,3600,3528,3597,3520
Partition 16	3536,3543,3542
Partition 17	3532,3533,3564,3548
Partition 18	3582,3585,3584,3583
Partition 19	3580,3586,3581,3587,3578,3579
Partition 21	3538,3539,3556,3562
Partition 22	3567,3568,3569
Partition 24	3601
Partition 25	3541
Partition 27	3554,3523
Partition 28	3534,3535
Partition 30	3602
Partition 31	3612,3557,3558
Partition 33	3592
path	9
T	16
cut	71
Partition 0	3540,3541,3549,3537,3557,3524
Partition 1	3612,3558
Partition 2	3546,3621,3622,3623
Partition 3	3527,3552,3551,3550,3553,3521
Partition 4	3559,3560,3570,3561,3571,3619,3620
Partition 5	3601,3602
Partition 6	3609,3610,3547,3608,3525
Partition 7	3593,3596,3594,3595
Partition 8	3611,3614,3615
Partition 9	3605,3604,3603
Partition 10	3607,3618,3616,3617,3606
Partition 11	3530,3531
Partition 12	3575,3576,3577
Partition 13	3589,3590
Partition 14	3597
Partition 15	3522,3600
Partition 16	3536,3535,3543,3542
Partition 17	3532,3533,3534,3523
Partition 18	3584,3583
Partition 19	3580,3586,3581,3587,3578,3579
Partition 20	3564,3548,3566
Partition 21	3538,3539,3556,3562
Partition 22	3554,3555,3563,3567,3568,3569
Partition 23	3613
Partition 24	3565
Partition 25	3588,3591,3592
Partition 26	3528
Partition 27	3526
Partition 28	3529,3545
Partition 29	3582,3585
Partition 30	3573,3572
Partition 31	3574
Partition 32	3598
Partition 33	3520
Partition 35	3599
Partition 36	3544
path	10
T	14
cut	71
Partition 0	3549,3524
Partition 1	3612,3557,3558
Partition 2	3546,3621,3622,3623
Partition 3	3552,3553
Partition 4	3570,3571,3619,3620
Partition 5	3601,3602
Partition 6	3609,3610,3608,3525,3537
Partition 7	3593,3596,3594,3595,3574
Partition 8	3611,3613,3614,3615
Partition 9	3605,3604,3603
Partition 10	3607,3618,3616,3617
Partition 11	3588,3591
Partition 12	3575,3576
Partition 13	3577,3589,3590
Partition 14	3597,3520,3544
Partition 15	3522,3527,3530,3540,3600,3528
Partition 16	3536,3535,3543,3542
Partition 17	3532,3533,3534
Partition 18	3582,3585,3584,3583
Partition 19	3580,3586,3581,3587,3578,3579
Partition 21	3538,3539,3556,3562
Partition 22	3554,3555,3563,3572,3567,3568,3569
Partition 25	3564,3547,3548,3566
Partition 28	3541
Partition 33	3523
Partition 37	3592
Partition 38	3573
Partition 39	3529
Partition 40	3545
Partition 41	3606
Partition 42	3599
Partition 43	3598
Partition 44	3526
Partition 45	3551,3550
Partition 46	3559,3521
Partition 48	3560,3561
Partition 50	3531,3565
