path	1
T	9
cut	69
Partition 0	3522,3600,3601,3547,3551,3602
Partition 1	3526,3594,3595,3574
Partition 2	3546,3621,3622,3623
Partition 3	3559,3560,3521
Partition 4	3570,3571,3619,3620
Partition 5	3557,3558,3561
Partition 6	3612,3613,3614,3615,3616
Partition 7	3607,3618,3617,3606
Partition 8	3611,3598,3599,3604,3603
Partition 9	3593,3596,3609,3610,3608,3525
Partition 10	3533,3564,3580,3548,3581,3578,3579
Partition 11	3534,3535
Partition 12	3582,3585,3586,3584,3583
Partition 13	3575,3576,3577,3589
Partition 14	3588,3591,3592,3590
Partition 15	3531,3538,3565
Partition 16	3530,3536
Partition 17	3540,3541,3539,3556,3562,3542
Partition 18	3554,3555,3572
Partition 19	3528,3529,3545,3544
Partition 20	3563,3568,3569
Partition 21	3532
Partition 22	3552,3553
Partition 23	3523
Partition 26	3587
Partition 27	3597,3520
Partition 28	3567
Partition 30	3605
Partition 32	3566
Partition 34	3543
Partition 37	3524
Partition 38	3537
Partition 40	3573
Partition 41	3527
Partition 43	3549,3550
path	2
T	15
cut	64
Partition 0	3601,3526,3547,3551,3602
Partition 1	3594,3595,3549,3550,3574
Partition 2	3546,3621,3622,3623
Partition 3	3559,3560,3521
Partition 4	3570,3571,3619,3620
Partition 5	3537,3557,3558,3524
Partition 6	3612,3613,3614,3615,3616
Partition 7	3607,3618,3617,3606
Partition 8	3611,3598,3599,3604,3603
Partition 9	3593,3596,3609,3610,3608,3525
Partition 10	3578,3579
Partition 11	3532,3533,3534,3564,3535,3548
Partition 12	3582,3585,3584,3583
Partition 13	3575,3576,3577,3586,3587,3589
Partition 14	3530,3531,3588,3591,3590
Partition 15	3538,3539,3565,3556
Partition 16	3522,3600
Partition 17	3540,3541,3542
Partition 18	3527,3554,3555,3573,3572,3523
Partition 19	3528,3529,3545,3544
Partition 20	3563,3562,3561,3597,3520,3568,3569
Partition 21	3580,3581
Partition 24	3605
Partition 26	3552,3553
Partition 28	3543
Partition 29	3592
Partition 31	3536
Partition 33	3566,3567
path	3
T	13
cut	65
Partition 0	3522,3600,3601,3526,3547,3551,3602
Partition 1	3594,3595,3549,3550,3574
Partition 2	3622,3623
Partition 3	3559,3560,3561
Partition 4	3552,3553,3570,3571,3619,3620
Partition 5	3537,3557,3558,3524
Partition 6	3612,3613,3614,3615,3616
Partition 7	3605,3607,3618,3546,3617,3621,3606
Partition 8	3611,3598,3599,3604,3603
Partition 9	3593,3596,3609,3610,3608,3525
Partition 10	3533,3580,3581,3578,3579
Partition 11	3534,3564,3535,3548,3523
Partition 12	3582,3585,3584,3583
Partition 13	3575,3576,3577,3586,3587,3589
Partition 14	3588,3591,3592,3590
Partition 15	3531,3538,3565
Partition 16	3530,3536
Partition 17	3540,3541,3542
Partition 18	3527,3554,3555,3573,3572
Partition 19	3597,3520,3544
Partition 20	3563,3562,3567,3568,3569
Partition 24	3532
Partition 26	3521
Partition 27	3528
Partition 28	3543
Partition 29	3566
Partition 31	3539,3556
Partition 32	3545
Partition 34	3529
path	4
T	16
cut	63
Partition 0	3601,3526,3547,3551,3602
Partition 1	3594,3595,3549,3550,3574
Partition 2	3621,3622,3623
Partition 3	3559,3560,3561
Partition 4	3552,3553,3570,3571,3619,3620
Partition 5	3537,3557,3558,3524
Partition 6	3612,3613,3614,3615,3616
Partition 7	3607,3618,3617,3606
Partition 8	3611,3598,3599,3604,3603
Partition 9	3593,3596,3609,3610,3608,3525
Partition 10	3532,3533,3580,3581,3578,3579
Partition 11	3534,3564,3535,3548,3523
Partition 12	3582,3585,3584,3583
Partition 13	3575,3576,3577,3589
Partition 14	3588,3591,3592,3590
Partition 15	3531,3538,3565,3566,3567
Partition 16	3522,3530,3600,3536,3543
Partition 17	3540,3541,3539,3556,3542
Partition 18	3527,3554,3555,3573,3572
Partition 19	3528,3529,3545,3544
Partition 20	3563,3562,3597,3520,3568,3569
Partition 21	3586
Partition 22	3521
Partition 24	3605
Partition 25	3587
Partition 29	3546
path	5
T	12
cut	68
Partition 0	3601,3526,3547,3551,3602
Partition 1	3594,3595,3549,3550,3574
Partition 2	3546,3621,3622
Partition 3	3559,3560,3521
Partition 4	3570,3571,3619,3620
Partition 5	3524
Partition 6	3612,3613,3614,3615,3616
Partition 7	3618,3617
Partition 8	3611,3598,3599,3604,3603
Partition 9	3593,3596,3609,3610,3608,3525
Partition 10	3532,3533,3580,3581,3578,3579
Partition 11	3564,3548
Partition 12	3582,3585,3584,3583
Partition 13	3586,3587,3589
Partition 14	3588,3591,3592,3590
Partition 15	3531,3538,3539,3565,3566,3567
Partition 16	3522,3530,3600,3536,3535
Partition 17	3540,3541,3542
Partition 18	3527,3554,3555,3573,3572
Partition 19	3528,3552,3529,3553,3545,3544
Partition 20	3563,3556,3562,3597,3520,3568,3569
Partition 21	3623
Partition 24	3605
Partition 25	3534,3523
Partition 27	3606
Partition 30	3607
Partition 32	3557,3558,3561
Partition 33	3537
Partition 35	3575
Partition 37	3576,3577
Partition 39	3543
path	6
T	14
cut	68
Partition 0	3601,3526,3547,3551,3602
Partition 1	3594,3595,3549,3550,3524,3574
Partition 2	3546,3621,3622,3623
Partition 3	3559,3560,3521
Partition 4	3570,3571,3619,3620
Partition 5	3557,3558
Partition 6	3612,3613,3614,3615,3616
Partition 7	3607,3618,3617,3606
Partition 8	3611,3598,3599,3604,3603
Partition 9	3593,3596,3609,3610,3608,3525
Partition 10	3578,3579
Partition 11	3532,3533,3534,3536,3564,3535,3548
Partition 12	3582,3585,3586,3584,3583
Partition 13	3575,3576,3577,3589
Partition 14	3588,3591,3590
Partition 15	3538,3539,3565,3556
Partition 16	3522,3600
Partition 17	3541,3537,3542
Partition 18	3527,3554,3555,3573,3572,3523
Partition 19	3528,3529,3545,3544
Partition 20	3563,3562,3561,3597,3520,3568,3569
Partition 21	3587
Partition 24	3605
Partition 26	3552,3553
Partition 28	3543
Partition 29	3592
Partition 33	3566,3567
Partition 34	3580
Partition 36	3581
Partition 37	3531
Partition 39	3530
Partition 40	3540
path	7
T	19
cut	73
Partition 0	3522,3600,3601,3526,3547,3551,3602
Partition 1	3594,3595,3549,3550,3574
Partition 2	3622,3623
Partition 3	3559,3560,3561
Partition 4	3553,3521,3570,3571,3619,3620
Partition 5	3557,3558
Partition 6	3612,3613,3614,3615
Partition 7	3605,3607,3618,3546,3617,3621,3606
Partition 8	3611,3598,3599,3604,3603
Partition 9	3593,3596,3609,3610,3608,3525
Partition 10	3533,3580,3581,3578,3579
Partition 11	3534,3564,3535,3548,3523
Partition 12	3582,3585,3584,3524,3583
Partition 13	3576,3577,3589
Partition 14	3588,3591,3592,3590
Partition 15	3531,3538,3565
Partition 16	3530,3536
Partition 17	3540,3541,3542
Partition 18	3554,3555,3572
Partition 19	3597,3520,3544
Partition 20	3563,3567,3568,3569
Partition 24	3532
Partition 26	3552
Partition 27	3528
Partition 28	3543
Partition 29	3566
Partition 31	3539,3556
Partition 32	3545
Partition 34	3529
Partition 37	3562
Partition 39	3527
Partition 41	3573
Partition 42	3575
Partition 45	3616
Partition 46	3537
Partition 47	3586
Partition 50	3587
path	8
T	14
cut	71
Partition 0	3552,3601,3526,3547,3551,3602
Partition 1	3594,3595,3574
Partition 2	3621,3622,3623
Partition 3	3559,3560,3561
Partition 4	3570,3571,3619,3620
Partition 5	3593,3525,3537,3557,3558,3524
Partition 6	3612,3613,3614,3615,3616
Partition 7	3607,3618,3617,3606
Partition 8	3611,3598,3599,3604,3603
Partition 9	3609,3610,3608
Partition 10	3532,3533,3580,3581,3578,3579
Partition 11	3564,3548
Partition 12	3582,3585,3584,3583
Partition 13	3575,3576,3577,3589
Partition 14	3588,3591,3592,3590
Partition 15	3538,3565,3566,3567
Partition 16	3522,3600
Partition 17	3540,3536,3541,3539,3556,3543,3542
Partition 18	3554,3555,3572
Partition 19	3528,3529,3545,3544
Partition 20	3563,3562,3597,3520,3568,3569
Partition 21	3586
Partition 22	3521
Partition 24	3596,3605
Partition 25	3587
Partition 29	3546
Partition 34	3553
Partition 38	3549
Partition 39	3550
Partition 41	3531
Partition 42	3523
Partition 44	3530
Partition 45	3534
Partition 46	3535
Partition 47	3573
Partition 49	3527
path	9
T	17
cut	73
Partition 0	3601,3526,3547,3551,3602,3525,3537
Partition 1	3594,3595,3574
Partition 2	3546,3621,3622
Partition 3	3559,3560,3521
Partition 4	3570,3571,3619,3620
Partition 5	3524
Partition 6	3612,3613,3614,3615,3616
Partition 7	3618,3617
Partition 8	3604,3603
Partition 9	3609,3610,3608
Partition 10	3532,3533,3580,3581,3578,3579
Partition 11	3564,3548
Partition 12	3582,3585,3584,3583
Partition 14	3531,3587,3588,3589,3591,3592,3590
Partition 15	3538,3565,3566,3567
Partition 17	3540,3541,3542
Partition 18	3554,3555,3572
Partition 19	3528,3529,3545,3544
Partition 20	3563,3556,3562,3597,3520,3568,3569
Partition 21	3623
Partition 25	3605,3607,3606
Partition 27	3534
Partition 30	3536,3535
Partition 32	3557,3558,3561
Partition 35	3586
Partition 37	3522,3527,3573,3575,3576,3577
Partition 39	3543
Partition 40	3530
Partition 41	3600
Partition 42	3539
Partition 43	3552,3553
Partition 48	3598
Partition 49	3523
Partition 51	3549
Partition 53	3593,3596
Partition 55	3550
Partition 56	3611
Partition 58	3599
