path	1
T	14
cut	44
Partition 0	3557,3558,3559,3526
Partition 1	3565,3585,3564,3584
Partition 3	3552,3553
Partition 4	3524,3529,3530,3577,3578
Partition 5	3548,3561,3562,3563
Partition 6	3545,3546,3533,3534
Partition 7	3547,3544,3520
Partition 9	3527,3528
Partition 10	3536,3540,3535,3525,3539,3541
Partition 11	3532,3531,3542
Partition 12	3522,3573,3537
Partition 13	3567,3579,3555,3556,3576
Partition 14	3569,3571,3570
Partition 15	3572,3575,3580,3574
Partition 16	3521,3543
Partition 17	3583,3581,3582
Partition 19	3568,3549
Partition 22	3566,3523,3550,3551
Partition 23	3538
Partition 24	3554
Partition 25	3560
path	2
T	7
cut	46
Partition 0	3526
Partition 1	3565,3585,3564,3584
Partition 2	3557,3558
Partition 3	3554,3552,3553
Partition 4	3529,3577,3578
Partition 5	3536,3548,3560,3561,3562,3563
Partition 6	3545,3546,3533,3534
Partition 7	3547,3544,3520
Partition 8	3535
Partition 9	3527,3525
Partition 10	3540,3538,3539,3541
Partition 12	3530,3522,3573,3531
Partition 13	3567,3579,3576
Partition 14	3555,3556
Partition 15	3572,3575,3580,3574,3581
Partition 17	3569,3571,3570
Partition 18	3559
Partition 20	3543,3583,3528,3532,3542,3582
Partition 21	3521,3566,3523,3550,3551
Partition 23	3549
Partition 24	3524
Partition 27	3568
Partition 29	3537
path	3
T	10
cut	45
Partition 0	3558,3559
Partition 1	3565,3585,3584
Partition 2	3523,3550,3551,3557
Partition 3	3526,3552,3553
Partition 4	3529,3577,3578
Partition 5	3560,3554,3561
Partition 6	3545,3546,3533,3534
Partition 7	3544,3549,3520
Partition 8	3524,3535
Partition 9	3555,3556
Partition 10	3536,3527,3540,3538,3525,3539,3541
Partition 11	3532,3542
Partition 12	3530,3522,3573,3531
Partition 13	3566,3567,3568,3579,3576
Partition 14	3569,3570
Partition 15	3572,3575,3580,3574
Partition 16	3521,3543
Partition 17	3571,3581
Partition 19	3583,3582
Partition 20	3548,3547,3564,3562,3563
Partition 21	3537
Partition 23	3528
path	4
T	13
cut	45
Partition 0	3549,3558
Partition 1	3565,3585,3583,3559,3564,3584
Partition 2	3550,3551
Partition 3	3554,3552,3553
Partition 4	3529,3577,3578
Partition 5	3560,3561,3562,3563
Partition 6	3545,3546,3533,3534
Partition 7	3547,3544,3520
Partition 8	3536,3548,3524,3535
Partition 9	3527,3525
Partition 10	3540,3538,3539,3541
Partition 11	3532,3542
Partition 12	3530,3522,3573,3531
Partition 13	3567,3579,3576
Partition 14	3556
Partition 15	3572,3575,3580,3574
Partition 16	3521,3543,3566,3568,3523
Partition 17	3571,3581,3582
Partition 20	3569
Partition 21	3570
Partition 25	3528
Partition 26	3557,3526,3537,3555
path	5
T	10
cut	44
Partition 1	3565,3585,3564,3584
Partition 2	3523,3550,3551,3557,3558
Partition 3	3526,3552,3553
Partition 4	3529,3577,3578
Partition 5	3560,3561,3562,3563
Partition 6	3545,3546,3533,3534
Partition 7	3544,3549,3520
Partition 8	3524,3535
Partition 9	3527,3525
Partition 10	3536,3540,3548,3537,3538,3539,3541
Partition 11	3528,3532,3555,3556,3542
Partition 12	3530,3522,3573,3531
Partition 13	3567,3579,3576
Partition 14	3569
Partition 15	3572,3575,3580,3574
Partition 16	3521,3543,3566,3568,3571,3570
Partition 17	3583,3581,3582
Partition 21	3554
Partition 23	3547
Partition 30	3559
path	6
T	13
cut	49
Partition 0	3557,3558
Partition 1	3565,3585,3564,3584
Partition 3	3552,3553
Partition 4	3524,3529,3577,3578
Partition 5	3548,3561,3562,3563
Partition 6	3545,3546,3533,3534
Partition 7	3547,3544,3520
Partition 9	3527,3528
Partition 10	3523,3536,3540,3535,3525,3539,3541
Partition 11	3532,3531,3542
Partition 12	3522,3573,3537
Partition 13	3567,3579,3576
Partition 14	3550
Partition 15	3572,3575,3580,3574
Partition 16	3521,3543
Partition 17	3583,3581,3582
Partition 19	3568,3549
Partition 22	3566
Partition 23	3538
Partition 24	3554
Partition 25	3560
Partition 26	3530
Partition 27	3559
Partition 28	3526
Partition 29	3569,3571,3570,3555,3556
Partition 30	3551
path	7
T	7
cut	49
Partition 0	3526
Partition 1	3565,3585,3564,3584
Partition 2	3557,3558
Partition 3	3554,3552,3553
Partition 4	3529,3577,3578
Partition 5	3561,3562,3563
Partition 6	3545,3546,3533,3534
Partition 7	3547,3544,3520
Partition 8	3535
Partition 9	3527,3525
Partition 10	3540,3538,3539,3541
Partition 12	3530,3522,3573,3531
Partition 13	3567,3579,3576
Partition 14	3555,3556
Partition 15	3572,3575,3580,3574
Partition 17	3569,3571,3570
Partition 18	3559
Partition 20	3543,3583,3528,3532,3542,3582
Partition 21	3521,3566,3523,3536,3550,3551
Partition 23	3549
Partition 24	3524
Partition 27	3568
Partition 29	3537
Partition 32	3581
Partition 34	3548
Partition 35	3560
path	8
T	15
cut	47
Partition 0	3558,3559
Partition 1	3565,3585,3584
Partition 2	3550,3551
Partition 3	3557,3526,3537,3552,3553
Partition 4	3529,3577,3578
Partition 5	3560,3554,3561
Partition 6	3545,3546,3533,3534
Partition 7	3544,3549,3520
Partition 8	3524,3535
Partition 9	3555,3556
Partition 10	3536,3527,3540,3538,3525,3539,3541
Partition 11	3532,3542
Partition 12	3530,3522,3573,3531
Partition 13	3567,3579,3576
Partition 14	3569,3570
Partition 15	3572,3575,3580,3574
Partition 16	3521,3543
Partition 17	3571,3581
Partition 19	3583,3582
Partition 20	3548,3562,3563
Partition 23	3528
Partition 25	3547
Partition 26	3564
Partition 28	3566,3568,3523
path	9
T	13
cut	49
Partition 0	3549,3558
Partition 1	3565,3585,3559,3564,3584
Partition 2	3550,3551
Partition 3	3554,3552,3553
Partition 4	3529,3577,3578
Partition 5	3560,3561,3562,3563
Partition 6	3545,3546,3533,3534
Partition 7	3547,3544,3520
Partition 8	3548
Partition 9	3527,3525
Partition 10	3540,3538,3539,3541
Partition 11	3532,3542
Partition 12	3530,3522,3573,3531
Partition 13	3567,3579,3576
Partition 14	3556
Partition 15	3572,3575,3580,3574
Partition 16	3521,3543,3566,3568,3523
Partition 17	3571,3581,3582
Partition 20	3569
Partition 21	3570
Partition 25	3528
Partition 26	3557,3526,3537,3555
Partition 28	3583
Partition 29	3536
Partition 30	3535
Partition 31	3524
