path	1
T	6
cut	17
Partition 0	1694,1685
Partition 1	1693,1689
Partition 2	1662,1675,1687,1688
Partition 3	1677
Partition 4	1668,1669,1670,1665
Partition 5	1686,1667
Partition 6	1671,1676
Partition 7	1691,1692,1690,1673
Partition 8	1672,1674,1664
Partition 9	1678,1679,1681
Partition 10	1663,1683,1684
Partition 11	1682,1666,1680
path	2
T	6
cut	18
Partition 0	1692,1693
Partition 1	1688,1689
Partition 2	1662,1675,1687
Partition 3	1694,1685
Partition 4	1668,1669,1665
Partition 5	1670,1667
Partition 6	1671,1676,1677
Partition 7	1691,1690,1673
Partition 8	1672,1674,1664
Partition 9	1678,1679,1686,1666,1680
Partition 10	1682,1663,1683,1684
Partition 11	1681
path	3
T	5
cut	17
Partition 0	1692,1693
Partition 1	1688,1689
Partition 2	1662,1675,1687
Partition 3	1694,1685
Partition 4	1668,1669,1670,1667,1665
Partition 5	1677
Partition 6	1671,1676
Partition 7	1691,1666,1680,1690,1673
Partition 8	1672,1674,1664
Partition 9	1678,1679,1686
Partition 10	1682,1663,1683,1684
Partition 11	1681
path	4
T	7
cut	17
Partition 0	1692,1693
Partition 1	1688,1689
Partition 2	1662,1675,1687
Partition 3	1694,1685
Partition 4	1668,1669,1665
Partition 5	1670,1667
Partition 6	1671,1676,1677
Partition 7	1691,1690,1673
Partition 8	1681,1682,1672,1674,1664
Partition 9	1678,1679,1686
Partition 10	1663,1683,1684
Partition 11	1666,1680
path	5
T	5
cut	17
Partition 0	1692,1693
Partition 1	1688,1689
Partition 2	1662,1675,1687
Partition 3	1694,1685
Partition 4	1668,1669,1670,1665
Partition 5	1686,1667
Partition 6	1671,1676,1677
Partition 7	1691,1690,1673
Partition 8	1672,1674,1664
Partition 9	1678,1679,1681
Partition 10	1663,1683,1684
Partition 11	1682,1666,1680
