path	1
T	10
cut	42
Partition 0	7506,7511,7512
Partition 1	7494,7543,7544,7495
Partition 2	7514,7513
Partition 3	7545,7557,7558,7556
Partition 4	7524
Partition 5	7504,7498,7502,7503,7501
Partition 6	7508,7507,7509,7510
Partition 7	7525,7496,7526,7527
Partition 8	7540,7541,7492,7539
Partition 9	7521,7499,7515,7516,7542,7549
Partition 10	7546,7547,7531,7548
Partition 11	7532,7500,7536,7537
Partition 12	7522,7528
Partition 13	7529,7553,7554,7559
Partition 14	7490,7518,7519,7517
Partition 15	7533,7534,7530
Partition 16	7538,7535,7497
Partition 18	7551,7552
Partition 19	7493
Partition 20	7520
Partition 22	7505
Partition 25	7491
Partition 27	7555,7550
Partition 30	7523
path	2
T	9
cut	40
Partition 0	7511,7513,7512
Partition 1	7494,7506,7543,7505
Partition 2	7514,7555,7550
Partition 3	7544,7545,7557,7558,7556
Partition 4	7523,7524,7499,7495,7498
Partition 5	7504,7502,7503,7501
Partition 6	7508,7507,7509,7510
Partition 7	7525,7496,7526,7527
Partition 8	7540,7541,7542,7539
Partition 9	7515,7492
Partition 10	7546,7547,7531,7548
Partition 11	7532,7500,7536,7537
Partition 12	7521,7522,7528
Partition 13	7529,7553,7554,7559
Partition 14	7520,7518,7519
Partition 15	7533,7534,7530
Partition 16	7538,7493,7535,7551,7552,7497
Partition 17	7491
Partition 18	7549
Partition 19	7517
Partition 20	7516
Partition 21	7490
path	3
T	11
cut	41
Partition 0	7504,7513,7512
Partition 1	7543,7544,7545,7495
Partition 2	7514,7555,7550
Partition 3	7557,7558,7556
Partition 4	7523,7524,7498,7502,7501
Partition 5	7503
Partition 6	7511,7508,7507,7509,7510
Partition 7	7496,7526,7527
Partition 8	7540,7541,7515,7542,7492,7539
Partition 9	7499
Partition 10	7491,7546,7547,7531,7548
Partition 11	7532,7500,7536,7537
Partition 12	7521,7522,7516
Partition 13	7529,7553,7554,7528
Partition 14	7520,7518,7519,7517
Partition 15	7533,7534,7530
Partition 16	7538,7493,7535,7551,7552,7497
Partition 17	7549
Partition 19	7525
Partition 20	7559
Partition 21	7506,7505
Partition 24	7494
Partition 25	7490
path	4
T	8
cut	39
Partition 0	7506,7511,7505,7512
Partition 1	7494,7543,7544,7495
Partition 2	7514,7555,7550
Partition 3	7545,7557,7558,7556
Partition 4	7523,7524
Partition 5	7504,7513,7498,7502,7503,7501
Partition 6	7508,7509,7510
Partition 7	7525,7496,7526,7527
Partition 8	7540,7541,7492,7539
Partition 9	7499,7515,7516,7542,7549
Partition 10	7546,7547,7531,7548
Partition 11	7532,7500,7536,7537
Partition 12	7521,7522,7528
Partition 13	7553,7554,7559
Partition 14	7520,7518,7519,7517
Partition 15	7533,7534,7490,7530,7538,7551,7552
Partition 16	7535,7497
Partition 17	7491
Partition 18	7529
Partition 20	7493
Partition 21	7507
path	5
T	10
cut	37
Partition 0	7511,7513,7512
Partition 1	7494,7506,7543,7493,7505
Partition 2	7555
Partition 3	7545,7557,7558,7556
Partition 4	7523,7524,7544,7495,7498
Partition 5	7504,7502,7503,7501
Partition 6	7508,7507,7509,7510
Partition 7	7525,7526,7527,7528
Partition 8	7540,7541,7492,7539
Partition 9	7499,7515,7542,7549,7550
Partition 10	7491,7546,7547,7531,7548
Partition 11	7532,7500,7536,7537
Partition 12	7521,7522,7516
Partition 13	7529,7553,7554,7559
Partition 14	7520,7519,7517
Partition 15	7533,7534,7490,7518,7530,7551,7552
Partition 16	7538,7535,7497
Partition 18	7514
Partition 20	7496
path	6
T	9
cut	43
Partition 0	7511,7513,7512
Partition 1	7494,7506,7505
Partition 2	7514,7555,7550
Partition 3	7544,7490,7545,7557,7558,7556
Partition 4	7523,7524,7499,7495,7498
Partition 5	7504,7502,7503,7501
Partition 6	7508,7507,7509,7510
Partition 7	7525,7496,7526,7527
Partition 8	7540,7541,7542,7539
Partition 9	7515,7492
Partition 10	7546,7547,7531,7548
Partition 11	7532,7500,7536,7537
Partition 12	7521,7522,7528
Partition 13	7529,7553,7554,7559
Partition 14	7520,7518,7519
Partition 15	7533,7534,7530
Partition 16	7538,7551,7552
Partition 17	7491
Partition 18	7549
Partition 19	7517
Partition 20	7516
Partition 25	7543
Partition 26	7497
Partition 28	7493
Partition 30	7535
