path	1
T	NA
cut	67
Partition 0	3545,3546,3547,3543,3544
Partition 1	3541,3542,3592
Partition 2	3561
Partition 3	3559,3533,3534
Partition 4	3586,3587,3588
Partition 5	3581,3582,3578,3579,3580,3523
Partition 6	3529,3531,3532
Partition 7	3567,3554,3568,3569,3570
Partition 8	3563,3565,3566
Partition 9	3574,3572,3573,3571
Partition 10	3535,3538,3539,3536,3537
Partition 11	3540,3549,3550,3548,3551
Partition 12	3594,3593,3595,3598
Partition 13	3555,3556,3564,3558
Partition 14	3591,3600,3601,3599
Partition 15	3602,3617,3616,3618
Partition 16	3585,3557,3584
Partition 17	3621,3589,3590,3619,3620
Partition 18	3575,3576,3577,3583
Partition 19	3521,3530,3596,3605,3597,3526
Partition 20	3610,3527,3528,3522
Partition 21	3524,3552,3609,3553
Partition 22	3611,3612,3614,3615,3613
Partition 23	3603,3604,3607,3606,3608
Partition 24	3520
Partition 25	3560
Partition 27	3525
Partition 32	3562
path	2
T	NA
cut	67
Partition 0	3545,3546,3547,3544
Partition 1	3541,3543,3562,3561,3523
Partition 2	3560
Partition 3	3559,3533,3534
Partition 4	3586,3587,3588
Partition 5	3581,3582,3578,3579,3580
Partition 6	3529,3531,3532
Partition 7	3567,3554,3568,3569,3570
Partition 8	3525,3535,3563,3565,3566
Partition 9	3574,3572,3573
Partition 10	3538,3539,3536,3537
Partition 11	3540,3549,3550,3548,3551
Partition 12	3594,3593,3595,3598
Partition 13	3555,3556,3564,3558
Partition 14	3591,3600,3601,3599
Partition 15	3602,3617,3616,3618
Partition 16	3585,3557,3584
Partition 17	3621,3589,3590,3619,3620
Partition 18	3575,3576,3577,3583
Partition 19	3521,3530,3596,3605,3597
Partition 20	3520,3610,3527,3522
Partition 21	3524,3552,3609,3553
Partition 22	3611,3612,3614,3615,3613
Partition 23	3603,3604,3607,3606,3608
Partition 26	3528
Partition 27	3526
Partition 28	3592
Partition 31	3542
Partition 34	3571
path	3
T	NA
cut	67
Partition 0	3545,3546,3547,3543,3544
Partition 1	3541,3542,3562
Partition 2	3535,3561,3523
Partition 3	3559,3533,3534
Partition 4	3586,3587,3588
Partition 5	3581,3582,3578,3579,3580
Partition 6	3529,3531,3532
Partition 7	3567,3554,3568,3569,3570
Partition 8	3563,3565,3566
Partition 9	3574,3560,3572,3573,3571
Partition 10	3538,3539,3536,3537
Partition 11	3540,3549,3550,3548,3551
Partition 12	3594,3593,3595,3598
Partition 13	3555,3556,3564,3558
Partition 14	3591,3600,3601,3599
Partition 15	3520,3602,3617,3616,3618
Partition 16	3585,3557,3584
Partition 17	3621,3589,3590,3619,3620
Partition 18	3575,3576,3577,3583
Partition 19	3521,3530,3596,3605,3597
Partition 20	3610,3527,3528,3522
Partition 21	3524,3552,3553
Partition 22	3611,3612,3614,3615,3613
Partition 23	3603,3604,3607,3606,3608
Partition 26	3526
Partition 27	3609
Partition 28	3525
Partition 29	3592
