cut	116
Partition 0	2135,2136
Partition 1	2131,2132
Partition 2	2134,2133
Partition 3	2066,2142
Partition 4	2143,2076
Partition 5	2129,2068
Partition 6	2130,2138,2139,2140
Partition 7	2144,2151
Partition 8	2149,2150
Partition 9	2145,2148
Partition 10	2146,2147
Partition 11	2082,2062
Partition 12	2083,2137
Partition 13	2089,2141
Partition 14	2063,2088,2099,2100
Partition 15	2077,2067
Partition 16	2090,2092
Partition 17	2078,2091
Partition 18	2065,2079
Partition 19	2096,2097,2075
Partition 20	2080,2085
Partition 21	2084,2086,2081
Partition 22	2112,2110
Partition 23	2069,2111,2113
Partition 24	2093,2107
Partition 25	2087,2109,2108
Partition 26	2103,2104
Partition 27	2102,2101
Partition 28	2094,2095
Partition 29	2098,2105,2106
Partition 30	2157,2074
Partition 31	2072,2156
Partition 32	2158,2160
Partition 33	2162,2165
Partition 34	2155,2159
Partition 35	2164,2166,2169
Partition 36	2070,2161,2163
Partition 37	2174,2172
Partition 38	2127,2128,2175
Partition 39	2071,2115,2114
Partition 40	2173,2177
Partition 41	2153,2152
Partition 42	2168,2170
Partition 43	2176,2178
Partition 44	2154,2167,2171
Partition 45	2193,2194
Partition 46	2191,2190
Partition 47	2192,2189
Partition 48	2199,2184
Partition 49	2200,2185,2183
Partition 50	2198,2196,2197
Partition 51	2186,2195
Partition 52	2064,2125
Partition 53	2126,2188
Partition 54	2187,2180
Partition 55	2179,2181,2182
Partition 56	2121,2122
Partition 57	2124,2120,2123
Partition 58	2073,2119
Partition 59	2116,2117,2118
