path	1
T	10
cut	33
Partition 0	1691,1694,1692,1693
Partition 1	1680,1667,1684
Partition 2	1669,1689,1690
Partition 3	1664,1671,1672
Partition 4	1681,1668,1682,1683
Partition 5	1673
Partition 6	1704,1702,1703,1710
Partition 7	1696,1697,1670
Partition 8	1698,1699,1700,1701
Partition 9	1685,1686,1687,1665
Partition 10	1678,1688,1677,1712
Partition 11	1711
Partition 12	1708,1709,1662,1675,1679,1676
Partition 13	1674
Partition 17	1695
Partition 19	1663
Partition 20	1705,1706,1707
Partition 22	1666
path	2
T	10
cut	31
Partition 0	1691,1694,1692,1693
Partition 1	1680,1667
Partition 2	1669,1673,1689,1690
Partition 3	1664,1671,1707,1672
Partition 4	1681,1668,1674,1682,1683
Partition 5	1705,1706,1679,1666
Partition 6	1704,1702,1703,1710,1711
Partition 7	1695,1696,1697,1670
Partition 8	1698,1699,1700,1701
Partition 9	1685,1686,1687,1665
Partition 10	1678,1688,1712
Partition 11	1708,1709
Partition 12	1662,1675,1676
Partition 14	1684
Partition 17	1663
Partition 18	1677
path	3
T	9
cut	34
Partition 0	1691,1694,1692,1693
Partition 1	1680,1667,1684
Partition 2	1672,1673
Partition 3	1705,1706,1664,1671,1681,1707
Partition 6	1704,1702,1703,1710
Partition 7	1695,1696,1697,1669,1670,1689,1690
Partition 8	1698,1699,1700,1701
Partition 9	1685,1686,1687,1665
Partition 10	1678,1688,1712
Partition 11	1711
Partition 12	1662,1675,1676
Partition 13	1708
Partition 15	1663
Partition 16	1709
Partition 18	1677
Partition 19	1682,1683
Partition 21	1668,1666
Partition 22	1674
Partition 24	1679
path	4
T	12
cut	33
Partition 0	1691,1694,1692,1693
Partition 1	1680,1684
Partition 2	1669,1689,1690
Partition 3	1671,1674,1672,1673,1702,1703
Partition 4	1664,1681,1668,1682,1683
Partition 5	1705,1706
Partition 6	1710,1711
Partition 7	1695,1696,1708,1697,1709,1707,1670
Partition 8	1663,1698,1699,1700,1701
Partition 9	1686,1687,1665
Partition 10	1678,1688,1677,1675
Partition 13	1685
Partition 14	1712
Partition 15	1676
Partition 17	1704
Partition 18	1667
Partition 19	1662,1679,1666
path	5
T	9
cut	34
Partition 0	1694,1693
Partition 1	1680,1684
Partition 2	1691,1671,1672,1669,1673,1689,1690
Partition 3	1692,1708,1706,1664,1681,1707
Partition 4	1682,1683
Partition 6	1704,1702,1703
Partition 7	1695,1696
Partition 8	1698,1699,1700,1701
Partition 9	1685,1686,1687,1665
Partition 10	1678,1688,1712
Partition 12	1677,1662,1675,1676
Partition 13	1670
Partition 14	1697
Partition 16	1667
Partition 17	1674
Partition 22	1709,1710
Partition 23	1711
Partition 24	1663
Partition 25	1705,1668,1679,1666
