path	1
T	4
cut	13
Partition 0	816,798,808
Partition 1	800,804,796,809,805,820
Partition 2	799,818,819,817
Partition 3	801,802,806,807,803,815
Partition 4	826,812,825,811,810
Partition 5	813,814,797
Partition 6	821,823,822,824
path	2
T	2
cut	14
Partition 0	816,798,808
Partition 1	800,804,817,796,799,807
Partition 2	810,809,811
Partition 3	801,802,806,803
Partition 4	826,812,825
Partition 5	813,814,797,805,820
Partition 6	815,821,823,822,824,819,818
path	3
T	4
cut	14
Partition 0	816,819,798,808,809
Partition 1	800,804,796
Partition 2	799,818,805,817
Partition 3	801,802,806,807,803
Partition 4	826,812,825,811
Partition 5	813,814,797,820
Partition 6	815,821,823,822,824,810
path	4
T	5
cut	15
Partition 0	816,798,808
Partition 1	800,804,796,799
Partition 2	810,809,817
Partition 3	801,802,806,807,803,815
Partition 4	826,812,825,811
Partition 5	813,814,797,805,820,818
Partition 6	821,823,822,824,819
path	5
T	4
cut	13
Partition 0	798,808,799,809,810
Partition 1	800,804,796
Partition 2	818,819,816,811,817
Partition 3	801,802,806,807,803,805
Partition 4	826,812,825
Partition 5	813,814,797,820,815
Partition 6	821,823,822,824
path	6
T	4
cut	13
Partition 0	816,819,798,808,815,818
Partition 1	800,804,817,796,799,805
Partition 2	810,809,811
Partition 3	801,802,806,807,803
Partition 4	826,812,825
Partition 5	813,814,797,820
Partition 6	821,823,822,824
path	7
T	4
cut	15
Partition 0	816,798,808,799
Partition 1	800,804,796
Partition 2	810,809,818,819
Partition 3	801,802,806,807,803,815
Partition 4	826,812,825,811
Partition 5	813,814,797,805,820,817
Partition 6	821,823,822,824
path	8
T	4
cut	13
Partition 0	816,798,808
Partition 1	800,804,796,801
Partition 2	818,819,821,824,823,822
Partition 3	802,806,807,803,815
Partition 4	826,812,825,811
Partition 5	813,814,797,805,820
Partition 6	799,810,817,809
path	9
T	2
cut	16
Partition 0	798,808,809
Partition 1	804,796,799
Partition 2	797,800,815,814,813
Partition 3	801,802,806,807,803,805
Partition 4	826,812,825,811
Partition 5	820,818,817
Partition 6	821,823,822,824,819,810,816
path	10
T	4
cut	14
Partition 0	816,798,808
Partition 1	800,804,796
Partition 2	799,810,809,818,817,805,819
Partition 3	801,802,803
Partition 4	826,812,825,811,807
Partition 5	813,814,797,820,815
Partition 6	821,823,822,824,806
