path	1
T	22
cut	67
Partition 0	3596,3543,3595,3597,3603
Partition 2	3524,3542,3528,3544
Partition 3	3550,3551,3552,3584
Partition 5	3555,3538,3556,3537
Partition 6	3585
Partition 7	3527,3529,3526,3531,3525
Partition 8	3536
Partition 9	3573,3574,3572
Partition 10	3522,3578,3579
Partition 11	3549,3580,3575,3557,3576,3609,3610
Partition 12	3600,3601,3602
Partition 13	3521,3533
Partition 14	3568,3569
Partition 15	3593
Partition 16	3606,3607,3582,3605
Partition 17	3563,3561,3562
Partition 18	3559,3560,3571
Partition 19	3558,3539,3520
Partition 20	3564,3565,3598,3599,3540
Partition 22	3588,3589,3591,3592
Partition 23	3587,3590
Partition 26	3577,3530
Partition 28	3547
Partition 32	3586
Partition 33	3554
Partition 34	3567,3532
Partition 36	3545,3546
Partition 40	3553
Partition 44	3608,3604
Partition 46	3548,3541
Partition 47	3570,3594
Partition 48	3534
Partition 49	3523
Partition 51	3583
Partition 52	3566
Partition 53	3535
Partition 55	3581
path	2
T	15
cut	64
Partition 0	3561
Partition 1	3547,3548,3541,3549
Partition 2	3542,3543,3528,3595
Partition 3	3550,3551,3584
Partition 4	3553,3554,3596
Partition 5	3555,3556,3557
Partition 6	3525
Partition 7	3577,3530,3575,3576
Partition 8	3529,3534,3536,3537
Partition 9	3572
Partition 10	3522,3578,3579
Partition 11	3580,3609,3610
Partition 12	3600,3601,3602
Partition 13	3566,3581,3521,3533,3535
Partition 14	3607,3608,3568,3563,3570,3569,3562
Partition 15	3573,3574,3594,3597,3604,3603,3593
Partition 17	3605
Partition 18	3559,3560,3571
Partition 19	3558,3539,3520
Partition 20	3564,3565,3598,3599,3540
Partition 22	3523,3586,3587,3590,3589,3591,3592
Partition 23	3544,3526,3531,3532
Partition 24	3545,3546
Partition 25	3606
Partition 26	3582
Partition 27	3588
Partition 30	3524
Partition 32	3552
Partition 34	3527
Partition 37	3538
Partition 38	3567
Partition 42	3583
Partition 43	3585
path	3
T	16
cut	59
Partition 0	3524,3547,3546
Partition 1	3541
Partition 2	3542,3543
Partition 3	3550,3551,3584
Partition 4	3586,3553,3554,3596,3585,3597
Partition 5	3570,3594,3604,3593
Partition 7	3529,3577,3530,3525
Partition 8	3555,3538,3556,3534,3536,3537
Partition 9	3523,3573,3572
Partition 10	3522,3578,3579
Partition 11	3580,3557,3576,3609,3610
Partition 12	3600,3601,3602
Partition 13	3566,3521
Partition 14	3568,3569
Partition 16	3606,3607,3608
Partition 17	3605,3563,3562
Partition 18	3559,3560,3571
Partition 19	3558,3539,3520
Partition 20	3564,3565,3598,3599,3540
Partition 21	3581,3582,3583,3567,3532,3588
Partition 22	3587,3590,3589,3591,3592
Partition 23	3528,3535,3544,3526,3531,3561
Partition 24	3545
Partition 26	3603
Partition 28	3552
Partition 29	3595
Partition 30	3527
Partition 31	3574,3575
Partition 32	3548,3549
Partition 34	3533
path	4
T	17
cut	60
Partition 0	3545,3546
Partition 1	3527,3529,3530
Partition 2	3595
Partition 3	3524,3547,3550,3551,3584
Partition 5	3548,3556,3549,3557
Partition 6	3586,3585
Partition 7	3542,3543
Partition 8	3554,3596,3538,3534,3536,3537,3597
Partition 9	3523,3573,3574,3572
Partition 10	3522,3578,3579,3577
Partition 11	3609,3610
Partition 12	3601,3602,3603
Partition 13	3581,3600
Partition 14	3568,3569
Partition 15	3570,3594,3593
Partition 16	3606,3607,3608
Partition 17	3605,3563,3562
Partition 18	3559,3560,3571
Partition 19	3558,3539,3520
Partition 20	3564,3565,3598,3599,3540
Partition 21	3582,3583,3567,3532
Partition 22	3587,3590,3588,3589,3591,3592
Partition 23	3528,3541,3544,3526,3561,3525
Partition 26	3552
Partition 27	3535,3531
Partition 29	3553
Partition 31	3555
Partition 32	3575,3576
Partition 34	3566,3521,3533
Partition 37	3604
Partition 38	3580
path	5
T	17
cut	61
Partition 0	3547,3545,3546
Partition 1	3548,3541,3549
Partition 2	3524,3542
Partition 3	3550,3551,3584,3588
Partition 4	3553,3554,3596,3597
Partition 5	3555,3556,3557
Partition 6	3586,3585,3525,3552
Partition 7	3529,3577,3530
Partition 8	3538,3534,3536,3537
Partition 9	3523,3573,3574,3572
Partition 10	3522,3578,3579,3580,3609
Partition 11	3575,3576
Partition 12	3581,3600,3535
Partition 13	3533,3570
Partition 14	3568,3569
Partition 15	3594,3604,3593
Partition 16	3606,3607
Partition 17	3605,3563,3562
Partition 18	3560,3567,3571
Partition 19	3558,3539,3520
Partition 20	3564,3565,3598,3599,3540
Partition 21	3582,3583,3601,3602
Partition 22	3587,3590,3589,3591,3592
Partition 23	3544,3526,3531,3561
Partition 24	3610
Partition 25	3527,3528,3595
Partition 26	3543
Partition 27	3559
Partition 28	3608
Partition 29	3603
Partition 30	3566,3521
Partition 32	3532
