path	1
T	12
cut	50
Partition 0	3594,3592,3593,3522
Partition 1	3544,3543
Partition 2	3581,3536
Partition 3	3521,3541,3583,3539,3540
Partition 4	3586,3587,3588,3520,3590,3589
Partition 5	3526,3591,3595,3596
Partition 6	3545,3547,3601,3546,3602
Partition 7	3585,3580,3599,3600,3597,3598
Partition 8	3555,3556
Partition 9	3557,3560,3561,3558,3559
Partition 10	3578,3563,3564,3562,3579
Partition 11	3548,3550,3549,3551
Partition 12	3565,3566,3570,3571,3567,3572
Partition 13	3574,3575,3573
Partition 14	3533,3534,3524
Partition 15	3527,3528,3529
Partition 16	3530,3531,3532,3525,3568,3523
Partition 18	3569
Partition 20	3542
Partition 23	3537,3538
Partition 24	3554
Partition 25	3577
Partition 26	3576
Partition 27	3553
Partition 28	3584,3582
Partition 29	3535
Partition 31	3552
path	2
T	11
cut	44
Partition 0	3542,3538,3594,3592,3593,3522
Partition 1	3543
Partition 2	3581,3536,3537
Partition 3	3541,3583,3584,3539,3540
Partition 4	3586,3587,3554,3588,3520,3590,3589
Partition 5	3526,3591,3595,3596
Partition 6	3545,3547,3601,3546,3602
Partition 7	3585,3580,3599,3600,3597,3598
Partition 8	3555,3552
Partition 9	3557,3560,3561,3558,3559
Partition 10	3578,3563,3564,3562,3579
Partition 11	3521,3548,3550,3549,3551
Partition 12	3576,3577,3571,3567,3572
Partition 13	3574,3575,3573
Partition 14	3565,3535,3566,3533,3534,3524
Partition 15	3527,3528,3529
Partition 16	3553,3530,3531,3532,3525,3568,3523
Partition 18	3544
Partition 19	3582
Partition 20	3556
Partition 21	3570,3569
path	3
T	9
cut	46
Partition 0	3594,3592,3593,3522
Partition 1	3535,3544,3533,3534,3543
Partition 2	3581,3536,3537,3582
Partition 3	3541,3583,3539,3540
Partition 4	3586,3587,3588,3520
Partition 5	3554,3526,3591,3595,3590,3596,3589
Partition 6	3545,3547,3601,3546,3602
Partition 7	3580,3599,3600,3597,3598
Partition 9	3557,3560,3555,3561,3558,3559,3556
Partition 10	3578,3563,3564,3562,3579
Partition 11	3521,3548,3550,3549,3551
Partition 12	3576,3577,3571,3567,3572
Partition 13	3574,3575,3573
Partition 14	3565,3566,3524
Partition 15	3527,3528,3529
Partition 16	3553,3530,3531,3532,3525,3568,3523
Partition 17	3585
Partition 22	3538
Partition 23	3569
Partition 24	3570
Partition 25	3584
Partition 26	3552
Partition 28	3542
path	4
T	6
cut	43
Partition 0	3594,3592,3593,3522
Partition 1	3535,3544,3542,3543
Partition 2	3584,3581,3585,3536,3537,3582
Partition 3	3541,3583,3539,3540
Partition 4	3586,3587,3588,3520,3590
Partition 5	3591,3595,3596
Partition 6	3545,3547,3601,3546,3602
Partition 7	3580,3599,3600,3597,3598
Partition 8	3555,3526,3552,3556
Partition 9	3557,3560,3561,3558,3559
Partition 10	3578,3563,3564,3562,3579
Partition 11	3548,3550,3549,3551
Partition 12	3576,3577,3575,3572
Partition 13	3569,3573
Partition 14	3565,3566,3533,3534,3567,3524
Partition 15	3521,3527,3553,3528,3554,3529,3589
Partition 16	3530,3531,3532,3525,3568,3523
Partition 17	3538
Partition 18	3570,3571
Partition 19	3574
path	5
T	8
cut	50
Partition 0	3594,3592,3593,3522
Partition 1	3535,3544,3542,3543
Partition 2	3581,3536,3537,3582
Partition 3	3583,3539,3540
Partition 4	3586,3587,3588,3520
Partition 5	3591,3595,3596
Partition 6	3545,3547,3601,3546,3602
Partition 7	3585,3580,3599,3600,3597,3598
Partition 8	3555,3556
Partition 9	3557,3560,3561,3558,3559
Partition 10	3578,3563,3564,3562,3579
Partition 11	3548,3550,3549,3551
Partition 12	3576,3577,3571,3567,3572
Partition 13	3574,3575,3573
Partition 14	3565,3566,3524
Partition 15	3521,3527,3553,3528,3529
Partition 16	3530,3531,3532
Partition 20	3554,3590,3589
Partition 21	3538
Partition 23	3523
Partition 24	3526,3570
Partition 25	3568,3569
Partition 26	3584
Partition 28	3541
Partition 30	3525
Partition 32	3552
Partition 36	3533,3534
path	6
T	8
cut	51
Partition 0	3594,3592,3593,3522
Partition 1	3544,3543
Partition 2	3581,3536
Partition 3	3541,3583,3539,3540
Partition 4	3586,3587,3588,3520,3590,3589
Partition 5	3595,3596
Partition 6	3545,3547,3601,3546,3602
Partition 7	3585,3580,3599,3600,3597,3598
Partition 8	3555,3556
Partition 9	3557,3560,3561,3558,3559
Partition 10	3578,3563,3564,3562,3579
Partition 11	3548,3550,3549,3551
Partition 12	3565,3566,3571,3567,3572
Partition 13	3575,3573
Partition 14	3533,3534,3524
Partition 15	3521,3527,3528,3529
Partition 16	3530,3531,3532,3525,3568,3523
Partition 18	3526,3552,3570
Partition 20	3542
Partition 23	3537,3538
Partition 25	3577
Partition 26	3576
Partition 27	3553,3554
Partition 28	3584,3582
Partition 29	3535
Partition 34	3591
Partition 39	3569
Partition 40	3574
path	7
T	11
cut	48
Partition 0	3542,3552,3538,3594,3592,3593,3522
Partition 1	3543
Partition 2	3581,3536,3537
Partition 3	3521,3541,3565,3583,3539,3540
Partition 4	3586,3587,3554,3588,3520,3590,3589
Partition 5	3591,3595,3596
Partition 6	3545,3547,3601,3546,3602
Partition 7	3585,3580,3599,3600,3597,3598
Partition 8	3555
Partition 9	3557,3560,3561,3558,3559
Partition 10	3578,3563,3564,3562,3579
Partition 11	3548,3550,3549
Partition 12	3576,3577,3571,3567,3572
Partition 13	3574,3575,3573
Partition 14	3535,3544,3533,3534
Partition 15	3527,3528,3529
Partition 16	3553,3530,3531,3532,3525,3568,3523
Partition 19	3584,3582
Partition 20	3556
Partition 21	3526
Partition 22	3551
Partition 24	3570
Partition 25	3569
Partition 26	3566
Partition 29	3524
path	8
T	9
cut	47
Partition 0	3594,3592,3593,3522
Partition 1	3535,3544,3533,3534,3543
Partition 2	3581,3536,3537,3582
Partition 3	3521,3541,3583,3539,3540
Partition 4	3586,3587,3588,3520
Partition 5	3554,3526,3591,3595,3590,3596,3589
Partition 6	3545,3547,3601,3546,3602
Partition 7	3580,3599,3600,3597,3598
Partition 9	3557,3560,3561,3558,3559,3556
Partition 10	3578,3563,3564,3562,3579
Partition 11	3548,3550,3549,3551
Partition 12	3576,3577,3571,3567,3572
Partition 13	3574,3575,3573
Partition 14	3565,3566,3524
Partition 15	3527,3528,3529
Partition 16	3553,3530,3531,3532,3525,3568,3523
Partition 17	3585
Partition 22	3538
Partition 23	3569
Partition 24	3570
Partition 25	3584
Partition 26	3552
Partition 28	3542
Partition 30	3555
path	9
T	7
cut	51
Partition 0	3594,3592,3593,3522
Partition 1	3535,3544,3542,3543
Partition 2	3581,3536,3537,3582
Partition 3	3583,3539,3540
Partition 4	3586,3587,3588,3520
Partition 5	3526
Partition 6	3545,3547,3601,3546,3602
Partition 7	3585,3580,3599,3600,3596,3597,3598
Partition 8	3555,3556
Partition 9	3557,3560,3561,3558,3559
Partition 10	3578,3563,3564,3562,3579
Partition 11	3548,3550,3549,3551
Partition 12	3576,3577,3571,3567,3572
Partition 13	3574,3575,3573
Partition 14	3565,3566,3524
Partition 15	3521,3527,3553,3528,3529
Partition 16	3530,3531,3532
Partition 20	3554,3590,3589
Partition 21	3538
Partition 23	3523
Partition 24	3570
Partition 25	3568,3569
Partition 26	3584
Partition 28	3541
Partition 30	3525
Partition 32	3552
Partition 36	3533,3534
Partition 37	3591,3595
