cut	46
Partition 0	7530,7531
Partition 1	7491,7514
Partition 2	7546,7547,7548
Partition 3	7557,7556
Partition 4	7559,7554,7558
Partition 5	7555,7550
Partition 6	7541,7542,7549
Partition 7	7502,7501
Partition 8	7513,7512
Partition 9	7499,7504,7503
Partition 10	7537,7538
Partition 11	7532,7500,7536
Partition 12	7533,7534
Partition 13	7529,7553,7552,7551
Partition 14	7528,7527
Partition 15	7496,7526
Partition 16	7523,7524,7525
Partition 17	7540,7539
Partition 18	7515,7492
Partition 19	7521,7516,7522
Partition 20	7520,7519,7517
Partition 21	7505,7507,7493
Partition 22	7490,7518
Partition 23	7497,7535
Partition 24	7544,7545
Partition 25	7495,7498,7508
Partition 26	7494,7506,7543
Partition 27	7511,7509,7510
