path	1
T	9
cut	21
Partition 0	1693,1706,1705
Partition 1	1701,1698,1702
Partition 2	1703,1704,1685,1686
Partition 3	1666,1677,1678,1664
Partition 4	1663,1695,1696
Partition 5	1662,1679,1694,1690,1697
Partition 6	1672,1673,1674
Partition 7	1684,1682,1683
Partition 8	1687,1671,1665,1688,1689
Partition 9	1676,1667,1692,1691
Partition 10	1680,1681,1699,1700
Partition 11	1670,1675,1668,1669
path	2
T	7
cut	23
Partition 0	1693,1706,1705
Partition 1	1701,1698,1702
Partition 2	1666,1685,1686
Partition 3	1662,1679,1703,1704
Partition 4	1663,1695,1696,1677,1678
Partition 5	1694
Partition 6	1672,1673,1674,1675
Partition 7	1664,1682,1683
Partition 8	1690,1689
Partition 9	1676,1667,1692,1691
Partition 10	1680,1681,1684,1699
Partition 11	1670,1700,1668,1669
Partition 13	1697
Partition 14	1687,1671,1665,1688
path	3
T	8
cut	23
Partition 0	1693,1706,1705
Partition 1	1704,1701,1698,1702
Partition 2	1685,1686,1687,1688,1689
Partition 3	1679,1678
Partition 4	1697,1663,1695,1696
Partition 5	1662,1694
Partition 6	1672,1673,1674,1671,1665
Partition 7	1684,1682,1683
Partition 9	1676,1667,1692,1691
Partition 10	1680,1681,1699,1700
Partition 11	1670,1675,1668,1669
Partition 13	1666,1677,1664
Partition 14	1690
Partition 15	1703
path	4
T	10
cut	23
Partition 0	1704,1693,1706,1705
Partition 1	1701,1698,1702
Partition 2	1703,1666,1685,1686,1687
Partition 3	1697
Partition 4	1663,1695,1696
Partition 5	1662,1679,1694,1690
Partition 6	1672,1673,1674,1671,1665
Partition 7	1677,1678,1664,1682,1683
Partition 8	1688,1689
Partition 9	1676,1667
Partition 10	1680,1681,1684,1699
Partition 11	1670,1675,1668,1669
Partition 12	1700
Partition 13	1692,1691
path	5
T	8
cut	27
Partition 0	1693,1706,1705
Partition 1	1701,1698,1702
Partition 2	1666,1685
Partition 3	1703,1704,1686,1687
Partition 4	1663,1695,1696
Partition 5	1662,1694
Partition 6	1672,1673,1674
Partition 7	1677,1678,1664,1682,1683
Partition 8	1690,1676,1692,1691,1689
Partition 9	1675
Partition 10	1680,1681,1699,1700
Partition 11	1670,1669
Partition 12	1668
Partition 13	1667
Partition 14	1671,1665
Partition 15	1684,1688
Partition 17	1679
Partition 19	1697
