path	1
T	7
cut	36
Partition 0	1690,1709,1669
Partition 1	1712,1711,1713,1714
Partition 2	1699,1667,1691
Partition 3	1715,1717,1716,1718
Partition 4	1663,1670,1672,1674
Partition 5	1688,1678,1687
Partition 6	1676,1675,1694,1710,1666
Partition 7	1700,1701,1698
Partition 8	1671,1696,1697,1705
Partition 9	1664,1708,1706,1707
Partition 10	1702,1665,1703,1704
Partition 11	1684,1685,1686,1681,1695,1682,1683
Partition 14	1689
Partition 15	1692,1693
Partition 18	1662
Partition 20	1677
Partition 22	1668
Partition 26	1673
Partition 27	1680,1679
path	2
T	10
cut	37
Partition 0	1690,1709,1669
Partition 1	1673,1712,1711
Partition 2	1699,1667,1691
Partition 3	1715,1717,1716,1718
Partition 4	1663,1670,1672,1674,1677,1668
Partition 5	1688,1678,1687
Partition 6	1693,1675,1694,1710,1666
Partition 7	1701,1698
Partition 8	1671,1696,1697,1705
Partition 9	1664,1708,1695,1706,1707
Partition 10	1702,1665,1703,1704
Partition 11	1684,1685,1686,1681,1683
Partition 12	1689,1692
Partition 13	1662
Partition 16	1682
Partition 17	1700
Partition 20	1713,1714
Partition 22	1680
Partition 23	1676
Partition 24	1679
path	3
T	8
cut	29
Partition 0	1690,1709,1669
Partition 1	1712,1711,1713,1714
Partition 2	1689,1692,1699,1693,1667,1691
Partition 3	1715,1717,1716,1718
Partition 4	1663,1670,1672,1674,1673,1668
Partition 5	1688,1678,1687
Partition 6	1676,1677,1675,1694,1710,1666
Partition 7	1700,1701,1698
Partition 8	1671,1662,1680,1696,1697,1679
Partition 9	1664,1708,1695,1705,1706,1707
Partition 10	1702,1665,1682,1703,1704
Partition 11	1684,1685,1686,1681,1683
path	4
T	10
cut	35
Partition 0	1690,1709,1669
Partition 1	1673,1712,1711
Partition 2	1689,1692,1693,1691
Partition 3	1715,1717,1716,1718
Partition 4	1663,1672
Partition 5	1670,1674,1688,1677,1678,1668,1687
Partition 6	1676,1675,1694,1666
Partition 7	1700,1701,1698
Partition 8	1671,1696,1697
Partition 9	1664,1708,1681,1695,1705,1706,1707
Partition 10	1702,1665,1703,1704,1713,1714
Partition 11	1684,1685,1686,1682,1683
Partition 12	1662
Partition 13	1710
Partition 14	1680
Partition 16	1679
Partition 17	1699,1667
path	5
T	11
cut	36
Partition 0	1690,1709
Partition 1	1700
Partition 2	1691
Partition 3	1715,1717,1716,1718
Partition 4	1663,1670,1672,1674,1673
Partition 5	1688,1677,1678,1667,1668,1669,1687
Partition 6	1675,1694
Partition 8	1671,1696,1697
Partition 9	1664,1708,1695,1706,1707
Partition 10	1702,1665,1703,1704
Partition 11	1684,1685,1686,1681,1682,1683
Partition 12	1699
Partition 13	1689,1692,1693
Partition 14	1701,1698,1712,1710,1711,1666
Partition 17	1662,1680,1679
Partition 21	1676
Partition 22	1705
Partition 24	1713
Partition 26	1714
path	6
T	8
cut	40
Partition 0	1690,1709,1669
Partition 1	1712,1711,1713,1714
Partition 2	1699,1667,1691
Partition 3	1715,1717,1716,1718
Partition 4	1663,1670,1672,1674
Partition 5	1688,1678,1687
Partition 6	1710
Partition 7	1700,1701,1698
Partition 8	1671,1696,1697,1705
Partition 9	1664,1708,1706,1707
Partition 10	1702,1665,1703,1704
Partition 11	1684,1685,1686,1681,1682,1683
Partition 14	1689
Partition 15	1692,1693
Partition 18	1662
Partition 20	1677
Partition 22	1668
Partition 26	1673
Partition 27	1680,1679
Partition 28	1675,1694
Partition 29	1676
Partition 30	1666
Partition 31	1695
path	7
T	7
cut	39
Partition 0	1690,1709,1669
Partition 1	1712,1711,1713,1714
Partition 2	1699,1667,1691
Partition 3	1715,1717,1716,1718
Partition 4	1663,1670,1672,1674
Partition 5	1688,1678,1687
Partition 6	1675,1694,1710,1666
Partition 7	1700,1701,1698
Partition 8	1671,1696,1697,1705
Partition 9	1664,1708,1706,1707
Partition 10	1702,1665,1703,1704
Partition 14	1689
Partition 15	1692,1693
Partition 18	1662
Partition 20	1677
Partition 22	1668
Partition 26	1673
Partition 27	1680,1679
Partition 28	1676
Partition 29	1681
Partition 30	1695
Partition 31	1684,1685,1686,1682,1683
path	8
T	7
cut	42
Partition 0	1690,1709,1669
Partition 1	1712,1711,1713,1714
Partition 2	1699,1667,1691
Partition 3	1715,1717,1716,1718
Partition 4	1663,1670,1672,1674
Partition 5	1688,1678,1687
Partition 6	1675,1694
Partition 7	1700,1701,1698
Partition 8	1671,1696,1697,1705
Partition 9	1664,1708,1706,1707
Partition 10	1702,1665,1703,1704
Partition 11	1685,1686,1682,1683
Partition 14	1689
Partition 15	1692,1693
Partition 18	1662
Partition 20	1677
Partition 22	1668
Partition 26	1673
Partition 27	1680,1679
Partition 28	1666
Partition 29	1676
Partition 30	1710
Partition 31	1684,1681
Partition 32	1695
path	9
T	7
cut	42
Partition 0	1690,1709,1669
Partition 1	1712,1711,1713,1714
Partition 2	1699,1667,1691
Partition 3	1715,1717,1716,1718
Partition 4	1663,1670,1672,1674
Partition 5	1688,1678,1687
Partition 6	1666
Partition 7	1700,1701,1698
Partition 8	1671,1696,1697,1705
Partition 9	1664,1708,1706,1707
Partition 10	1702,1665,1703,1704
Partition 11	1681,1682,1683
Partition 14	1689
Partition 15	1692,1693
Partition 18	1662
Partition 20	1677
Partition 22	1668
Partition 26	1673
Partition 27	1680,1679
Partition 28	1676
Partition 29	1675,1694,1710
Partition 30	1684,1685,1695
Partition 31	1686
path	10
T	8
cut	42
Partition 0	1690,1709,1669
Partition 1	1712,1711,1713,1714
Partition 2	1699,1667,1691
Partition 3	1715,1717,1716,1718
Partition 4	1663,1670,1672,1674
Partition 5	1688,1678,1687
Partition 6	1666
Partition 7	1700,1701,1698
Partition 8	1671,1696,1697,1705
Partition 9	1664,1708,1706,1707
Partition 10	1702,1665,1703,1704
Partition 11	1686
Partition 14	1689
Partition 15	1692,1693
Partition 18	1662
Partition 20	1677
Partition 22	1668
Partition 26	1673
Partition 27	1680,1679
Partition 28	1676,1675
Partition 29	1710
Partition 30	1694
Partition 31	1681,1695
Partition 33	1684,1685,1682,1683
path	11
T	9
cut	44
Partition 0	1690,1709,1669
Partition 1	1673,1712,1711
Partition 2	1699,1667,1691
Partition 3	1715,1717,1716,1718
Partition 4	1663,1670
Partition 5	1688,1678,1687
Partition 6	1666
Partition 7	1701,1698
Partition 8	1671,1696,1697,1705
Partition 9	1664,1708,1695,1706,1707
Partition 10	1702,1665,1703,1704
Partition 11	1684,1685,1686,1681,1683
Partition 12	1689,1692
Partition 13	1662
Partition 16	1682
Partition 17	1700
Partition 20	1713,1714
Partition 22	1680
Partition 23	1676
Partition 24	1679
Partition 25	1672,1674
Partition 26	1677
Partition 27	1668
Partition 28	1693,1694
Partition 29	1675
Partition 30	1710
path	12
T	7
cut	41
Partition 0	1690,1709,1669
Partition 1	1712,1711,1713,1714
Partition 2	1699,1667,1691
Partition 3	1715,1717,1716,1718
Partition 4	1663,1670,1672,1674
Partition 5	1688,1678,1687
Partition 6	1675,1694
Partition 7	1700,1701,1698
Partition 8	1671,1696,1697,1705
Partition 9	1664,1708,1706,1707
Partition 10	1702,1665,1703,1704
Partition 14	1689
Partition 15	1692,1693
Partition 18	1662
Partition 20	1677
Partition 22	1668
Partition 26	1673
Partition 27	1680,1679
Partition 28	1676
Partition 29	1681
Partition 30	1695
Partition 31	1684,1685,1686,1682,1683
Partition 32	1710
Partition 33	1666
