path	1
T	7
cut	20
Partition 0	3525,3528,3527
Partition 1	3526,3539,3524
Partition 2	3537,3538,3540
Partition 3	3545,3546,3550,3544
Partition 4	3549,3523
Partition 5	3547,3548,3551
Partition 6	3521,3534,3520
Partition 7	3535,3536,3533
Partition 8	3532,3542,3541
Partition 9	3529,3522,3530
Partition 10	3543,3552,3553
Partition 11	3531,3554,3555
path	2
T	7
cut	20
Partition 0	3525,3528,3527
Partition 1	3526,3539,3524
Partition 2	3537,3538,3540
Partition 3	3545,3546,3544,3549,3523
Partition 4	3550
Partition 5	3547,3548,3551
Partition 6	3521,3534,3520
Partition 7	3535,3536,3533
Partition 8	3532,3542,3541
Partition 9	3529,3522,3530
Partition 10	3543,3552,3553
Partition 11	3531,3554,3555
path	3
T	5
cut	21
Partition 0	3525,3528,3527
Partition 1	3526,3539,3524
Partition 2	3537,3538,3540
Partition 3	3545,3546,3544
Partition 4	3550,3549
Partition 5	3547,3548,3551
Partition 6	3521,3534,3520
Partition 7	3535,3536,3533
Partition 8	3532,3542,3541
Partition 9	3529,3522,3530
Partition 10	3543,3552,3553
Partition 11	3531,3554,3555
Partition 12	3523
path	4
T	7
cut	21
Partition 0	3525,3528,3527
Partition 1	3526,3539,3524
Partition 2	3537,3538,3540
Partition 3	3545,3546
Partition 4	3544,3549,3523
Partition 5	3547,3548,3551
Partition 6	3521,3534,3520
Partition 7	3535,3536,3533
Partition 8	3532,3542,3541
Partition 9	3529,3522,3530
Partition 10	3543,3552,3553
Partition 11	3531,3554,3555
Partition 12	3550
path	5
T	4
cut	20
Partition 0	3525,3528,3527
Partition 1	3526,3539,3524
Partition 2	3537,3538,3540
Partition 3	3545,3546,3550,3549
Partition 4	3544,3523
Partition 5	3547,3548,3551
Partition 6	3521,3534,3520
Partition 7	3535,3536,3533
Partition 8	3532,3542,3541
Partition 9	3529,3522,3530
Partition 10	3543,3552,3553
Partition 11	3531,3554,3555
