cut	61
Partition 0	3547,3549,3548
Partition 1	3524,3551,3550
Partition 2	3527,3531,3530,3532
Partition 3	3520,3528,3529
Partition 4	3561,3564,3563,3562
Partition 5	3558,3559,3594,3595
Partition 6	3611,3610,3609
Partition 7	3555,3553,3554
Partition 8	3556,3570,3571,3608
Partition 9	3569,3568,3567
Partition 10	3565,3522,3566,3552
Partition 11	3597,3596,3598,3604
Partition 12	3589,3606,3607,3605
Partition 13	3537,3536,3535
Partition 14	3534,3533,3593
Partition 15	3584,3526,3583,3592
Partition 16	3538,3539,3540
Partition 17	3572,3573,3574,3576
Partition 18	3546,3545,3544,3575
Partition 19	3599,3600,3603
Partition 20	3580,3601,3602
Partition 21	3582,3581,3579,3578
Partition 22	3557,3585,3586
Partition 23	3577,3587,3588,3591
Partition 24	3541,3525,3542,3543
Partition 25	3521,3560,3523,3590
