path	1
T	16
cut	68
Partition 0	3612,3613,3558
Partition 1	3610,3611,3614,3615
Partition 2	3607,3618,3616,3617
Partition 3	3596,3605,3595,3606
Partition 4	3593,3609,3547,3608,3525
Partition 5	3603
Partition 6	3621,3622,3623
Partition 7	3552,3553,3521,3546,3570
Partition 8	3571,3619,3620
Partition 10	3551,3549,3550
Partition 11	3557
Partition 12	3526,3559,3594,3575,3560,3561,3574
Partition 13	3588,3591,3592
Partition 14	3576
Partition 15	3527,3573,3572,3577,3589,3590
Partition 16	3597,3599
Partition 17	3528,3529,3545,3544
Partition 18	3540,3541,3537,3524,3542
Partition 19	3522,3530,3600,3531,3536
Partition 20	3564,3548,3566
Partition 21	3567,3568
Partition 22	3538,3539,3565,3556
Partition 23	3554,3555,3523,3584,3583
Partition 24	3532,3533,3534,3535
Partition 25	3582,3585,3586,3587
Partition 26	3580,3581,3578,3579
Partition 27	3569
Partition 29	3598
Partition 30	3562
Partition 31	3563
Partition 35	3543
Partition 36	3604
Partition 37	3520
Partition 38	3601,3602
path	2
T	18
cut	68
Partition 0	3612,3613,3558
Partition 1	3610,3611,3614,3615
Partition 2	3607,3618,3616,3617
Partition 3	3596,3605,3595,3606
Partition 4	3593,3609,3608,3525
Partition 5	3604,3603
Partition 6	3621,3622,3623
Partition 7	3559,3560,3553,3521,3546,3570,3569
Partition 8	3571,3619,3620
Partition 9	3601,3602
Partition 10	3551,3549,3550
Partition 11	3537,3562,3557,3561,3524
Partition 12	3526,3594,3574
Partition 13	3588,3591,3592
Partition 14	3575,3576
Partition 15	3577,3589
Partition 16	3597,3583,3520
Partition 17	3543,3544
Partition 18	3540,3541,3542
Partition 19	3522,3527,3530,3600,3528,3552,3536
Partition 20	3564,3548,3566
Partition 21	3563,3567,3568
Partition 22	3538,3539,3565,3556
Partition 23	3554,3523
Partition 24	3532,3533,3534,3535
Partition 25	3582,3585,3586,3587
Partition 26	3580,3581,3578,3579
Partition 27	3531
Partition 28	3590
Partition 29	3547
Partition 30	3598,3599
Partition 32	3555,3573,3572
Partition 34	3584
Partition 35	3529,3545
path	3
T	17
cut	72
Partition 0	3612,3613,3558
Partition 1	3610,3611,3614,3615,3597,3599
Partition 2	3607,3618,3616,3617
Partition 3	3593,3596,3594,3595
Partition 4	3609,3608,3525,3598
Partition 5	3604,3603
Partition 6	3621,3620,3622,3623
Partition 7	3553,3570
Partition 8	3569
Partition 9	3601,3602
Partition 10	3551,3549,3550
Partition 11	3557,3561
Partition 12	3526,3559,3560
Partition 13	3588,3591,3592
Partition 14	3575,3576,3574
Partition 15	3577,3589,3590
Partition 16	3537,3524,3583,3520
Partition 17	3528,3529,3521,3546,3545
Partition 18	3543,3544,3542
Partition 19	3527,3530,3552,3573,3536
Partition 20	3564,3547,3548,3566
Partition 21	3563,3567,3568
Partition 22	3538,3539,3565,3556
Partition 23	3554,3523
Partition 24	3532,3533,3534,3535
Partition 25	3582,3585,3586,3587
Partition 26	3580,3581,3578,3579
Partition 27	3571,3619
Partition 28	3562
Partition 30	3531
Partition 32	3540,3541
Partition 33	3600
Partition 34	3522
Partition 36	3572
Partition 37	3584
Partition 38	3555
Partition 40	3605,3606
path	4
T	20
cut	69
Partition 0	3612,3613,3557,3558
Partition 1	3611,3614,3615
Partition 2	3523,3584,3607,3618,3616,3617
Partition 3	3596,3605,3595,3606
Partition 4	3593,3609,3610,3608,3525
Partition 5	3598,3599
Partition 6	3621,3622,3623
Partition 7	3552,3553
Partition 8	3571,3619,3620
Partition 9	3601,3602
Partition 10	3549,3550,3588,3537,3524
Partition 11	3551
Partition 12	3526,3594,3574
Partition 13	3591,3592
Partition 14	3575,3576,3577
Partition 15	3589,3590
Partition 16	3597,3583,3520
Partition 17	3530,3528,3536,3529,3545,3543,3544
Partition 18	3540,3541,3542
Partition 20	3564,3547,3548,3566
Partition 21	3563,3567,3568
Partition 22	3531,3538,3565
Partition 23	3554,3555
Partition 24	3532,3533,3534,3535
Partition 25	3582,3585,3586,3587
Partition 26	3580,3581,3578,3579
Partition 27	3570,3569
Partition 28	3527,3573,3572
Partition 29	3522,3600
Partition 30	3539,3556,3562
Partition 33	3521,3546
Partition 35	3561
Partition 36	3559,3560
Partition 37	3604
Partition 39	3603
path	5
T	12
cut	68
Partition 0	3612,3613,3558
Partition 1	3610,3611,3614,3615
Partition 2	3607,3618,3616,3617
Partition 3	3596,3605,3595,3606
Partition 4	3593,3609,3608,3525
Partition 5	3598,3599
Partition 6	3621,3622,3623
Partition 7	3552,3553
Partition 8	3570,3571,3619,3620,3569
Partition 9	3600,3601,3602
Partition 10	3551,3550
Partition 11	3549,3537,3562,3557,3561,3524
Partition 12	3526,3547,3559,3594,3560,3521,3574
Partition 13	3588,3591,3592,3590
Partition 14	3575,3576
Partition 15	3577,3589
Partition 16	3597,3583,3520
Partition 17	3528,3529,3545,3544
Partition 18	3543,3542
Partition 19	3522,3527,3530,3573,3536
Partition 20	3564,3548,3566
Partition 21	3563,3567,3568
Partition 22	3540,3538,3539,3556
Partition 23	3554,3555
Partition 24	3532,3533,3534,3535,3523
Partition 25	3582,3585,3586,3587
Partition 26	3580,3581,3578,3579
Partition 27	3572
Partition 28	3541
Partition 31	3531,3565
Partition 33	3603
Partition 34	3604
Partition 36	3546
Partition 41	3584
path	6
T	10
cut	79
Partition 0	3612,3613,3558
Partition 1	3610,3611,3614,3615
Partition 2	3607,3618,3616,3617
Partition 3	3596,3605,3595,3606
Partition 4	3593,3609,3547,3608,3525
Partition 5	3603
Partition 6	3621,3622,3623
Partition 7	3552,3551,3553,3521,3546,3570
Partition 8	3571,3619,3620,3591,3592
Partition 10	3549,3524
Partition 11	3557
Partition 12	3526,3594,3575,3574
Partition 13	3531,3588
Partition 14	3576
Partition 15	3577,3589,3590
Partition 16	3597,3599
Partition 17	3528,3529,3545,3544
Partition 18	3541,3537,3542
Partition 19	3522,3600
Partition 20	3564,3548,3566
Partition 21	3567,3568
Partition 22	3538,3539,3565,3556
Partition 23	3554,3523
Partition 24	3532,3533,3534,3535
Partition 25	3582,3585,3586,3587
Partition 26	3580,3581,3578,3579
Partition 27	3569
Partition 29	3598
Partition 30	3562
Partition 31	3563
Partition 35	3536,3543
Partition 36	3604
Partition 37	3520
Partition 38	3601,3602
Partition 41	3540
Partition 44	3550
Partition 45	3530
Partition 46	3583
Partition 48	3584
Partition 50	3555
Partition 51	3573
Partition 54	3572
Partition 55	3527
Partition 58	3559,3560
Partition 59	3561
path	7
T	14
cut	72
Partition 0	3612,3613,3558
Partition 1	3610,3611,3614,3615
Partition 2	3607,3618,3616,3617
Partition 3	3596,3605,3595,3606
Partition 4	3593,3609,3608,3525
Partition 5	3604,3603
Partition 6	3621,3622,3623
Partition 7	3559,3560,3521
Partition 8	3571,3619,3620
Partition 9	3601,3602
Partition 10	3551,3549,3550
Partition 11	3537,3562,3557,3561,3524
Partition 12	3526,3547,3594,3548,3574
Partition 13	3588,3591,3592
Partition 14	3575,3576
Partition 15	3577,3589
Partition 16	3597,3583,3520
Partition 17	3543,3544
Partition 18	3540,3541,3542
Partition 19	3522,3527,3530,3528,3552,3573,3536
Partition 20	3566
Partition 21	3563,3567,3568
Partition 22	3538,3539,3565,3556
Partition 23	3554,3523
Partition 24	3532,3533,3534,3535
Partition 25	3582,3585,3586,3587
Partition 26	3580,3581,3578,3579
Partition 27	3531
Partition 28	3590
Partition 30	3598,3599
Partition 32	3555,3572
Partition 34	3584
Partition 35	3529,3546,3545
Partition 36	3600
Partition 40	3564
Partition 41	3569
Partition 42	3570
Partition 46	3553
path	8
T	12
cut	75
Partition 0	3612,3613,3558
Partition 1	3610,3611,3615
Partition 2	3607,3618,3616,3617
Partition 3	3593,3596,3594,3595
Partition 4	3609,3608,3525,3598
Partition 5	3604,3603
Partition 6	3621,3620,3622,3623
Partition 7	3553,3570
Partition 8	3569
Partition 9	3601,3602
Partition 10	3547,3551,3549,3550
Partition 11	3557,3561
Partition 12	3526,3559,3560
Partition 13	3588,3591,3592
Partition 14	3575,3576,3574
Partition 15	3577,3589,3590
Partition 16	3597,3599
Partition 17	3528,3529,3546,3545
Partition 18	3543,3544,3542
Partition 19	3527,3530,3552,3573,3536
Partition 20	3564,3548,3566
Partition 21	3563,3567,3568
Partition 22	3538,3539,3565,3556
Partition 23	3554,3555,3523,3584
Partition 24	3532,3533,3534,3535
Partition 25	3582,3585,3586,3587
Partition 26	3580,3581,3578,3579
Partition 27	3571,3619
Partition 28	3562
Partition 30	3531
Partition 32	3540,3541
Partition 33	3600
Partition 34	3522
Partition 36	3572
Partition 37	3583,3520
Partition 40	3605,3606
Partition 43	3521
Partition 45	3524
Partition 48	3614
Partition 49	3537
path	9
T	15
cut	72
Partition 0	3612,3613,3537,3557,3558,3524
Partition 1	3611,3614,3615
Partition 2	3607,3618,3616,3617
Partition 3	3596,3605,3595,3606
Partition 4	3593,3609,3610,3608,3525
Partition 5	3598,3599
Partition 6	3621,3622,3623
Partition 7	3552,3553
Partition 8	3571,3619,3620
Partition 9	3601,3526,3547,3551,3602,3603
Partition 10	3549,3550,3588
Partition 12	3594,3574
Partition 13	3591,3592
Partition 14	3575,3576,3577
Partition 15	3589,3590
Partition 16	3597,3583,3520
Partition 17	3530,3528,3536,3529,3545,3543,3544
Partition 18	3541,3542
Partition 20	3564,3548,3566
Partition 21	3563,3567,3568
Partition 22	3531,3565
Partition 23	3554,3555
Partition 24	3532,3533,3534,3535
Partition 25	3582,3585,3586,3584,3587
Partition 26	3580,3581,3578,3579
Partition 27	3570,3569
Partition 28	3573,3572
Partition 29	3527
Partition 30	3539,3556,3562
Partition 33	3521,3546
Partition 35	3561
Partition 36	3559,3560
Partition 37	3604
Partition 41	3538
Partition 42	3600
Partition 43	3522
Partition 45	3540
Partition 46	3523
