path	1
T	11
cut	51
Partition 0	3584,3585,3582
Partition 1	3553,3581,3536,3537
Partition 2	3594,3592,3593
Partition 3	3542,3538,3543
Partition 4	3541,3583,3539,3540
Partition 5	3580,3599,3600
Partition 6	3535,3544,3545
Partition 7	3520,3547,3601,3602
Partition 8	3596,3597,3598
Partition 9	3554,3588,3590,3589
Partition 10	3586,3587
Partition 11	3557,3560,3558,3559
Partition 12	3532,3574,3523,3546
Partition 13	3579
Partition 14	3548,3550,3549,3551,3563,3564
Partition 15	3576,3577,3578,3575
Partition 17	3530,3531,3529
Partition 18	3527,3528
Partition 19	3555,3526,3552
Partition 20	3533,3534,3524
Partition 21	3521,3565,3566,3571,3567,3572
Partition 22	3570,3568,3569,3573
Partition 24	3556
Partition 25	3562
Partition 26	3561
Partition 28	3522
Partition 29	3525
Partition 31	3591,3595
path	2
T	20
cut	55
Partition 0	3584,3581,3536,3537,3582
Partition 1	3568
Partition 2	3594,3592,3593
Partition 3	3542,3543
Partition 4	3541,3583,3539,3540
Partition 5	3580,3599,3600
Partition 6	3535,3544,3545,3534
Partition 7	3520,3547,3601,3546,3602
Partition 8	3596,3597,3598
Partition 9	3587,3554,3588,3591,3590,3589
Partition 11	3557,3560,3558,3559
Partition 12	3574,3523
Partition 13	3551,3563,3564,3562
Partition 14	3548,3550,3549
Partition 15	3576,3577,3578,3575
Partition 16	3522
Partition 17	3530,3531,3532,3529
Partition 18	3527,3528
Partition 19	3553,3533,3525
Partition 20	3573,3524
Partition 21	3521,3565,3566,3571,3567,3572
Partition 23	3526,3552
Partition 25	3570
Partition 26	3595
Partition 27	3569
Partition 28	3579
Partition 29	3556
Partition 31	3561
Partition 32	3555
Partition 33	3586
Partition 34	3585
Partition 35	3538
path	3
T	11
cut	57
Partition 0	3584,3585,3582
Partition 1	3536,3537
Partition 2	3594,3592,3593
Partition 3	3551,3563
Partition 5	3580,3599,3600,3579
Partition 6	3535,3544,3545
Partition 7	3520,3547,3601,3546,3602
Partition 8	3596,3597,3598
Partition 9	3554,3588,3591,3595,3590,3589
Partition 10	3586,3587
Partition 11	3557,3560,3558,3559
Partition 12	3575,3569,3573
Partition 13	3561,3574,3523,3556,3562
Partition 15	3576,3577,3578
Partition 18	3583,3528,3540,3529
Partition 19	3553,3530,3531,3555,3581,3552
Partition 20	3533,3534,3524
Partition 21	3521,3527,3565,3566,3571,3567,3572
Partition 23	3568
Partition 25	3522
Partition 26	3543
Partition 28	3539
Partition 31	3564
Partition 32	3526
Partition 34	3570
Partition 35	3542
Partition 37	3538
Partition 38	3532
Partition 39	3548,3550
Partition 40	3549
Partition 41	3525
Partition 42	3541
path	4
T	12
cut	56
Partition 0	3568
Partition 2	3594,3592,3593
Partition 3	3542,3555,3552,3543
Partition 4	3557,3560,3558,3559
Partition 5	3580,3599,3600
Partition 6	3535
Partition 7	3532,3520,3547,3601,3546,3602
Partition 8	3596,3597,3598
Partition 9	3588,3590,3589
Partition 10	3554
Partition 11	3526,3570,3569
Partition 12	3536,3537,3523
Partition 13	3561,3556,3562
Partition 14	3550,3549
Partition 15	3576,3577,3578,3575,3579
Partition 16	3563,3564
Partition 17	3527,3530,3531,3528,3529
Partition 18	3572
Partition 19	3553,3544,3545,3525
Partition 20	3573,3524
Partition 21	3521,3548,3565,3566,3571,3567
Partition 22	3583,3539,3540
Partition 23	3538,3551,3522
Partition 24	3584,3581,3585,3582
Partition 26	3541
Partition 28	3586,3587
Partition 29	3574
Partition 30	3591
Partition 31	3595
Partition 33	3534
Partition 34	3533
path	5
T	5
cut	54
Partition 0	3584,3585,3582
Partition 1	3536,3537
Partition 2	3594,3592,3593
Partition 3	3542,3538,3551,3563,3543,3564
Partition 4	3521,3541,3583,3539,3540
Partition 5	3580,3599,3600,3579
Partition 6	3544,3545,3571,3572
Partition 7	3520,3547,3601,3546,3602
Partition 8	3596,3597,3598
Partition 9	3554,3588,3590,3589
Partition 10	3586,3587
Partition 11	3557,3560,3558,3559
Partition 12	3574,3523
Partition 13	3561,3556,3562
Partition 14	3548,3550,3549
Partition 15	3576,3577,3578
Partition 17	3535,3534
Partition 18	3527,3531,3528,3529
Partition 19	3553,3555,3552,3522
Partition 20	3530,3533,3525
Partition 21	3565,3566,3567
Partition 25	3526
Partition 29	3581
Partition 30	3575
Partition 31	3595
Partition 34	3591
Partition 37	3532
Partition 41	3573,3524
Partition 43	3570,3568,3569
path	6
T	5
cut	61
Partition 0	3585
Partition 2	3591,3595,3594,3592,3593
Partition 3	3551,3563
Partition 5	3580,3599,3600,3579
Partition 6	3535,3544,3545
Partition 7	3520,3547,3601,3546,3602
Partition 8	3596,3597
Partition 9	3554,3588,3590,3589
Partition 10	3586
Partition 11	3557,3560,3558,3559
Partition 12	3575
Partition 13	3561,3536,3574,3523,3556,3562
Partition 15	3577,3578
Partition 18	3527,3541,3528,3542,3539,3540,3529
Partition 19	3553,3530,3531,3555
Partition 20	3533,3534,3524
Partition 21	3565,3566,3571,3567,3572
Partition 25	3522
Partition 26	3543
Partition 31	3564
Partition 32	3526
Partition 34	3570,3568,3569,3573
Partition 37	3538
Partition 38	3532
Partition 39	3521,3548,3550
Partition 40	3549
Partition 41	3525
Partition 43	3583
Partition 44	3581
Partition 45	3584
Partition 48	3582
Partition 52	3552
Partition 53	3537
Partition 55	3598
Partition 58	3587
Partition 59	3576
path	7
T	12
cut	51
Partition 0	3591
Partition 2	3592,3593,3522
Partition 3	3541,3544,3542,3555,3545,3552,3543
Partition 4	3557,3560,3558,3559
Partition 6	3535
Partition 7	3532,3520,3547,3601,3523,3546,3602
Partition 8	3596,3597,3598
Partition 9	3588,3590,3589
Partition 10	3553,3554,3525
Partition 11	3570,3568,3569
Partition 12	3536,3537,3538
Partition 15	3550,3549,3551,3563
Partition 16	3578,3580,3599,3600,3564,3579
Partition 17	3527,3530,3531,3528,3529
Partition 18	3576,3577,3575,3572,3573
Partition 20	3594
Partition 21	3521,3548,3565,3566,3571,3567,3524
Partition 22	3583,3539,3540
Partition 23	3561,3556,3562
Partition 24	3581
Partition 28	3586,3587
Partition 31	3595
Partition 33	3534
Partition 34	3533
Partition 35	3526
Partition 36	3574
Partition 37	3584,3585,3582
path	8
T	4
cut	58
Partition 0	3584,3585,3582
Partition 1	3536,3537
Partition 2	3594,3592,3593
Partition 3	3535,3544,3534
Partition 4	3541,3583,3539,3540
Partition 5	3580,3599,3600,3579
Partition 7	3520,3547,3601,3546,3602
Partition 8	3596,3597,3598
Partition 9	3554,3588,3590,3589
Partition 10	3586,3587
Partition 11	3557,3560,3558,3559
Partition 12	3574,3523
Partition 13	3561,3556,3562
Partition 14	3548,3550,3549
Partition 15	3576,3577,3578
Partition 17	3542,3538,3543
Partition 18	3527,3531,3528,3529
Partition 19	3553,3555,3552,3522
Partition 20	3530,3533,3525
Partition 21	3521,3565,3566
Partition 25	3526
Partition 29	3581
Partition 30	3575
Partition 31	3595
Partition 34	3591
Partition 37	3532
Partition 41	3573,3524
Partition 43	3570,3568,3569
Partition 44	3567
Partition 45	3545
Partition 49	3571
Partition 50	3572
Partition 53	3564
Partition 55	3551
Partition 57	3563
