path	1
T	9
cut	33
Partition 0	1688,1666
Partition 1	1679,1680
Partition 2	1682
Partition 3	1677,1678
Partition 4	1714,1712,1715,1713
Partition 5	1664,1687,1684,1685,1686
Partition 6	1672,1673,1674,1676
Partition 7	1670,1671
Partition 9	1711,1710
Partition 10	1675,1707,1708,1709
Partition 11	1691,1692
Partition 12	1689,1693,1694
Partition 13	1700,1699
Partition 14	1669,1695,1665
Partition 15	1698,1696,1697
Partition 16	1667,1690
Partition 17	1702,1703,1683,1662,1701
Partition 18	1663,1668,1705,1706,1704
Partition 20	1681
path	2
T	10
cut	34
Partition 0	1688,1666
Partition 1	1679,1680
Partition 2	1684,1685
Partition 3	1682,1678
Partition 4	1714,1711,1712,1715,1713
Partition 5	1664,1687
Partition 6	1672,1673,1674,1676,1686
Partition 7	1670,1671
Partition 8	1663,1705
Partition 10	1675,1707,1708
Partition 11	1692
Partition 12	1689,1693,1694
Partition 13	1700,1699
Partition 14	1669,1695,1701,1665
Partition 15	1698,1696,1697
Partition 16	1667,1690,1691
Partition 17	1702,1703
Partition 18	1709,1710
Partition 21	1706,1704,1683,1662
Partition 22	1668,1677,1681
path	3
T	11
cut	33
Partition 0	1688,1666
Partition 1	1679,1680
Partition 2	1682,1683,1662,1684,1685
Partition 3	1681
Partition 4	1714,1712,1715,1713
Partition 5	1664,1687,1674,1676,1686
Partition 6	1670,1672,1671
Partition 8	1677,1678
Partition 9	1711,1710
Partition 10	1675,1707,1708,1709
Partition 11	1691,1692
Partition 12	1689,1693,1694
Partition 13	1700,1699
Partition 14	1698
Partition 15	1705,1696,1697,1673,1665
Partition 16	1706,1703,1667,1690,1704
Partition 17	1702,1701
Partition 18	1663,1668
Partition 22	1669,1695
path	4
T	7
cut	32
Partition 0	1688,1666
Partition 1	1681
Partition 4	1714,1715,1713
Partition 5	1664,1687,1674,1676,1686
Partition 7	1670
Partition 8	1663,1668,1672,1677,1671
Partition 9	1705,1706,1709,1710
Partition 10	1675,1707,1708
Partition 11	1691,1692
Partition 12	1689,1693,1694
Partition 13	1700,1699
Partition 14	1669,1679,1695,1701,1665
Partition 15	1696,1697,1673
Partition 16	1667,1690,1704,1662
Partition 17	1702,1703,1711,1712
Partition 19	1680,1682,1683,1684,1685
Partition 20	1678
Partition 22	1698
path	5
T	8
cut	34
Partition 0	1688,1666
Partition 1	1679,1680
Partition 2	1681,1683,1684,1685,1686
Partition 3	1682
Partition 4	1714,1715,1713
Partition 5	1664,1687
Partition 6	1676
Partition 7	1670,1671
Partition 8	1663,1668,1672,1677,1678
Partition 9	1711,1700,1712,1699,1710
Partition 10	1675,1707,1708
Partition 11	1691,1692
Partition 12	1689,1693,1694
Partition 13	1709
Partition 14	1669,1695,1665
Partition 15	1698,1696,1697,1673,1674
Partition 16	1667,1690
Partition 17	1702,1701
Partition 18	1705,1706,1704,1662
Partition 19	1703
