path	1
T	6
cut	20
Partition 0	7524,7525,7526
Partition 1	7527,7528,7523
Partition 2	7520,7521,7522
Partition 3	7498,7499,7491
Partition 4	7497,7508,7509
Partition 5	7500,7501,7495
Partition 6	7502,7503,7504
Partition 7	7492,7514,7493
Partition 8	7515,7516,7517
Partition 9	7496,7512,7513
Partition 10	7518,7531,7532
Partition 11	7530,7529
Partition 12	7494,7519
Partition 13	7490,7506,7507,7510,7511
Partition 14	7505
path	2
T	6
cut	20
Partition 0	7524,7525,7526
Partition 1	7527,7528,7523
Partition 2	7520,7521,7522
Partition 3	7498,7499,7491
Partition 4	7497,7508,7509
Partition 5	7500,7501,7495
Partition 6	7502,7503,7504
Partition 7	7492,7514,7493
Partition 8	7515,7516,7517
Partition 9	7510,7496,7512,7513,7511
Partition 10	7505
Partition 11	7530,7529,7531,7532
Partition 12	7494,7519
Partition 13	7490,7506,7507
Partition 14	7518
path	3
T	6
cut	20
Partition 0	7524,7525,7526,7527,7528
Partition 1	7530,7529
Partition 2	7520,7521,7522,7523
Partition 3	7498,7499,7491
Partition 4	7497,7508,7509
Partition 5	7500,7501,7495
Partition 6	7502,7503,7504
Partition 7	7492,7514,7493
Partition 8	7515,7516,7517
Partition 9	7496,7512,7513
Partition 10	7505
Partition 11	7518,7531,7532
Partition 12	7490
Partition 13	7506,7507,7510,7494,7519
Partition 15	7511
path	4
T	7
cut	20
Partition 0	7524,7525,7526
Partition 1	7527,7528,7523
Partition 2	7520,7521,7522
Partition 3	7498,7499,7491
Partition 4	7497,7508,7509
Partition 5	7500,7501,7495
Partition 6	7502,7503,7504
Partition 7	7492,7514,7493
Partition 8	7515,7516,7517
Partition 9	7510,7496,7512,7513,7511
Partition 10	7518,7531,7532
Partition 11	7530,7529
Partition 12	7494,7505
Partition 13	7490,7506,7507
Partition 14	7519
path	5
T	6
cut	19
Partition 0	7524,7525,7526
Partition 1	7522,7523
Partition 2	7499
Partition 3	7503,7504
Partition 4	7497,7498,7508,7509,7491
Partition 5	7500,7501,7502,7495
Partition 6	7515,7505,7516,7518,7517
Partition 7	7492,7514,7493
Partition 9	7496,7512,7513
Partition 10	7530,7531,7532
Partition 11	7527,7528,7529
Partition 12	7490,7520,7521
Partition 13	7506,7507,7510,7494,7519
Partition 16	7511
