path	1
T	18
cut	86
Partition 0	2129,2143,2144,2068
Partition 1	2130,2138,2139,2140
Partition 2	2066,2131,2142,2076
Partition 3	2132,2133,2135,2134,2136
Partition 5	2151,2152
Partition 6	2098,2094,2095,2104,2105
Partition 8	2063,2099,2100
Partition 9	2141,2149,2150
Partition 10	2146,2147,2145,2148
Partition 11	2069,2111
Partition 12	2112,2109,2110,2108
Partition 13	2093,2107,2106
Partition 14	2087,2137,2083,2153,2154
Partition 15	2088,2082,2089,2062
Partition 17	2080,2081,2085,2084,2086
Partition 19	2065,2079,2096,2097
Partition 20	2077,2102,2103,2101,2067
Partition 22	2078,2090,2091,2092,2075
Partition 23	2074
Partition 25	2072,2156,2158,2157,2160
Partition 26	2162,2155,2159
Partition 28	2070,2161,2163,2164,2166
Partition 29	2165,2167,2170,2169,2172
Partition 30	2127,2174
Partition 31	2176,2175,2178
Partition 32	2120,2128,2179,2173,2177
Partition 33	2168,2171
Partition 35	2196,2194,2195,2197,2198
Partition 36	2192,2191,2193,2189,2190
Partition 38	2124,2183
Partition 39	2199,2200,2184
Partition 40	2185,2186
Partition 42	2117,2118,2121,2073,2119
Partition 43	2113,2114,2116,2071,2115
Partition 44	2122,2123
Partition 45	2187,2182,2180,2181
Partition 46	2064,2125,2126,2188
path	2
T	23
cut	86
Partition 0	2129,2146,2147,2068
Partition 1	2130,2138,2139,2140,2076
Partition 2	2066,2131,2142,2192
Partition 3	2132,2133,2135,2134,2136
Partition 5	2098,2094,2095,2105
Partition 7	2143,2144,2153,2151,2152
Partition 9	2145,2148,2141,2149,2150
Partition 12	2069,2111,2109,2110,2108
Partition 13	2093,2107,2106
Partition 14	2087,2137,2082,2083
Partition 15	2063,2088,2099,2089,2100
Partition 16	2062
Partition 17	2080,2081,2085,2084,2086
Partition 19	2065,2079,2096,2185,2097
Partition 20	2102,2103,2101,2104
Partition 21	2077,2067
Partition 22	2078,2090,2091,2092,2075
Partition 23	2074
Partition 25	2072,2156,2158,2157,2160
Partition 26	2155,2159
Partition 27	2162,2165,2167,2169,2154
Partition 28	2070,2161,2163,2164,2166
Partition 30	2127,2128
Partition 31	2170,2176,2175,2178,2172
Partition 32	2120,2174,2179,2173,2177
Partition 33	2168,2171
Partition 35	2186,2195,2197,2198
Partition 36	2196,2191,2193,2194,2190
Partition 37	2187,2189
Partition 38	2124,2183
Partition 39	2199,2200,2184
Partition 42	2116,2117,2118,2073,2119
Partition 43	2112,2113,2114,2071,2115
Partition 44	2121,2122,2123
Partition 45	2180,2181
Partition 46	2064,2125,2126,2182,2188
path	3
T	25
cut	88
Partition 1	2130,2138,2139,2140,2076
Partition 2	2131,2129,2132,2068
Partition 3	2066
Partition 4	2133,2135,2134,2136
Partition 5	2151,2152
Partition 6	2097,2098
Partition 7	2142,2143,2144,2094,2095
Partition 8	2146,2147,2100,2104,2105
Partition 9	2145,2148,2141,2149,2150
Partition 12	2109,2108
Partition 13	2093,2107,2106
Partition 14	2087,2137,2083,2153,2154
Partition 15	2082
Partition 16	2063,2088,2099,2089,2062
Partition 17	2080,2081,2085,2084,2086
Partition 19	2065,2079,2096,2185,2186
Partition 20	2077,2102,2103,2101,2067
Partition 22	2078,2090,2091,2092,2075
Partition 24	2158,2157,2160,2074
Partition 25	2072
Partition 26	2156,2155,2159
Partition 27	2162,2165,2167
Partition 28	2070,2161,2163,2164,2166
Partition 29	2170,2169,2174,2175,2172
Partition 30	2069,2111,2127,2128
Partition 32	2120,2179,2177
Partition 33	2168,2176,2173,2178,2171
Partition 35	2198
Partition 37	2192,2191,2187,2189,2190
Partition 38	2124,2183,2182
Partition 39	2199,2200,2184
Partition 40	2196,2193,2194,2195,2197
Partition 41	2112,2113,2110
Partition 42	2116,2117,2118,2073,2119
Partition 43	2114,2071,2115
Partition 44	2121,2122,2123
Partition 45	2180,2181
Partition 46	2064,2125,2126,2188
