path	1
T	9
cut	26
Partition 0	1681,1682
Partition 1	1669,1677,1687,1694
Partition 3	1664,1668,1678,1679,1680
Partition 5	1690,1692,1689,1666,1693
Partition 6	1706,1707
Partition 7	1683,1708
Partition 8	1684,1685,1686,1662
Partition 9	1704,1705
Partition 10	1691,1703
Partition 11	1688
Partition 12	1670,1667
Partition 13	1671,1695,1701
Partition 14	1672,1673,1674
Partition 15	1702
Partition 16	1675,1665,1696,1676
Partition 17	1697,1663
Partition 18	1699,1698,1700
path	2
T	6
cut	28
Partition 0	1681,1682
Partition 1	1668,1669,1677,1687
Partition 2	1664
Partition 3	1678,1679,1680
Partition 4	1694
Partition 5	1690,1692,1666,1693
Partition 6	1706,1707
Partition 7	1683,1708
Partition 8	1684,1685,1686,1662
Partition 9	1704,1705
Partition 10	1691,1703
Partition 11	1688,1689
Partition 12	1670,1667
Partition 13	1671,1695,1701
Partition 14	1672,1673,1674,1702
Partition 15	1675,1676
Partition 16	1665,1696
Partition 17	1697,1663
Partition 18	1699,1698,1700
path	3
T	8
cut	28
Partition 0	1682
Partition 1	1677
Partition 2	1681
Partition 3	1664,1668,1678,1679,1680
Partition 4	1706,1707
Partition 5	1692,1666,1693
Partition 6	1669,1687,1694
Partition 7	1683,1708
Partition 8	1684,1685,1686,1662
Partition 9	1704,1705
Partition 10	1702,1691,1703
Partition 11	1690,1688,1689
Partition 12	1670,1667
Partition 13	1671,1695,1701
Partition 14	1672,1673,1674
Partition 15	1675,1676
Partition 16	1665,1696
Partition 17	1697,1663
Partition 18	1699,1698,1700
path	4
T	6
cut	26
Partition 0	1681,1682
Partition 1	1687
Partition 3	1678,1679,1680
Partition 4	1694,1693
Partition 5	1670
Partition 6	1706,1707
Partition 7	1685,1683,1686,1662,1708
Partition 8	1664,1672,1684,1673,1674
Partition 9	1704,1705
Partition 10	1702,1691,1703
Partition 11	1690,1692,1688,1689,1666
Partition 12	1667
Partition 13	1671,1695,1701
Partition 15	1668,1669,1676,1677
Partition 16	1675,1665,1696
Partition 17	1697,1663
Partition 18	1699,1698,1700
path	5
T	9
cut	27
Partition 0	1681,1682
Partition 1	1702
Partition 3	1664,1668,1678,1679,1680
Partition 4	1708
Partition 5	1692,1666
Partition 6	1687,1694,1693,1706,1707
Partition 7	1683
Partition 8	1684,1685,1686,1662
Partition 9	1704,1705
Partition 10	1691,1703
Partition 11	1690,1688,1689
Partition 12	1670,1667
Partition 13	1671,1695,1701
Partition 14	1672,1673,1674
Partition 15	1669,1675,1676,1677
Partition 16	1665,1696
Partition 17	1697,1663
Partition 18	1699,1698,1700
