path	1
T	4
cut	12
Partition 0	801,807,815,816
Partition 1	797,804,814,799,796
Partition 2	803,806,802,805
Partition 3	826,813,825,812
Partition 4	800,808,798,810,811,820
Partition 5	818,819,821
Partition 6	822,823,809,817,824
path	2
T	5
cut	15
Partition 0	801,815,816,809
Partition 1	797,804,814,799,796,820,798
Partition 2	803,806,802,805,807
Partition 3	826,813,825,812
Partition 4	800,808,810,811
Partition 5	818,819,821,817
Partition 6	822,823,824
path	3
T	4
cut	12
Partition 0	801,807,815,816
Partition 1	797,804,814,799,796
Partition 2	803,806,802,805
Partition 3	826,813,825,812
Partition 4	800,808,798,810,811,820
Partition 5	818,819,821
Partition 6	822,823,809,817,824
path	4
T	4
cut	12
Partition 0	801,807,815,816
Partition 1	797,804,814,799,796
Partition 2	803,806,802,805
Partition 3	826,813,825,812
Partition 4	800,808,798,810,811,809,820
Partition 5	818,819,821
Partition 6	822,823,817,824
path	5
T	4
cut	12
Partition 0	801,807,815,816,813
Partition 1	797,804,814,799,796
Partition 2	803,806,802,805
Partition 3	826,825,824
Partition 4	800,808,798,810,811,820,812
Partition 5	818,819,821
Partition 6	822,823,809,817
path	6
T	4
cut	12
Partition 0	801,807,815,816
Partition 1	797,804,814,799,796
Partition 2	803,806,802,805
Partition 3	826,813,825,812
Partition 4	800,808,798,810,811,820
Partition 5	818,819,821
Partition 6	822,823,809,817,824
path	7
T	5
cut	14
Partition 0	801,815,816
Partition 1	797,804,814,799,796,820,798
Partition 2	803,806,802,805,807,813
Partition 3	826,825,824
Partition 4	800,808,810,811,817,809
Partition 5	818,819,821
Partition 6	822,823,812
path	8
T	4
cut	12
Partition 0	801,807,815,816,813
Partition 1	797,804,814,799,796
Partition 2	803,806,802,805
Partition 3	826,825,824
Partition 4	800,808,798,810,811,820,812
Partition 5	818,819,821
Partition 6	822,823,809,817
path	9
T	5
cut	15
Partition 0	801,815,816,817,823
Partition 1	797,804,814,799,796,820,798
Partition 2	803,806,802,805,807,800
Partition 3	813,812,822
Partition 4	808,810,811,809
Partition 5	818,819,821
Partition 6	824,825,826
path	10
T	3
cut	13
Partition 0	801,815,816
Partition 1	797,804,814,799,796,820,798
Partition 2	803,806,802,805,807
Partition 3	826,813,825,812
Partition 4	800,808,810,811
Partition 5	818,819,821
Partition 6	822,823,809,817,824
