path	1
T	12
cut	46
Partition 0	3533,3534,3535,3553,3552
Partition 1	3575,3576,3520,3599,3574
Partition 2	3569,3596,3570,3597,3598
Partition 3	3547,3546,3549,3550,3551
Partition 4	3544,3558,3531,3559,3545,3524
Partition 5	3556,3555,3532,3529,3530
Partition 6	3560,3542,3572,3573,3571,3557
Partition 7	3580,3586,3589,3588
Partition 8	3590,3591,3592,3595,3593,3594
Partition 9	3543,3583,3526,3581,3582
Partition 10	3579,3584,3577,3578,3587,3585
Partition 11	3566,3563,3567,3568,3564
Partition 12	3525,3554,3565,3523,3539,3521
Partition 13	3536,3537,3538,3527,3528
Partition 14	3561,3562,3541,3548
Partition 15	3522
Partition 16	3540
path	2
T	10
cut	46
Partition 0	3533,3534,3535,3553,3552
Partition 1	3573,3575,3576,3520,3599,3574
Partition 2	3569,3596,3570,3597,3598
Partition 3	3547,3546,3549,3550,3551
Partition 4	3544,3558,3531,3559,3560,3524
Partition 5	3556,3555,3532,3529,3530,3557
Partition 6	3542,3545,3572,3571
Partition 7	3586,3589,3587,3588
Partition 8	3590,3591,3592,3595,3593,3594
Partition 9	3583,3581,3582
Partition 10	3579,3584,3577,3578,3585
Partition 11	3566,3563,3567,3568,3564
Partition 12	3525,3554,3565,3523,3539,3521
Partition 13	3536,3537,3538,3527,3526,3548
Partition 14	3561,3562,3522,3540,3541
Partition 15	3528
Partition 17	3580
Partition 18	3543
path	3
T	11
cut	51
Partition 0	3533,3534,3535,3552
Partition 1	3573,3557,3575,3576,3520,3599,3574
Partition 2	3569,3596,3570,3597,3598
Partition 3	3547,3546,3549,3550,3551
Partition 4	3544,3558,3559
Partition 5	3556,3555,3531,3532,3529,3530
Partition 6	3542,3545,3572,3571
Partition 7	3586,3589
Partition 8	3590,3591,3592,3595,3593,3594
Partition 9	3526,3581,3582
Partition 10	3579,3577,3578,3587,3588,3524
Partition 11	3566,3563,3567,3568,3564
Partition 12	3525,3554,3565,3523,3539,3521
Partition 13	3536,3537,3538,3527,3548
Partition 14	3561,3562,3522,3540,3541
Partition 17	3553
Partition 19	3528
Partition 20	3585
Partition 21	3580
Partition 22	3584
Partition 26	3543
Partition 27	3583
Partition 28	3560
path	4
T	13
cut	55
Partition 0	3533,3534,3535,3553,3552
Partition 1	3575,3576,3520,3599,3574
Partition 2	3569,3596,3570,3597,3598
Partition 3	3547,3546,3549,3550,3551
Partition 4	3544,3558,3531,3532,3577,3524
Partition 5	3556,3555,3530
Partition 6	3542,3572,3573,3571
Partition 7	3586,3589,3588
Partition 8	3590,3591,3592,3595,3593,3594
Partition 9	3526,3581,3582
Partition 10	3579,3583,3584,3578,3585
Partition 11	3566,3563,3567,3568,3564
Partition 12	3525,3554,3523
Partition 13	3536,3537,3538,3527,3528
Partition 14	3561,3562,3522,3540,3541,3539
Partition 15	3548
Partition 16	3587
Partition 17	3580
Partition 18	3543
Partition 19	3565
Partition 20	3560,3521
Partition 21	3557
Partition 23	3545
Partition 24	3529
Partition 27	3559
path	5
T	12
cut	49
Partition 0	3533,3534,3535,3553,3552
Partition 1	3575,3576,3520,3599,3574
Partition 2	3569,3596,3570,3597,3598
Partition 3	3547,3546,3549,3550,3551
Partition 4	3558,3531,3559,3545,3524
Partition 5	3556,3555,3532,3529,3530
Partition 6	3560,3542,3572,3573,3571,3557
Partition 7	3586,3584,3589,3588,3585,3593
Partition 8	3590,3591,3592
Partition 9	3543,3544,3583,3526,3581,3582
Partition 10	3579,3577,3578
Partition 11	3566,3563,3567,3568,3564
Partition 12	3525,3554,3565,3523,3539,3521
Partition 13	3536,3537,3538,3527,3548
Partition 14	3561,3562,3522,3540,3541
Partition 15	3528
Partition 16	3594
Partition 17	3595
Partition 19	3580
Partition 21	3587
path	6
T	10
cut	52
Partition 0	3533,3534,3535,3552
Partition 1	3573,3557,3575,3576,3520,3599,3574
Partition 2	3569,3596,3570,3597,3598
Partition 3	3547,3546,3549,3550,3551
Partition 4	3544,3558,3559
Partition 5	3556,3555,3531,3532,3529,3530
Partition 6	3542,3545,3572,3571
Partition 7	3586,3589
Partition 8	3590,3591,3592,3595,3593,3594
Partition 9	3526,3581,3582
Partition 10	3579,3577,3578,3587,3588
Partition 11	3566,3563,3567,3568,3564
Partition 12	3525,3554,3565,3523,3539,3521
Partition 13	3536,3537,3538,3527,3548
Partition 14	3561,3562,3522,3540,3541
Partition 17	3553
Partition 19	3528
Partition 20	3585
Partition 21	3580
Partition 22	3584
Partition 26	3543
Partition 27	3583
Partition 28	3560
Partition 29	3524
path	7
T	11
cut	58
Partition 0	3533,3534,3535,3553,3552
Partition 1	3575,3576,3520,3599,3574
Partition 2	3569,3596,3570,3597,3598
Partition 3	3547,3546,3549,3550,3551
Partition 4	3544,3558,3531,3532,3577,3530,3524
Partition 5	3522,3555
Partition 6	3542,3572,3573,3571
Partition 7	3586,3589,3588
Partition 8	3590,3591,3592,3595,3593,3594
Partition 9	3526,3581,3582
Partition 10	3579,3583,3584,3578,3585
Partition 11	3566,3563,3567,3568,3564
Partition 12	3525,3554,3523
Partition 13	3536,3537,3538,3527,3528,3521
Partition 14	3561,3562,3540,3541
Partition 15	3548
Partition 16	3587
Partition 17	3580
Partition 18	3543
Partition 19	3565
Partition 20	3560
Partition 21	3557
Partition 23	3545
Partition 24	3529
Partition 27	3559
Partition 28	3539
Partition 32	3556
path	8
T	10
cut	59
Partition 0	3533,3534,3535,3552
Partition 1	3573,3557,3575,3576,3520,3599,3574
Partition 2	3569,3596,3570,3597,3598
Partition 3	3547,3546,3549,3550,3551
Partition 4	3544,3558,3559
Partition 5	3531,3532
Partition 6	3542,3545,3572,3571
Partition 7	3586,3589
Partition 8	3590,3591,3592,3595,3593,3594
Partition 9	3526,3581,3582
Partition 10	3579,3577,3578,3587,3588
Partition 11	3566,3563,3567,3568,3564
Partition 12	3521
Partition 13	3536,3537,3538,3527,3548
Partition 14	3561,3562,3522,3540,3541
Partition 17	3553
Partition 19	3528
Partition 20	3585
Partition 21	3580
Partition 22	3584
Partition 26	3543
Partition 27	3583
Partition 28	3560
Partition 29	3524
Partition 30	3556
Partition 31	3555
Partition 32	3529,3530
Partition 34	3554
Partition 35	3523,3539
Partition 36	3525,3565
