path	1
T	12
cut	66
Partition 0	3549,3550
Partition 1	3601
Partition 2	3526,3594,3595,3574
Partition 3	3546,3621,3545,3622,3623
Partition 4	3559,3560,3561
Partition 5	3552,3553,3521,3570,3571,3619,3620
Partition 6	3605,3604,3603
Partition 8	3593,3608,3525
Partition 9	3541,3537,3557,3558,3524
Partition 10	3607,3618,3617,3606
Partition 11	3612,3613,3614,3615,3616
Partition 12	3589,3591,3592,3590
Partition 13	3530,3531
Partition 14	3538,3539,3565
Partition 15	3566,3567,3568,3569
Partition 16	3573,3575,3576,3577
Partition 17	3563,3556,3562
Partition 18	3527,3528,3529
Partition 19	3536,3535,3543,3542
Partition 20	3610,3611,3598,3597,3599,3520
Partition 21	3532,3533,3564,3548
Partition 22	3580,3581,3578,3579
Partition 23	3534,3554,3555,3572,3523,3584,3583
Partition 24	3582,3585,3586,3587
Partition 28	3609
Partition 29	3588
Partition 32	3547,3551
Partition 34	3522,3600
Partition 36	3540
Partition 39	3602
Partition 40	3596
Partition 44	3544
path	2
T	9
cut	68
Partition 0	3551,3549,3550
Partition 1	3600,3601,3602
Partition 2	3595
Partition 3	3546,3621,3622,3623
Partition 4	3559,3560,3561
Partition 5	3570,3571,3619,3620
Partition 6	3604,3603
Partition 7	3609,3610,3611,3608
Partition 8	3593,3596,3605
Partition 9	3557,3558
Partition 10	3607,3618,3617,3606
Partition 11	3612,3613,3614,3615,3616
Partition 12	3588,3591,3592,3590
Partition 13	3522
Partition 14	3538,3539,3565
Partition 15	3566,3567,3568,3569
Partition 16	3575,3576,3574
Partition 17	3563,3556,3562
Partition 18	3528,3529,3545
Partition 19	3530,3534,3536,3541,3535,3543,3542
Partition 20	3544
Partition 21	3532,3533,3564,3548
Partition 22	3580,3581,3578,3579
Partition 23	3554,3555,3523,3584,3583,3520
Partition 24	3582,3585,3586,3587,3589
Partition 25	3526,3547,3594,3525
Partition 27	3521
Partition 28	3527,3552,3553
Partition 29	3598,3597,3599
Partition 30	3573,3572,3577
Partition 31	3540
Partition 33	3531
Partition 34	3537
Partition 36	3524
path	3
T	11
cut	64
Partition 0	3552,3547,3559,3551,3550,3553,3521
Partition 1	3601,3602
Partition 2	3596,3595
Partition 3	3546,3621,3622,3623
Partition 4	3560,3557,3558,3561
Partition 5	3570,3571,3619,3620
Partition 6	3605,3604,3603
Partition 7	3598,3599
Partition 8	3593,3609,3610,3608,3525,3537
Partition 9	3549,3524
Partition 10	3607,3618,3617,3606
Partition 11	3612,3613,3614,3615,3616
Partition 12	3588,3591,3592,3590
Partition 13	3530
Partition 14	3540,3531,3541,3538,3539,3565
Partition 15	3566,3567,3568,3569
Partition 16	3527,3555,3573,3572,3575,3576,3577
Partition 17	3563,3556,3562
Partition 18	3528,3529,3545
Partition 19	3536,3535,3543,3542
Partition 20	3544
Partition 21	3532,3533,3564,3548
Partition 22	3580,3581,3578,3579
Partition 23	3534,3554,3523,3584,3583,3520
Partition 24	3582,3585,3586,3587,3589
Partition 25	3600
Partition 27	3597
Partition 31	3526,3594,3574
Partition 32	3611
Partition 33	3522
path	4
T	11
cut	67
Partition 0	3549,3550
Partition 1	3601,3602,3603
Partition 2	3526,3594,3595,3574
Partition 3	3546,3621,3622,3623
Partition 4	3559,3560,3521
Partition 5	3552,3553,3570,3571,3619,3620
Partition 6	3604
Partition 7	3598,3599
Partition 8	3593,3609,3608,3525
Partition 9	3524
Partition 10	3607,3618,3617,3606
Partition 11	3611,3612,3613,3614,3615,3616
Partition 12	3588,3591,3592
Partition 13	3522,3600
Partition 14	3531,3538,3565
Partition 15	3566,3567,3568,3569
Partition 16	3527,3573,3575,3576,3577
Partition 17	3555,3563,3572,3556,3562
Partition 18	3528,3529,3545
Partition 19	3540,3536,3541,3539,3543,3542
Partition 20	3597,3520
Partition 21	3532,3533,3564,3548
Partition 22	3580,3581,3578,3579
Partition 23	3534,3554,3535,3523,3584,3583
Partition 24	3582,3585,3586,3587,3589,3590
Partition 26	3561
Partition 28	3596,3605
Partition 29	3547,3551
Partition 30	3530
Partition 32	3610
Partition 34	3544
Partition 35	3537
Partition 36	3557,3558
path	5
T	12
cut	69
Partition 0	3549,3524
Partition 1	3601,3526,3547,3551,3602
Partition 2	3596,3594,3595,3574
Partition 3	3546,3621,3622,3623
Partition 4	3559,3560,3561
Partition 5	3553,3521,3570,3571,3619,3620
Partition 6	3605,3604,3603
Partition 7	3598,3599
Partition 8	3593,3608,3525
Partition 9	3557,3558
Partition 10	3607,3618,3617,3606
Partition 11	3610,3611,3612,3613,3614,3615,3616
Partition 12	3588,3591,3592,3590
Partition 13	3522,3527,3530,3573
Partition 14	3540,3538,3539
Partition 15	3566,3567,3568,3569
Partition 16	3575,3576,3577,3589
Partition 17	3556,3562
Partition 18	3528,3529,3545
Partition 19	3536,3541,3535,3537,3543,3542
Partition 20	3520
Partition 21	3532,3533,3564,3548
Partition 22	3580,3581,3578,3579
Partition 23	3534,3554,3523,3584,3583
Partition 24	3582,3585,3586,3587
Partition 25	3563
Partition 26	3600
Partition 28	3552
Partition 29	3544
Partition 30	3597
Partition 32	3609
Partition 33	3555,3572
Partition 35	3550
Partition 38	3565
Partition 39	3531
path	6
T	13
cut	68
Partition 0	3549,3550
Partition 1	3601
Partition 2	3526,3594,3595,3574
Partition 3	3621,3622,3623
Partition 4	3559,3560,3561
Partition 5	3552,3553,3521,3570,3571,3619,3620
Partition 6	3602,3604,3603
Partition 8	3593,3608,3525
Partition 9	3541,3537,3557,3558,3524
Partition 10	3607,3618,3617,3606
Partition 11	3612,3613,3614,3615,3616
Partition 12	3589,3591,3592,3590
Partition 13	3530,3531
Partition 14	3538,3539,3565
Partition 15	3566,3567,3568,3569
Partition 16	3573,3575,3576,3577
Partition 17	3563,3556,3562
Partition 18	3527,3528,3529
Partition 19	3536,3535,3543,3542
Partition 20	3610,3611,3598,3597,3599,3520
Partition 21	3532,3533,3564,3548
Partition 22	3580,3581,3578,3579
Partition 23	3534,3554,3555,3572,3523,3584,3583
Partition 24	3582,3585,3586,3587
Partition 28	3609
Partition 29	3588
Partition 32	3605
Partition 34	3522,3600
Partition 36	3540
Partition 39	3547,3551
Partition 40	3596
Partition 44	3544
Partition 46	3546
Partition 47	3545
path	7
T	12
cut	69
Partition 0	3552,3553
Partition 1	3540,3541
Partition 2	3595
Partition 3	3546,3621,3622,3623
Partition 4	3562,3561
Partition 5	3570,3571,3619,3620
Partition 6	3604,3603
Partition 7	3609,3610,3611,3608
Partition 8	3593,3596,3605
Partition 9	3559,3560,3521
Partition 10	3607,3618,3617,3606
Partition 11	3612,3613,3614,3615,3616
Partition 12	3551,3549,3550,3588,3591,3592,3590
Partition 13	3527
Partition 14	3600,3601
Partition 15	3566,3567,3568,3569
Partition 16	3575,3576,3574
Partition 17	3538,3539,3565,3556
Partition 18	3528,3529,3545
Partition 19	3536,3535,3543,3542
Partition 20	3544
Partition 21	3532,3533,3534
Partition 22	3580,3581,3578,3579
Partition 23	3554,3555,3563,3523,3584,3583,3520
Partition 24	3582,3585,3586,3587,3589
Partition 25	3526,3547,3594,3602,3525
Partition 28	3557,3558
Partition 29	3598,3597,3599
Partition 30	3573,3577
Partition 31	3522
Partition 33	3530,3531
Partition 34	3537
Partition 36	3524
Partition 37	3572
Partition 39	3564,3548
path	8
T	14
cut	68
Partition 0	3549,3550
Partition 1	3547,3551,3602,3604,3603
Partition 2	3526,3594,3595,3574
Partition 3	3546,3621,3622,3623
Partition 4	3559,3560,3521
Partition 5	3570,3571,3619,3620
Partition 7	3598,3599
Partition 8	3593,3609,3610,3572,3608,3525,3537
Partition 9	3524
Partition 10	3607,3618,3617,3606
Partition 11	3611,3612,3613,3614,3615,3616
Partition 12	3588,3591,3592
Partition 13	3522,3540,3600,3541,3601
Partition 14	3531,3538,3565
Partition 15	3566,3567,3568,3569
Partition 16	3573,3575,3576,3577
Partition 17	3563,3556,3562
Partition 18	3527,3528,3529
Partition 19	3543,3544,3542
Partition 20	3597,3520
Partition 21	3532,3533,3564,3548
Partition 22	3580,3581,3578,3579
Partition 23	3534,3554,3535,3523,3584,3583
Partition 24	3582,3585,3586,3587,3589,3590
Partition 26	3561
Partition 28	3596,3605
Partition 30	3530
Partition 36	3557,3558
Partition 37	3545
Partition 39	3552
Partition 41	3553
Partition 43	3555
Partition 45	3536
Partition 48	3539
path	9
T	12
cut	71
Partition 0	3549,3524
Partition 1	3601,3526,3547,3551,3602
Partition 2	3596,3594,3595,3574
Partition 3	3546,3621,3622,3623
Partition 4	3559,3560,3561
Partition 5	3552,3553,3570,3571,3619,3620
Partition 6	3605,3604,3603
Partition 7	3598,3599
Partition 8	3593,3608,3525
Partition 9	3557,3558
Partition 10	3607,3618,3617,3606
Partition 11	3610,3611,3612,3613,3614,3615,3616
Partition 12	3588,3591,3592,3590
Partition 13	3522,3527,3530,3573
Partition 14	3540,3538,3539
Partition 15	3566,3567,3568,3569
Partition 16	3575,3576,3577,3589
Partition 17	3556,3562
Partition 18	3528,3529,3545
Partition 19	3536,3535,3543,3542
Partition 20	3520
Partition 21	3532,3533,3564,3548
Partition 22	3580,3581,3578,3579
Partition 23	3534,3554,3523,3584,3583
Partition 24	3582,3585,3586,3587
Partition 25	3563
Partition 26	3600
Partition 29	3544
Partition 30	3597
Partition 32	3609
Partition 33	3555,3572
Partition 35	3550
Partition 38	3565
Partition 39	3531
Partition 40	3521
Partition 41	3537
Partition 44	3541
