cut	53
Partition 0	3599,3576,3520
Partition 1	3569,3570,3575
Partition 2	3598,3596,3597
Partition 3	3533,3534,3535,3552
Partition 4	3549,3553,3551,3550
Partition 5	3558,3559,3560
Partition 6	3531,3524,3545
Partition 7	3543,3544,3547,3546
Partition 8	3542,3572,3571
Partition 9	3555,3532,3530,3529
Partition 10	3556,3573,3557,3574
Partition 11	3536,3537,3538
Partition 12	3563,3568,3564
Partition 13	3561,3562,3541,3548
Partition 14	3526,3566,3567
Partition 15	3565,3521,3539
Partition 16	3522,3527,3540,3528
Partition 17	3525,3554,3523
Partition 18	3585,3595,3594
Partition 19	3590,3591,3592,3593
Partition 20	3583,3582,3581
Partition 21	3580,3586,3589,3588
Partition 22	3579,3584,3578,3577,3587
