path	1
T	9
cut	51
Partition 0	3594,3592,3593,3522
Partition 1	3535,3544,3543
Partition 2	3542,3538
Partition 3	3553,3581,3536,3537
Partition 4	3584,3585
Partition 5	3541,3583,3539,3540
Partition 6	3601,3600,3602
Partition 7	3586,3587,3588
Partition 8	3545,3520,3547,3546
Partition 9	3554,3590,3589
Partition 10	3580,3599,3597,3598
Partition 11	3591,3595,3596
Partition 12	3526,3552,3558,3570
Partition 13	3555,3556
Partition 14	3557,3560,3561,3559
Partition 15	3551,3563,3562
Partition 16	3578,3564,3579
Partition 17	3576,3577,3571,3572
Partition 18	3521,3527,3528,3529
Partition 19	3548,3550,3549
Partition 20	3565,3566,3567
Partition 21	3530,3531,3532
Partition 22	3574,3575
Partition 23	3569,3573
Partition 24	3533,3525,3568
Partition 26	3534,3524
Partition 29	3582
Partition 31	3523
path	2
T	12
cut	52
Partition 0	3594,3592,3593
Partition 1	3542,3538,3543
Partition 2	3552,3522
Partition 3	3581,3532,3536,3574,3575,3523,3556
Partition 4	3584,3585,3582,3597
Partition 5	3541,3583,3539,3540
Partition 6	3601,3600,3602
Partition 7	3586,3587,3588
Partition 8	3545,3520,3547,3546
Partition 9	3554,3590,3589
Partition 10	3580,3599,3598
Partition 11	3595,3596
Partition 12	3526,3558
Partition 13	3577
Partition 14	3557,3560,3561,3559
Partition 15	3551,3563,3562
Partition 16	3578,3564,3579
Partition 18	3527,3528,3529
Partition 20	3565,3566,3567
Partition 21	3537
Partition 22	3576
Partition 23	3524
Partition 24	3535,3544,3533,3534
Partition 26	3555
Partition 28	3591
Partition 29	3530,3531,3570,3571,3569,3572,3573
Partition 30	3521,3548,3550,3549
Partition 31	3553,3525,3568
path	3
T	13
cut	51
Partition 0	3594,3592,3593,3522
Partition 1	3535,3544,3534,3543
Partition 2	3542,3538
Partition 3	3523
Partition 4	3584,3581,3585,3582
Partition 5	3541,3583,3540
Partition 6	3601,3600,3602
Partition 7	3586,3587,3588,3590
Partition 8	3545,3520,3547,3546
Partition 9	3553,3554,3555,3556,3589
Partition 10	3580,3599,3598
Partition 11	3595,3596,3597
Partition 12	3552
Partition 14	3557,3560,3561,3559
Partition 15	3551,3563,3562
Partition 16	3578,3564,3579
Partition 17	3570,3571,3572
Partition 18	3521,3527,3528,3529
Partition 19	3548,3550,3549
Partition 20	3565,3566,3567,3524
Partition 21	3530,3531,3532
Partition 22	3574,3575
Partition 23	3569,3573
Partition 24	3533,3525,3568
Partition 26	3526,3558,3591
Partition 27	3539
Partition 28	3536,3537
Partition 29	3576,3577
path	4
T	13
cut	51
Partition 0	3594,3592,3593,3522
Partition 1	3535,3544,3543
Partition 2	3542,3538
Partition 3	3581,3536,3537
Partition 4	3584,3585,3582,3597
Partition 5	3541,3583,3539,3540
Partition 6	3601,3600,3602
Partition 7	3586,3587,3588
Partition 8	3545,3520,3547,3546
Partition 9	3553,3554,3590,3589
Partition 10	3580,3599,3598
Partition 11	3591,3595,3596
Partition 13	3555,3526,3552,3523,3556
Partition 14	3557,3560,3561,3559
Partition 15	3551,3563,3562
Partition 16	3578,3564,3579
Partition 17	3576,3577,3575,3572
Partition 18	3521,3527,3528,3529
Partition 19	3548,3550,3549
Partition 20	3565,3566,3571,3567
Partition 21	3530,3531,3532
Partition 22	3574
Partition 23	3573
Partition 24	3533,3525,3568
Partition 25	3534,3524
Partition 26	3570
Partition 27	3558
Partition 28	3569
path	5
T	14
cut	53
Partition 0	3594,3592,3593
Partition 1	3535,3544,3543
Partition 2	3542,3538
Partition 3	3581,3536,3537,3523
Partition 4	3584,3585,3582
Partition 5	3521,3541,3553,3583,3539,3540
Partition 6	3601,3600,3602
Partition 7	3586,3587,3588
Partition 8	3545,3520,3547,3546
Partition 10	3580,3599,3598
Partition 11	3595,3596,3597
Partition 12	3554
Partition 13	3555,3556
Partition 14	3560,3561,3559
Partition 15	3522
Partition 16	3578,3564,3579
Partition 17	3576,3577,3572
Partition 18	3527,3528,3529
Partition 19	3548,3550,3549,3551,3563,3562
Partition 20	3565,3566,3567
Partition 21	3530,3531,3532
Partition 22	3574,3575,3573
Partition 23	3570,3569
Partition 24	3533,3525
Partition 25	3557
Partition 26	3552
Partition 28	3526,3558,3591,3590,3589
Partition 29	3534,3524
Partition 31	3568
Partition 32	3571
path	6
T	9
cut	52
Partition 0	3594,3592,3593,3522
Partition 1	3535,3544,3534,3543
Partition 2	3542,3538
Partition 3	3523
Partition 4	3584,3581,3585,3582
Partition 5	3541,3583,3540
Partition 6	3601,3600,3602
Partition 7	3586,3587,3588,3590
Partition 8	3545,3520,3547,3546
Partition 9	3553,3554,3555,3556,3589
Partition 10	3580,3599,3598
Partition 11	3595,3596,3597
Partition 12	3552
Partition 14	3557,3560,3561
Partition 15	3551,3563,3562
Partition 16	3578,3564,3579
Partition 17	3570,3571
Partition 19	3521,3527,3548,3528,3550,3549,3529
Partition 20	3565,3566,3567,3524
Partition 21	3530,3531,3532
Partition 22	3574,3575
Partition 23	3569,3573
Partition 24	3533,3525,3568
Partition 26	3526,3558,3559
Partition 27	3539
Partition 28	3536,3537
Partition 29	3576,3577
Partition 30	3591
Partition 31	3572
