path	1
T	16
cut	41
Partition 0	1709,1718,1719
Partition 1	1672,1673,1711,1674,1710
Partition 2	1686,1687,1670,1671
Partition 3	1720
Partition 4	1694,1666,1695,1712,1722,1723,1721
Partition 6	1698,1668,1669,1667,1706,1704,1705
Partition 7	1681,1682,1663,1685,1715,1716
Partition 8	1713,1714
Partition 9	1662
Partition 10	1693
Partition 11	1679,1664,1677,1678
Partition 12	1696,1697
Partition 13	1700,1701,1702,1699,1703
Partition 14	1707,1665
Partition 16	1708
Partition 20	1689
Partition 22	1690
Partition 23	1675
Partition 24	1676
Partition 25	1717
Partition 26	1680
Partition 27	1692,1691
Partition 28	1688
Partition 30	1683,1684
path	2
T	6
cut	43
Partition 0	1717,1716,1706,1720,1718,1719
Partition 1	1672,1673,1711
Partition 2	1686,1687,1670,1671,1688
Partition 4	1666,1695,1712,1722,1723
Partition 6	1683,1684,1708,1709
Partition 7	1713,1715,1714
Partition 8	1675,1676
Partition 9	1691
Partition 10	1677
Partition 11	1679,1680,1678
Partition 12	1696,1697,1698,1705
Partition 13	1700,1701,1702,1699,1703,1704
Partition 16	1665
Partition 21	1667
Partition 23	1710
Partition 24	1689
Partition 25	1674
Partition 27	1694
Partition 29	1690
Partition 31	1721
Partition 33	1681,1682,1663,1668,1669,1664,1707
Partition 34	1662
Partition 35	1685
Partition 36	1693,1692
path	3
T	16
cut	45
Partition 0	1715,1716
Partition 1	1672,1673,1711,1710
Partition 2	1686,1687,1670,1671
Partition 3	1706,1720,1721
Partition 4	1666,1695,1722
Partition 5	1689,1688,1690
Partition 6	1683,1668,1669,1684,1667
Partition 7	1662,1681,1663
Partition 8	1685
Partition 9	1675,1665
Partition 10	1682
Partition 11	1693,1717,1692,1678,1699,1718,1719
Partition 12	1696,1697,1698,1705
Partition 13	1676,1701,1702,1703,1704
Partition 17	1664,1677
Partition 19	1713,1714
Partition 20	1674
Partition 21	1691
Partition 23	1708
Partition 24	1707
Partition 25	1709
Partition 27	1679,1680
Partition 32	1694
Partition 34	1700
Partition 36	1712
Partition 37	1723
path	4
T	14
cut	41
Partition 0	1717,1716,1718,1719
Partition 1	1672,1673,1711
Partition 2	1686,1687,1670,1671
Partition 3	1706,1720,1721
Partition 4	1666,1695,1712,1722,1723
Partition 6	1689,1688,1690
Partition 7	1663,1685,1715
Partition 8	1713,1692,1691,1714
Partition 10	1664,1677,1707,1708,1709
Partition 11	1662,1681,1682,1699
Partition 12	1696,1697,1698,1705
Partition 13	1700,1701,1702,1703,1704
Partition 14	1710
Partition 15	1676
Partition 16	1675
Partition 17	1665
Partition 19	1679,1678
Partition 20	1668,1667
Partition 21	1694
Partition 23	1680
Partition 26	1693
Partition 29	1683,1674,1669,1684
path	5
T	23
cut	48
Partition 0	1715
Partition 2	1687,1689,1688
Partition 4	1696,1697
Partition 5	1690
Partition 6	1663
Partition 7	1713
Partition 9	1693,1694,1692,1695,1722,1691,1723
Partition 10	1672,1711,1664,1707
Partition 11	1682,1679,1680,1678,1699
Partition 12	1668,1669,1712,1667
Partition 13	1700,1701,1702,1703,1704
Partition 14	1674
Partition 16	1683,1686,1684,1670,1671
Partition 17	1665
Partition 18	1677
Partition 19	1675
Partition 20	1676
Partition 22	1706
Partition 25	1681
Partition 28	1673
Partition 29	1708
Partition 33	1714
Partition 36	1705
Partition 38	1698
Partition 40	1666
Partition 45	1685
Partition 46	1717,1716,1720,1709,1721,1718,1719
Partition 47	1710
Partition 48	1662
path	6
T	17
cut	43
Partition 0	1709,1718,1719
Partition 1	1672,1673,1711,1674,1669,1710
Partition 2	1686,1687,1670,1671
Partition 4	1666,1695,1722,1723,1721
Partition 6	1667,1706
Partition 7	1715,1716,1714
Partition 9	1681,1683,1663,1685
Partition 11	1679,1664,1677,1678
Partition 12	1696,1697
Partition 13	1700,1701,1702,1703,1704,1705
Partition 14	1707,1665
Partition 16	1708
Partition 22	1662,1693,1694,1689,1690
Partition 23	1675
Partition 24	1676
Partition 25	1717
Partition 26	1680
Partition 27	1692,1691
Partition 28	1688
Partition 30	1684
Partition 33	1720
Partition 34	1712
Partition 35	1713
Partition 36	1698
Partition 37	1668
Partition 39	1682,1699
path	7
T	7
cut	44
Partition 0	1672,1673,1711,1674,1710,1670,1671
Partition 2	1689
Partition 4	1666,1695,1712,1722,1723
Partition 7	1713,1715,1716,1714
Partition 8	1675,1676
Partition 9	1691
Partition 10	1677
Partition 11	1679,1680,1678
Partition 12	1696,1697,1698,1705
Partition 13	1700,1701,1702,1699,1703,1704
Partition 16	1665
Partition 21	1667,1706
Partition 24	1686,1687,1688
Partition 25	1717
Partition 27	1694
Partition 29	1690
Partition 31	1720,1721,1718,1719
Partition 33	1681,1663,1668,1669,1664,1707
Partition 34	1662
Partition 35	1685
Partition 36	1693,1692
Partition 40	1683
Partition 41	1682
Partition 44	1708,1709
Partition 45	1684
path	8
T	10
cut	39
Partition 0	1715,1716
Partition 1	1672,1673,1711,1710
Partition 2	1686,1687,1670,1671
Partition 3	1706,1720,1721
Partition 4	1666,1695,1722
Partition 5	1674,1684,1689,1688,1690
Partition 6	1668,1669,1667
Partition 8	1662,1681,1682,1683,1663
Partition 9	1675
Partition 11	1717,1718,1719
Partition 12	1696,1697,1698,1705
Partition 13	1676,1701,1702,1678,1699,1703,1704
Partition 17	1664,1677
Partition 19	1713,1714
Partition 20	1709
Partition 23	1708
Partition 24	1707,1665
Partition 25	1685
Partition 27	1693,1694,1679,1680,1692,1691
Partition 34	1700
Partition 36	1712
Partition 37	1723
path	9
T	16
cut	46
Partition 2	1687,1689,1688
Partition 4	1696,1697
Partition 5	1690
Partition 9	1694,1695,1722,1723
Partition 10	1664,1707
Partition 11	1679,1680,1692
Partition 12	1666,1712,1667,1706,1705
Partition 13	1700,1701,1702,1703,1704
Partition 14	1674,1668,1669
Partition 16	1686,1670,1671
Partition 17	1665
Partition 19	1675
Partition 20	1676
Partition 22	1713
Partition 28	1672,1673,1711
Partition 29	1708
Partition 33	1717,1720,1721,1718,1719
Partition 38	1698
Partition 45	1685
Partition 46	1663,1715,1716,1714
Partition 47	1710
Partition 48	1662
Partition 50	1682,1677,1678,1699
Partition 51	1684
Partition 52	1683
Partition 56	1681
Partition 58	1709
Partition 59	1691
Partition 61	1693
path	10
T	10
cut	46
Partition 0	1717,1715,1716
Partition 2	1687,1689,1688
Partition 4	1696,1697
Partition 5	1690
Partition 6	1663
Partition 9	1694,1695,1722,1723
Partition 10	1664,1707
Partition 11	1681,1682,1679,1680,1677,1678,1699
Partition 12	1675,1713,1666,1712,1665,1714
Partition 13	1701,1702,1703,1704
Partition 14	1674,1669
Partition 16	1683,1668,1686,1684,1670,1671
Partition 17	1667
Partition 20	1676
Partition 22	1709,1718
Partition 28	1673
Partition 29	1708
Partition 36	1705
Partition 38	1698
Partition 45	1685
Partition 46	1706,1720,1721,1719
Partition 47	1710
Partition 48	1662
Partition 51	1711
Partition 52	1672
Partition 53	1700
Partition 56	1693,1692
Partition 59	1691
