path	1
T	8
cut	35
Partition 0	1680,1667
Partition 1	1662
Partition 2	1689
Partition 3	1704,1703
Partition 4	1671,1672
Partition 5	1694,1693,1674,1677,1673
Partition 6	1668,1679,1666
Partition 7	1692,1708,1706,1664,1707
Partition 8	1681,1682,1683
Partition 9	1709
Partition 10	1696,1697,1669,1670
Partition 11	1691,1700,1701,1690,1702
Partition 12	1675,1676
Partition 13	1712,1710,1711
Partition 14	1688,1687
Partition 15	1685,1686,1684,1665
Partition 16	1663,1698,1705,1699
Partition 17	1695
Partition 18	1678
path	2
T	10
cut	31
Partition 0	1683,1684
Partition 1	1662,1675,1679,1680,1667
Partition 2	1689
Partition 3	1691,1694,1693,1704,1690
Partition 5	1666
Partition 6	1668,1674,1682
Partition 7	1705,1706,1707
Partition 8	1692,1664,1671,1681,1672
Partition 10	1696,1697,1669,1670,1673
Partition 11	1700,1701
Partition 12	1695,1708,1709,1676,1710
Partition 13	1712,1711
Partition 14	1678,1688,1687,1677
Partition 15	1685,1686,1665
Partition 16	1663,1698,1699
Partition 17	1702,1703
path	3
T	11
cut	35
Partition 0	1683,1684
Partition 1	1680,1667
Partition 2	1696,1697
Partition 3	1691,1694,1690
Partition 4	1671,1672
Partition 5	1693,1674,1673
Partition 6	1679,1666
Partition 7	1705,1692,1706,1664,1707
Partition 8	1681,1682
Partition 9	1695,1708
Partition 10	1669,1670,1689
Partition 11	1700,1701
Partition 12	1678
Partition 13	1704,1702,1703
Partition 14	1688,1687
Partition 15	1685,1686,1665
Partition 16	1663,1698,1699
Partition 17	1712,1710,1711
Partition 18	1709,1677,1662,1675,1676
Partition 19	1668
path	4
T	6
cut	33
Partition 0	1681,1668,1682,1683,1684
Partition 1	1680,1667
Partition 3	1691,1694,1690
Partition 4	1671,1672
Partition 5	1693,1674,1677,1673
Partition 6	1669,1689
Partition 7	1705,1692,1706,1664,1707
Partition 9	1695,1708
Partition 10	1696,1697,1670
Partition 11	1700,1701
Partition 12	1709,1676
Partition 13	1704,1702,1703
Partition 14	1678
Partition 15	1685,1686,1687,1665
Partition 16	1663,1698,1699
Partition 17	1688,1712,1710,1711
Partition 18	1675
Partition 19	1662,1679,1666
path	5
T	11
cut	35
Partition 0	1683,1680,1667,1684
Partition 2	1691,1694,1690
Partition 3	1693
Partition 4	1692,1664,1671,1681,1682
Partition 5	1678,1674,1677
Partition 6	1705,1668,1679,1689,1666
Partition 7	1706,1707
Partition 8	1672
Partition 9	1695,1708
Partition 10	1696,1697,1669,1670,1673
Partition 11	1700,1701
Partition 12	1710
Partition 13	1704,1702,1703
Partition 14	1688,1687
Partition 15	1685,1686,1665
Partition 16	1663,1698,1699
Partition 17	1711
Partition 18	1709,1676
Partition 19	1662,1675
Partition 20	1712
