path	1
T	3
cut	8
Partition 0	801,802,798,803,796
Partition 1	807,810,808,809,820,821
Partition 2	805,806,800,804
Partition 3	797,811,813,812
Partition 4	819,818,799
Partition 5	814,817,815,816
path	2
T	3
cut	7
Partition 0	801,802,798,803,806
Partition 1	799,808,809
Partition 2	805,800,804
Partition 3	797,811,813,812,818,819
Partition 4	821,820,807,810
Partition 5	814,817,815,816,796
path	3
T	3
cut	8
Partition 0	801,802,803,814,796,817,806
Partition 1	807,810,799,808,809
Partition 2	805,800,804
Partition 3	797,811,813,812
Partition 4	821,819,820,818
Partition 5	815,816,798
path	4
T	4
cut	8
Partition 0	801,802,798,796,814,806
Partition 1	807,810,799,808,809
Partition 2	805,800,804
Partition 3	797,811,813,812
Partition 4	821,819,820,818,817
Partition 5	815,816,803
path	5
T	1
cut	9
Partition 0	801,802,798,796,807
Partition 1	810,799,808,809
Partition 2	805,806,800,804
Partition 3	797,811,813,812
Partition 4	821,819,820,818
Partition 5	814,817,815,816,803
path	6
T	3
cut	7
Partition 0	801,802,798,803,806
Partition 1	807,810,799,808,809
Partition 2	805,800,804
Partition 3	797,811,813,812
Partition 4	821,819,820,818
Partition 5	814,817,815,816,796
path	7
T	3
cut	7
Partition 0	801,802,798,803,806
Partition 1	807,810,799,808,809
Partition 2	805,800,804
Partition 3	797,811,813,812
Partition 4	821,819,820,818
Partition 5	814,817,815,816,796
path	8
T	5
cut	9
Partition 0	801,802,798,796,806
Partition 1	799,808,809,818
Partition 2	805,800,804
Partition 3	797,811,813,812,819
Partition 4	821,820,810,807
Partition 5	814,817,815,816,803
path	9
T	1
cut	8
Partition 0	801,802,798,803,796,806
Partition 1	807,810,799,808,809
Partition 2	805,800,804,818
Partition 3	797,811,813,812
Partition 4	821,819,820
Partition 5	814,817,815,816
path	10
T	3
cut	7
Partition 0	802,798,803,806
Partition 1	807,810,799,808,809
Partition 2	805,800,804
Partition 3	797,811,813,812
Partition 4	821,819,820,818
Partition 5	814,817,815,816,796,801
