path	1
T	6
cut	43
Partition 0	3535,3544,3583,3584,3545,3546,3543
Partition 1	3541,3542,3539,3540,3538
Partition 2	3581,3582
Partition 3	3530,3531,3533,3534,3525,3529
Partition 4	3521,3527,3565,3528,3524
Partition 5	3555,3532,3574,3523,3556
Partition 6	3576,3568,3575,3569,3573
Partition 7	3557,3560,3526,3552,3558,3559
Partition 8	3566,3570,3571,3567,3572
Partition 9	3577,3578,3563,3564,3562,3579
Partition 10	3548,3550,3536,3537,3549,3551
Partition 11	3591,3595,3594,3592,3593
Partition 12	3586,3587,3554,3588,3590,3589
Partition 13	3520,3547,3601,3600,3602
Partition 14	3585,3580,3599,3596,3597,3598
Partition 16	3561
Partition 17	3522
Partition 18	3553
path	2
T	14
cut	63
Partition 0	3535,3544,3543
Partition 2	3539
Partition 3	3530,3531,3533,3534,3529
Partition 4	3521,3541,3548,3565,3550
Partition 5	3553,3555,3574,3523
Partition 6	3576,3568,3575,3569,3573
Partition 7	3557,3560,3526,3558,3559
Partition 8	3566,3570,3571,3567,3572
Partition 9	3577,3561,3578,3563,3564,3562,3579
Partition 10	3540
Partition 11	3595,3594,3592,3593
Partition 12	3587,3554,3588,3591,3590,3589
Partition 13	3520,3547,3601,3600,3602
Partition 14	3599,3598
Partition 15	3536
Partition 17	3527
Partition 18	3545
Partition 21	3582
Partition 23	3551
Partition 24	3524
Partition 26	3580
Partition 28	3556
Partition 29	3583
Partition 30	3546
Partition 32	3537
Partition 33	3596
Partition 36	3584
Partition 38	3585
Partition 41	3549
Partition 42	3552
Partition 43	3586
Partition 44	3525
Partition 45	3597
Partition 48	3532
Partition 49	3538,3522
Partition 50	3581
Partition 51	3528
Partition 53	3542
path	3
T	6
cut	42
Partition 0	3535,3544,3545,3546,3543
Partition 1	3541,3583,3539,3540
Partition 2	3581,3536,3537,3538,3582
Partition 3	3530,3531,3533,3534,3525,3529
Partition 4	3521,3527,3565,3528,3524
Partition 5	3555,3532,3574,3523,3556
Partition 6	3576,3568,3575,3569,3573
Partition 7	3557,3560,3561,3526,3552,3558,3559
Partition 8	3566,3570,3571,3567,3572
Partition 9	3577,3578,3563,3564,3562,3579
Partition 10	3548,3550,3549,3551
Partition 11	3591,3595,3594,3592,3593
Partition 12	3586,3587,3554,3588,3590,3589
Partition 13	3520,3547,3601,3600,3602
Partition 14	3580,3599,3596,3597,3598
Partition 15	3522
Partition 16	3584,3585
Partition 17	3542
Partition 18	3553
path	4
T	9
cut	55
Partition 0	3535,3544,3545,3546,3543
Partition 2	3583,3584,3581,3536,3537,3582
Partition 3	3530,3531,3533,3525,3529
Partition 4	3521,3527,3541,3548,3565,3528,3524
Partition 5	3574,3523,3556
Partition 6	3576,3568,3575,3569,3573
Partition 7	3560
Partition 8	3566,3570,3571,3567,3572
Partition 9	3577,3561,3578,3563,3564,3562,3579
Partition 10	3594
Partition 11	3591,3590
Partition 12	3586,3587,3554,3589
Partition 13	3520,3547,3601,3600,3602
Partition 14	3585,3580,3599,3596,3597,3598
Partition 17	3555
Partition 20	3557
Partition 21	3553
Partition 22	3534
Partition 23	3538
Partition 24	3551
Partition 25	3542
Partition 26	3550
Partition 27	3549
Partition 29	3552,3522
Partition 31	3588
Partition 32	3592,3593
Partition 33	3595
Partition 35	3532
Partition 36	3526,3558,3559
Partition 37	3539
Partition 38	3540
path	5
T	20
cut	57
Partition 0	3535,3544,3545,3546,3543
Partition 1	3548,3583,3550,3537,3540,3549,3538
Partition 3	3530,3531,3528,3533,3525,3529
Partition 4	3521,3527,3565,3524
Partition 5	3555,3532,3574,3596,3523,3556,3597
Partition 6	3576,3568,3575,3569,3573
Partition 7	3588,3591,3590
Partition 8	3566,3570,3571,3567,3572
Partition 9	3577,3578,3579
Partition 11	3558
Partition 12	3586,3587,3554,3589
Partition 13	3520,3547,3601,3600,3602
Partition 14	3580,3599,3598
Partition 17	3561
Partition 19	3526
Partition 21	3562
Partition 22	3584
Partition 24	3551,3563,3564
Partition 25	3536
Partition 27	3582
Partition 28	3581
Partition 31	3541,3542
Partition 33	3585
Partition 34	3539
Partition 35	3552,3522
Partition 36	3557,3560,3559,3595,3594,3593
Partition 39	3592
Partition 40	3553
Partition 41	3534
