path	1
T	3
cut	9
Partition 0	797,803,802,804,800
Partition 1	806,799,808,807,796
Partition 2	819,816,818,817
Partition 3	809,810,811,815
Partition 4	813,814,798,801,812,805
path	2
T	2
cut	9
Partition 0	797,803,802,804,796
Partition 1	806,799,808,807
Partition 2	819,805,816,818,817
Partition 3	809,810,811,815
Partition 4	813,814,798,801,812,800
path	3
T	3
cut	9
Partition 0	803,802,804,816
Partition 1	799,808,807
Partition 2	819,805,818,817
Partition 3	809,810,800,811,797,796,806
Partition 4	813,814,798,801,812,815
path	4
T	3
cut	9
Partition 0	797,803,802,804
Partition 1	806,799,808,807,816
Partition 2	819,805,818,817
Partition 3	810,811,815,814
Partition 4	813,798,801,812,800,809,796
path	5
T	3
cut	9
Partition 0	797,803,802,804,796
Partition 1	806,799,808,807
Partition 2	819,805,816,818,817
Partition 3	809,810,800,811
Partition 4	813,814,798,801,812,815
path	6
T	2
cut	8
Partition 0	803,802,804
Partition 1	806,799,808,807,796,797
Partition 2	819,805,818,817,801
Partition 3	809,810,800,811,815,816
Partition 4	813,814,798,812
path	7
T	2
cut	10
Partition 0	803,802,804,805,811
Partition 1	806,799,808,807
Partition 2	819,816,818,817,815
Partition 3	809,810,796,797
Partition 4	813,814,798,801,812,800
path	8
T	3
cut	8
Partition 0	803,802,804
Partition 1	806,799,808,807,796,797
Partition 2	819,805,818,817,801
Partition 3	809,810,800,811
Partition 4	813,814,798,812,815,816
path	9
T	3
cut	8
Partition 0	803,802,804
Partition 1	806,799,808,807,796,797
Partition 2	819,805,816,818,817
Partition 3	809,810,800,811
Partition 4	813,814,798,801,812,815
path	10
T	2
cut	9
Partition 0	797,803,802,804,796
Partition 1	806,799,808,807
Partition 2	819,805,816,818,817
Partition 3	809,810,811,815
Partition 4	813,814,798,801,812,800
