path	1
T	26
cut	100
Partition 0	2129,2138,2068
Partition 1	2130,2139,2076
Partition 2	2192,2193,2194
Partition 4	2133,2134,2136
Partition 5	2147,2145,2148
Partition 6	2135,2063,2099
Partition 7	2137,2082,2083
Partition 8	2088,2089,2062
Partition 9	2140,2141,2149,2150
Partition 10	2079,2080,2085
Partition 11	2081,2084,2086
Partition 12	2069,2111,2113
Partition 13	2112,2186,2110
Partition 14	2087,2109,2108
Partition 15	2090,2092,2093
Partition 16	2096,2091,2075
Partition 17	2077,2078,2067
Partition 18	2102,2103,2146,2101,2100,2104
Partition 19	2097,2098,2094,2095
Partition 20	2105,2107,2106
Partition 21	2064,2125,2120
Partition 22	2124,2122,2123
Partition 23	2066,2126,2188,2179,2173,2177
Partition 24	2118,2073,2119
Partition 25	2116,2117,2121
Partition 26	2131,2142,2132,2143,2144,2195
Partition 27	2191,2187,2189,2190
Partition 28	2196,2197,2198
Partition 29	2199,2200,2184
Partition 30	2065,2185,2183,2182
Partition 31	2158,2157,2160
Partition 32	2072,2156,2074
Partition 33	2163,2164,2166
Partition 34	2162,2155,2159
Partition 35	2070,2161,2165
Partition 36	2114,2071,2115
Partition 37	2127,2128,2174,2172
Partition 38	2180,2176,2181,2175,2178
Partition 39	2167,2171
Partition 40	2170,2168,2153,2151,2152
Partition 41	2169,2154
path	2
T	27
cut	100
Partition 0	2129,2138,2068
Partition 1	2130,2139,2076
Partition 2	2192,2193,2194
Partition 4	2133,2134,2136
Partition 5	2147,2145,2148
Partition 6	2135,2063,2099
Partition 7	2137,2082,2083
Partition 8	2088,2089,2062
Partition 9	2140,2141,2149,2150
Partition 10	2079,2080,2085
Partition 11	2081,2084,2086
Partition 12	2069,2111,2113
Partition 13	2112,2186,2110
Partition 14	2087,2109,2108
Partition 15	2090,2092,2093
Partition 16	2096,2091,2075
Partition 17	2077,2078,2067
Partition 18	2102,2103,2146,2101,2100,2104
Partition 19	2097,2098,2094,2095
Partition 20	2105,2107,2106
Partition 21	2064,2125,2120
Partition 22	2124,2122,2123
Partition 23	2066,2126,2188,2179,2173,2177
Partition 24	2118,2073,2119
Partition 25	2116,2117,2121
Partition 26	2131,2142,2132,2143,2144,2195
Partition 27	2191,2187,2189,2190
Partition 28	2196,2197,2198
Partition 29	2199,2200,2184
Partition 30	2065,2185,2183,2182
Partition 31	2158,2157,2160
Partition 32	2072,2156,2074
Partition 33	2163,2164,2166
Partition 34	2162,2155,2159
Partition 35	2070,2161,2165
Partition 36	2114,2071,2115
Partition 37	2127,2128,2174
Partition 38	2180,2176,2181,2175,2178
Partition 39	2167,2168,2154,2171
Partition 40	2170,2153,2151,2152
Partition 41	2169,2172
path	3
T	27
cut	100
Partition 0	2129,2138,2068
Partition 1	2130,2139,2076
Partition 2	2192,2193,2194
Partition 4	2133,2134,2136
Partition 5	2147,2145,2148
Partition 6	2135,2063,2099
Partition 7	2137,2082,2083
Partition 8	2088,2089,2062
Partition 9	2140,2141,2149,2150
Partition 10	2079,2080,2085
Partition 11	2081,2084,2086
Partition 12	2069,2111,2113
Partition 13	2112,2186,2110
Partition 14	2087,2109,2108
Partition 15	2090,2092,2093
Partition 16	2096,2091,2075
Partition 17	2077,2078,2067
Partition 18	2102,2103,2146,2101,2100,2104
Partition 19	2097,2098,2094,2095
Partition 20	2105,2107,2106
Partition 21	2064,2125,2120
Partition 22	2124,2122,2123
Partition 23	2066,2126,2188,2179,2173,2177
Partition 24	2118,2073,2119
Partition 25	2116,2117,2121
Partition 26	2131,2142,2132,2143,2144,2195
Partition 27	2191,2187,2189,2190
Partition 28	2196,2197,2198
Partition 29	2199,2200,2184
Partition 30	2065,2185,2183,2182
Partition 31	2158,2157,2160
Partition 32	2072,2156,2074
Partition 33	2163,2164,2166
Partition 34	2162,2155,2159
Partition 35	2070,2161,2165
Partition 36	2114,2071,2115
Partition 37	2127,2128,2174
Partition 38	2180,2176,2181,2175,2178
Partition 39	2167,2168,2154,2171
Partition 40	2170,2153,2151,2152
Partition 41	2169,2172
