path	1
T	14
cut	58
Partition 0	3556,3549,3557,3576
Partition 1	3553,3554,3555,3538
Partition 2	3534,3536,3537
Partition 3	3579,3580,3609,3610
Partition 4	3522,3578,3577,3530
Partition 5	3551,3552
Partition 6	3523,3586,3587,3585,3590
Partition 7	3596,3595,3597
Partition 8	3524,3542,3550,3543
Partition 9	3547,3528,3544,3545,3546
Partition 10	3559,3558,3539,3520
Partition 11	3565,3598,3599,3540
Partition 12	3584,3588,3589,3591,3592
Partition 13	3573,3560,3571,3572
Partition 14	3574,3569,3575
Partition 15	3606,3607,3582,3605
Partition 16	3564,3526,3561,3562
Partition 17	3567,3532
Partition 18	3601,3594,3604,3602,3603
Partition 19	3566,3568,3521,3533,3570
Partition 20	3581,3600,3535
Partition 21	3608
Partition 23	3541
Partition 26	3531
Partition 27	3527
Partition 28	3563
Partition 29	3525
Partition 30	3583
Partition 31	3529
Partition 32	3593
Partition 34	3548
path	2
T	13
cut	55
Partition 0	3556,3549,3557,3576
Partition 1	3553,3554,3555,3538
Partition 2	3529,3534,3536,3537,3525
Partition 3	3579,3608,3580,3609,3610
Partition 4	3522,3578,3577,3530
Partition 5	3551,3552
Partition 6	3523,3586,3587,3585,3590
Partition 7	3596,3543,3595,3597
Partition 8	3524,3542,3550
Partition 9	3547,3528,3541,3544,3545,3546
Partition 10	3559,3558,3539,3520
Partition 11	3565,3598,3599,3540
Partition 12	3584,3588,3589,3591,3592
Partition 13	3573,3560,3571,3572
Partition 14	3574,3569,3575
Partition 15	3606,3582,3605
Partition 16	3564,3563,3526,3561,3562
Partition 17	3567
Partition 18	3594,3604,3602,3603
Partition 19	3566,3568,3521,3533,3570
Partition 20	3581,3600,3601,3535
Partition 21	3527
Partition 22	3531
Partition 23	3583
Partition 25	3532
Partition 28	3548
Partition 29	3607
Partition 31	3593
path	3
T	11
cut	58
Partition 0	3556,3549,3557,3576
Partition 1	3553,3554,3555,3538
Partition 2	3529,3534,3536,3537
Partition 3	3608,3604,3609,3610
Partition 4	3522,3578,3577,3530
Partition 5	3551,3552
Partition 6	3523,3586,3587,3585,3590
Partition 7	3596,3543,3595,3597
Partition 8	3524,3542,3550
Partition 9	3547,3548,3541,3545,3546
Partition 10	3558,3539,3520
Partition 11	3565,3598,3599,3540
Partition 12	3584,3588,3589,3591,3592
Partition 13	3573,3560,3571,3572
Partition 14	3574,3569,3575
Partition 15	3606,3607,3582,3605
Partition 16	3563,3544,3526,3561,3562,3525
Partition 17	3567,3531,3532
Partition 18	3579,3601,3580,3602,3603
Partition 19	3521,3533
Partition 20	3568,3570,3594,3593
Partition 21	3527
Partition 22	3559
Partition 24	3581
Partition 25	3583
Partition 26	3564,3566
Partition 27	3535
Partition 28	3600
Partition 31	3528
path	4
T	13
cut	62
Partition 0	3556,3549,3557,3576
Partition 1	3553,3554,3555,3538
Partition 2	3529,3534,3536,3537
Partition 3	3610
Partition 4	3522,3578,3577
Partition 5	3551,3552
Partition 6	3523,3586,3587,3585,3590,3525
Partition 7	3596,3542,3543,3595
Partition 8	3524,3547,3550
Partition 9	3548,3528,3541,3544,3526,3545,3546
Partition 10	3559,3527,3558,3539,3520
Partition 11	3565,3598,3599,3540
Partition 12	3588,3589,3591,3592
Partition 13	3573,3560,3571,3572
Partition 14	3600,3533,3535
Partition 15	3606,3581,3582,3605,3561,3562
Partition 16	3584
Partition 17	3532
Partition 18	3608
Partition 19	3521
Partition 20	3607
Partition 22	3530
Partition 27	3580,3609
Partition 28	3531
Partition 29	3567
Partition 30	3583
Partition 31	3575
Partition 32	3574
Partition 36	3593
Partition 37	3604
Partition 39	3579
Partition 41	3601,3597,3602,3603
Partition 42	3564
Partition 44	3566,3568,3563,3570,3569,3594
path	5
T	8
cut	53
Partition 0	3556,3549,3557,3576
Partition 1	3553,3554,3555,3538
Partition 2	3529,3534,3536,3537
Partition 3	3579,3580,3609,3610
Partition 4	3522,3578,3577,3530
Partition 5	3551,3552
Partition 6	3523,3586,3587,3585,3590
Partition 7	3596,3543,3595,3597
Partition 8	3524,3542,3547,3550
Partition 9	3548,3528,3541,3544,3545,3546
Partition 10	3559,3558,3539,3520
Partition 11	3598,3599,3540
Partition 12	3584,3588,3589,3591,3592
Partition 13	3573,3560,3571,3572
Partition 15	3606,3607,3605
Partition 16	3564,3565,3563,3526,3531,3561,3562
Partition 17	3583,3567,3532
Partition 18	3608,3570,3594,3604,3602,3603,3593
Partition 19	3581,3521
Partition 20	3600,3601
Partition 22	3582
Partition 23	3525
Partition 25	3527
Partition 26	3574,3566,3568,3569,3575
Partition 28	3533,3535
