path	1
T	13
cut	59
Partition 0	3566,3567,3568
Partition 1	3563,3564
Partition 2	3596,3553,3597
Partition 3	3576,3520,3599,3598
Partition 4	3570,3575,3574
Partition 5	3537
Partition 6	3561,3562,3522
Partition 7	3538,3540,3541,3548
Partition 8	3549,3550,3551
Partition 9	3527,3526,3581,3582
Partition 10	3532,3533,3534,3535
Partition 11	3592,3593
Partition 12	3585,3595,3594
Partition 13	3580,3583,3586,3584,3531
Partition 14	3554,3556,3523
Partition 15	3565,3528,3587,3588,3521
Partition 16	3525,3590,3591
Partition 17	3579,3577,3578
Partition 18	3547,3545,3546,3524,3557
Partition 19	3572,3573
Partition 20	3559,3560
Partition 21	3543,3544,3558
Partition 22	3529,3530
Partition 24	3542
Partition 27	3539
Partition 30	3571
Partition 31	3569
Partition 33	3589
Partition 34	3536
Partition 35	3552
Partition 36	3555
path	2
T	12
cut	58
Partition 0	3565,3566,3567,3521
Partition 1	3581,3582
Partition 2	3596,3553,3597
Partition 3	3575,3576,3520,3599,3598,3574
Partition 4	3563,3568,3564,3569,3570
Partition 5	3536,3537,3527,3526
Partition 6	3561,3562,3522
Partition 7	3538,3540,3541,3548
Partition 8	3549,3550
Partition 9	3534,3535,3552
Partition 10	3532,3533,3530
Partition 11	3592,3593
Partition 12	3585,3595,3594
Partition 13	3580,3583,3586,3584,3531,3589
Partition 14	3554,3556
Partition 15	3587,3588
Partition 16	3525,3590
Partition 17	3579,3577,3578
Partition 18	3524
Partition 19	3573,3557
Partition 20	3558,3559,3560
Partition 21	3547,3542,3545,3546
Partition 22	3529,3571
Partition 23	3523,3539
Partition 24	3528
Partition 26	3572
Partition 28	3591
Partition 32	3555
Partition 33	3551
Partition 34	3543,3544
path	3
T	20
cut	58
Partition 0	3566,3567
Partition 1	3563,3568,3564,3569
Partition 2	3596,3553,3597,3552
Partition 3	3576,3520,3599,3598
Partition 4	3570,3575,3574
Partition 5	3536,3537,3527
Partition 6	3561,3562,3522
Partition 7	3538,3540,3541,3548
Partition 8	3549,3550,3551
Partition 9	3528,3534,3535,3521
Partition 10	3555,3530
Partition 11	3589,3593
Partition 12	3595,3594
Partition 13	3525,3580,3583,3586,3584,3531
Partition 14	3554,3556,3523,3539
Partition 15	3587,3588
Partition 16	3590,3591,3592
Partition 17	3579,3577,3578
Partition 18	3545,3546
Partition 19	3572,3573
Partition 20	3559,3560
Partition 21	3544,3547,3558
Partition 22	3526,3581,3582,3524,3557
Partition 24	3542
Partition 25	3565
Partition 27	3532,3533
Partition 28	3585
Partition 29	3529,3571
Partition 30	3543
path	4
T	11
cut	59
Partition 0	3566,3567,3568,3526
Partition 1	3563,3564
Partition 2	3596,3553,3597
Partition 3	3576,3520,3599,3598
Partition 4	3569,3570,3575,3574
Partition 5	3536,3537,3527
Partition 6	3561,3562,3522
Partition 7	3540,3541,3539
Partition 8	3538,3547,3548,3549,3550,3551
Partition 9	3528,3534,3535
Partition 10	3532,3533,3530
Partition 11	3589,3593
Partition 12	3585,3595,3594
Partition 13	3580,3583
Partition 14	3556,3555
Partition 15	3587,3588
Partition 16	3525,3554,3565,3590,3591,3592
Partition 17	3524
Partition 18	3542
Partition 19	3573,3557
Partition 20	3531,3559,3560,3572,3521,3529,3571
Partition 21	3543,3544,3558
Partition 22	3581
Partition 23	3545,3577,3578,3546
Partition 24	3523
Partition 26	3552
Partition 27	3584
Partition 28	3579
Partition 31	3586
Partition 32	3582
path	5
T	14
cut	58
Partition 0	3567,3568
Partition 1	3564
Partition 2	3596,3553,3597
Partition 3	3576,3520,3599,3598
Partition 4	3570,3575,3574
Partition 5	3536,3537
Partition 6	3554,3561,3562,3556,3522,3555,3523
Partition 7	3538,3540,3541,3548
Partition 8	3549,3550,3551
Partition 9	3565,3528,3560,3534,3535,3521,3552
Partition 10	3532,3533
Partition 11	3563,3592
Partition 12	3585,3595,3593,3594
Partition 13	3580,3583,3586,3584,3589
Partition 15	3587,3588
Partition 16	3525,3590,3591
Partition 17	3579,3577,3578
Partition 18	3542,3545,3546
Partition 19	3573,3557
Partition 20	3559
Partition 21	3544,3547,3558
Partition 22	3572,3529,3571,3581,3582
Partition 23	3569
Partition 24	3566
Partition 26	3531,3524
Partition 27	3530
Partition 28	3539
Partition 29	3527
Partition 30	3543,3526
path	6
T	19
cut	60
Partition 0	3566,3567
Partition 1	3563,3568,3564,3569
Partition 2	3534,3535,3553,3552
Partition 3	3576,3520,3597,3599,3598
Partition 4	3570,3575,3574
Partition 5	3536,3537,3538,3548
Partition 6	3561,3562,3522
Partition 7	3540,3541,3539
Partition 8	3549,3550,3551
Partition 9	3527
Partition 10	3555,3530
Partition 11	3586,3531,3589,3593
Partition 12	3595,3596,3594
Partition 13	3580,3583
Partition 14	3554,3556,3523
Partition 15	3560
Partition 16	3590,3591,3592
Partition 17	3579,3577,3578
Partition 18	3545,3546
Partition 19	3572,3573
Partition 20	3559
Partition 21	3544,3547,3558
Partition 22	3526,3581,3582,3524,3557
Partition 24	3542
Partition 25	3528,3587,3588,3521
Partition 27	3532,3533
Partition 28	3584,3585
Partition 29	3529,3571
Partition 30	3543
Partition 31	3525
Partition 32	3565
path	7
T	11
cut	58
Partition 0	3566,3567,3568
Partition 1	3563,3564
Partition 2	3596,3553,3597
Partition 3	3576,3520,3599,3598
Partition 4	3569,3570,3575,3574
Partition 5	3536,3537,3527
Partition 6	3561,3562,3522
Partition 7	3540,3541,3539
Partition 8	3538,3548,3549,3550,3551
Partition 9	3528,3534,3535
Partition 10	3532,3533,3530
Partition 11	3589,3593
Partition 12	3585,3595,3594
Partition 14	3556,3555
Partition 15	3587,3588
Partition 16	3525,3554,3565,3590,3591,3592
Partition 17	3579
Partition 18	3542
Partition 19	3573,3557
Partition 20	3559,3560,3521,3529,3571
Partition 21	3544,3547,3558
Partition 22	3580,3583,3526,3581,3582
Partition 23	3545,3577,3578,3546,3524
Partition 24	3523
Partition 26	3552
Partition 27	3584
Partition 31	3586
Partition 32	3531
Partition 34	3572
Partition 37	3543
path	8
T	14
cut	57
Partition 0	3567,3568
Partition 1	3564
Partition 2	3596,3553,3597
Partition 3	3576,3520,3599,3598
Partition 4	3570,3575,3574
Partition 5	3536,3537
Partition 6	3554,3561,3562,3556,3522,3555,3523
Partition 7	3538,3540,3541,3548
Partition 8	3549,3550,3551
Partition 9	3565,3528,3560,3534,3535,3521,3552
Partition 10	3532,3533
Partition 11	3563,3592
Partition 12	3585,3595,3593,3594
Partition 13	3583,3584
Partition 15	3589,3587,3588
Partition 16	3525,3580,3590,3586,3591
Partition 17	3531,3577,3578,3524
Partition 18	3542,3545,3546
Partition 19	3573,3557
Partition 20	3559
Partition 21	3544,3547,3558
Partition 22	3543,3579,3526,3581,3582
Partition 23	3569
Partition 24	3566
Partition 27	3530
Partition 28	3539
Partition 29	3527
Partition 30	3529
Partition 31	3572,3571
