path	1
T	13
cut	85
Partition 0	3558,3559,3584
Partition 1	3613,3617
Partition 2	3531,3532,3586,3585,3616
Partition 3	3554,3555,3556,3557
Partition 4	3575,3566
Partition 5	3618,3619,3620
Partition 6	3596,3597,3598,3622,3623,3624
Partition 7	3553,3552
Partition 8	3526,3527,3568,3569,3525,3589
Partition 9	3533,3528,3534
Partition 10	3567,3563,3572,3573
Partition 11	3535,3536,3560,3561
Partition 13	3571
Partition 14	3537,3538
Partition 15	3540,3541,3581,3549,3550
Partition 16	3612,3610,3611
Partition 17	3601,3602
Partition 18	3595,3604,3605
Partition 19	3583,3594
Partition 20	3590,3591,3592,3593,3588
Partition 21	3530
Partition 22	3521,3539,3578
Partition 23	3579,3577,3565,3599,3580
Partition 24	3524,3564
Partition 25	3542,3523
Partition 26	3543,3608,3544,3529,3606,3522
Partition 27	3547,3548
Partition 28	3574
Partition 29	3621
Partition 31	3576
Partition 32	3587
Partition 34	3546,3545
Partition 35	3603
Partition 37	3609
Partition 38	3570
Partition 39	3582
Partition 41	3562
Partition 42	3520
Partition 43	3551
Partition 46	3615
Partition 48	3600
Partition 49	3607
Partition 50	3614
path	2
T	16
cut	75
Partition 0	3558,3559,3584,3585
Partition 1	3599,3616,3615,3617
Partition 2	3531,3532,3586
Partition 3	3554,3555,3556
Partition 4	3574,3575,3566
Partition 5	3621,3618,3619,3620
Partition 6	3622,3553,3623
Partition 7	3596,3597,3598
Partition 8	3527,3568,3569,3525,3589
Partition 9	3533,3528,3534
Partition 10	3526
Partition 11	3535,3536,3560,3561
Partition 12	3552
Partition 13	3570,3571,3572
Partition 14	3537,3538
Partition 15	3540,3541,3587,3549,3550
Partition 17	3601,3602,3603
Partition 18	3594,3595,3604,3605
Partition 20	3590,3591,3592,3593,3588
Partition 21	3600
Partition 22	3521,3539,3578
Partition 23	3579,3577,3564,3565,3609,3567,3580
Partition 24	3524
Partition 25	3606,3607
Partition 26	3581,3544,3545,3522,3583,3582
Partition 27	3542,3546,3547,3548,3529,3530
Partition 29	3576
Partition 30	3624
Partition 31	3573
Partition 33	3562,3520,3563
Partition 37	3557,3613
Partition 38	3543,3608,3614,3612,3610,3611
Partition 39	3523
Partition 42	3551
path	3
T	19
cut	77
Partition 0	3558,3559,3584
Partition 1	3557,3585,3613,3616,3617
Partition 2	3531,3532,3586
Partition 3	3554,3555,3556
Partition 4	3574,3575,3576,3621
Partition 5	3618,3619
Partition 6	3622,3623,3624
Partition 7	3596,3597,3598
Partition 8	3526,3527,3568,3569,3525
Partition 9	3533,3528,3534
Partition 10	3562,3563
Partition 11	3536,3560,3561
Partition 12	3570,3589,3551,3520,3553,3552
Partition 13	3571,3572,3573
Partition 14	3537,3538
Partition 15	3540,3541,3581,3550
Partition 16	3612,3610,3611
Partition 17	3601,3602,3603
Partition 18	3594,3595,3604,3605
Partition 19	3583,3582
Partition 20	3590,3591,3592,3593,3588
Partition 21	3614,3607,3615
Partition 22	3521,3578
Partition 23	3579,3565,3599,3567,3580
Partition 24	3524,3544,3564
Partition 25	3542,3543,3608,3523,3606
Partition 26	3529,3522
Partition 27	3539,3546,3547,3548,3530
Partition 28	3549
Partition 29	3620
Partition 30	3566
Partition 31	3587
Partition 32	3609
Partition 34	3535
Partition 36	3545
Partition 38	3577,3600
path	4
T	19
cut	78
Partition 0	3559,3584,3585,3613,3616,3617
Partition 1	3557
Partition 2	3531,3532,3586
Partition 3	3554,3555,3556
Partition 4	3574,3575,3566
Partition 5	3618,3619,3620
Partition 6	3576,3621,3622,3623,3624
Partition 7	3596,3597,3598
Partition 8	3534
Partition 9	3533,3528
Partition 10	3567,3563
Partition 11	3526,3535,3536,3560,3561
Partition 12	3562,3589,3520,3553,3552
Partition 13	3571,3572,3573
Partition 14	3537,3538
Partition 15	3541,3609,3551,3549,3550,3610
Partition 16	3608,3606,3612,3611
Partition 17	3601,3602,3603
Partition 18	3594,3595,3604
Partition 19	3583,3582
Partition 20	3590,3591,3592,3593,3588
Partition 21	3577,3600,3599,3615
Partition 22	3521,3578,3579,3580
Partition 23	3523
Partition 24	3614,3607
Partition 25	3542,3543
Partition 26	3544,3545,3522
Partition 27	3539,3547,3548,3529,3530
Partition 29	3605
Partition 30	3581
Partition 34	3570
Partition 35	3546
Partition 36	3524
Partition 40	3540,3587,3564,3565
Partition 41	3558
Partition 44	3527,3568,3569,3525
path	5
T	11
cut	77
Partition 3	3554,3555
Partition 4	3574,3575,3566
Partition 5	3617,3618,3619,3620
Partition 6	3576,3621,3622,3623,3624
Partition 7	3596,3597,3598
Partition 8	3526,3527,3535
Partition 9	3532,3533,3586,3528,3585,3534
Partition 10	3568,3569,3571,3572,3573
Partition 11	3567,3536,3551,3560,3561,3563
Partition 12	3553,3552
Partition 13	3570
Partition 14	3537
Partition 15	3540,3541,3581,3587,3538,3549,3550
Partition 16	3608,3606,3612,3610,3611
Partition 18	3594,3595,3604,3605
Partition 19	3583,3582
Partition 20	3590,3591,3592,3593,3588
Partition 21	3600,3599,3601,3615,3602,3603
Partition 22	3521,3539,3578
Partition 23	3579,3577,3565,3580
Partition 24	3524,3564
Partition 25	3542,3543
Partition 26	3529,3522
Partition 27	3546,3547,3548,3531,3530
Partition 28	3616
Partition 31	3609
Partition 33	3613
Partition 34	3589
Partition 35	3525
Partition 38	3523
Partition 39	3558,3559,3562,3520
Partition 41	3556,3557
Partition 42	3584
Partition 43	3614
Partition 45	3607
Partition 46	3544,3545
path	6
T	2
cut	92
Partition 0	3558,3559,3584
Partition 1	3613,3617
Partition 2	3531,3530
Partition 3	3554,3555,3556,3557
Partition 4	3575,3566
Partition 5	3618,3619,3620
Partition 6	3596,3597,3598,3622,3623,3624
Partition 7	3553,3552
Partition 8	3527,3568,3569,3525,3589
Partition 9	3533,3528,3534
Partition 10	3571
Partition 11	3535,3536,3560,3561
Partition 13	3526
Partition 14	3537,3538
Partition 15	3541,3549,3550
Partition 16	3587
Partition 17	3601,3602
Partition 18	3595,3604,3605
Partition 19	3583,3594
Partition 20	3590,3591,3592,3593,3588
Partition 22	3521,3578
Partition 23	3579,3577,3565,3599,3567,3572,3573
Partition 24	3524,3564
Partition 25	3542,3523
Partition 26	3543,3608,3544,3529,3606,3522,3612
Partition 27	3547,3548
Partition 28	3574
Partition 29	3621
Partition 31	3576
Partition 32	3540
Partition 34	3546,3545
Partition 35	3603
Partition 37	3609
Partition 38	3570
Partition 39	3581,3582
Partition 42	3520
Partition 43	3551
Partition 46	3616,3615
Partition 48	3600
Partition 49	3607
Partition 50	3614
Partition 54	3563
Partition 57	3562
Partition 58	3539
Partition 60	3580
Partition 61	3610
Partition 63	3611
Partition 65	3585
Partition 66	3532,3586
path	7
T	14
cut	80
Partition 0	3558,3559,3584
Partition 1	3616,3617
Partition 2	3531,3532,3586
Partition 3	3554,3555,3556
Partition 4	3574,3575,3566
Partition 5	3621,3618,3619,3620
Partition 6	3622,3553,3623
Partition 7	3596,3597,3598
Partition 8	3527,3568,3569,3525,3589
Partition 9	3533,3528,3534
Partition 10	3526
Partition 11	3535,3536,3560,3561
Partition 12	3552
Partition 13	3570,3571,3572
Partition 14	3537,3538
Partition 15	3540,3541,3587,3549,3550
Partition 17	3601,3602,3603
Partition 18	3594,3595,3604,3605
Partition 20	3590,3591,3592,3593,3588
Partition 21	3599
Partition 22	3521,3539,3578
Partition 23	3579,3564,3565,3609,3567,3580
Partition 24	3524
Partition 25	3606,3607
Partition 26	3581,3544,3545,3522,3583,3582
Partition 27	3542,3546,3547,3548,3529,3530
Partition 29	3576
Partition 30	3624
Partition 31	3573
Partition 33	3562,3563
Partition 37	3557,3613
Partition 38	3543,3608,3614,3612,3610,3611
Partition 39	3523
Partition 42	3551
Partition 43	3520
Partition 46	3615
Partition 49	3585
Partition 50	3600
Partition 53	3577
path	8
T	22
cut	81
Partition 0	3558,3559,3584
Partition 1	3557,3585,3613,3616,3617
Partition 2	3531,3532,3586
Partition 3	3554,3555,3556,3525
Partition 4	3574,3575,3576,3621
Partition 5	3618,3619
Partition 6	3622,3623,3624
Partition 7	3596,3597,3598
Partition 8	3526,3527
Partition 9	3533,3528,3534
Partition 10	3562,3563
Partition 11	3536,3560,3561
Partition 12	3570,3589,3551,3520,3553,3552
Partition 13	3571,3572,3573
Partition 14	3537,3538
Partition 15	3541,3550
Partition 16	3612,3610,3611
Partition 17	3601,3602,3603
Partition 18	3594,3595,3604,3605
Partition 19	3583,3582
Partition 20	3590,3591,3592,3593,3588
Partition 21	3614,3607,3615
Partition 22	3521,3578
Partition 23	3579,3565,3599,3567,3580
Partition 24	3524,3544,3564
Partition 25	3542,3543,3608,3523,3606
Partition 26	3530
Partition 27	3547,3548
Partition 28	3549
Partition 29	3620
Partition 30	3566
Partition 31	3539,3540,3581,3587
Partition 32	3609
Partition 34	3535
Partition 36	3546,3545
Partition 38	3577,3600
Partition 39	3569
Partition 42	3568
Partition 43	3529
Partition 45	3522
path	9
T	12
cut	82
Partition 0	3559,3584,3585
Partition 1	3557
Partition 2	3531,3532,3586
Partition 3	3554,3555,3556
Partition 4	3574,3575,3566
Partition 5	3618,3619,3620
Partition 6	3576,3621,3622,3623,3624
Partition 7	3596,3597,3598
Partition 8	3534
Partition 9	3533,3528
Partition 10	3567,3563
Partition 11	3526,3527,3535,3536,3560,3561
Partition 12	3562,3589,3520,3553,3552
Partition 13	3571,3572,3573
Partition 14	3537,3538
Partition 15	3541,3609,3551,3549,3550,3610
Partition 16	3612,3611
Partition 17	3601,3602,3603
Partition 18	3594,3595,3604
Partition 19	3583,3582
Partition 20	3590,3591,3592,3593,3588
Partition 21	3614,3577,3600,3599,3615
Partition 22	3521,3578,3579,3580
Partition 23	3523
Partition 24	3606
Partition 25	3543,3608
Partition 26	3544,3545,3522
Partition 27	3547,3548,3529,3530
Partition 29	3605
Partition 30	3581
Partition 34	3570
Partition 35	3542,3546
Partition 36	3524
Partition 40	3539,3540,3587,3564,3565
Partition 41	3558
Partition 44	3568,3569
Partition 46	3607
Partition 47	3525
Partition 48	3616
Partition 51	3613,3617
path	10
T	13
cut	77
Partition 3	3554,3555
Partition 4	3574,3575,3566
Partition 5	3613,3616,3617,3618,3619,3620
Partition 6	3576,3621,3622,3623,3624
Partition 7	3596,3597,3598
Partition 8	3526,3527,3535
Partition 9	3533,3528,3534
Partition 10	3569,3571,3572
Partition 11	3567,3536,3551,3560,3563,3552
Partition 12	3553
Partition 13	3525
Partition 14	3537
Partition 15	3540,3541,3581,3587,3538,3549,3550
Partition 16	3608,3612,3611
Partition 18	3594,3595,3604,3605
Partition 19	3583,3582
Partition 20	3590,3591,3592,3593,3588
Partition 21	3600,3599,3601,3615,3602,3603
Partition 22	3521,3539,3578
Partition 23	3579,3577,3564,3565,3580
Partition 24	3614,3529,3606,3607
Partition 25	3542,3543
Partition 27	3546,3547,3548,3531,3530
Partition 28	3586,3585
Partition 31	3609,3610
Partition 34	3570,3589,3520
Partition 38	3523
Partition 39	3558,3559,3562
Partition 41	3556,3557
Partition 42	3584
Partition 45	3522
Partition 46	3524,3544,3545
Partition 47	3573
Partition 48	3561
Partition 49	3568
Partition 51	3532
