path	1
T	8
cut	31
Partition 0	1675,1707,1708,1709
Partition 1	1698,1699
Partition 2	1693,1694,1690,1691,1692
Partition 3	1702,1701
Partition 4	1705,1706,1704,1662,1665
Partition 5	1696,1697,1673
Partition 6	1689,1688,1666
Partition 7	1669,1679,1680,1682,1685
Partition 8	1677,1681,1683,1684,1678
Partition 9	1663,1668,1670,1672,1671
Partition 10	1674,1676
Partition 11	1687,1714,1715,1686,1713
Partition 12	1664
Partition 13	1703,1711,1712,1710
Partition 14	1700
Partition 15	1695
Partition 16	1667
path	2
T	8
cut	33
Partition 0	1675,1707,1708,1709
Partition 1	1700,1699
Partition 2	1693,1694,1691,1692
Partition 3	1702,1701
Partition 4	1705,1706,1704,1662,1665
Partition 5	1696,1697,1673
Partition 6	1689,1688,1666
Partition 7	1669,1679,1680,1682
Partition 8	1677,1681,1683,1684,1678
Partition 9	1663,1668,1670,1672,1671
Partition 10	1711,1674,1676,1686,1710
Partition 11	1664,1687,1714,1715,1713
Partition 12	1712
Partition 14	1698
Partition 15	1685
Partition 16	1695
Partition 18	1703
Partition 19	1667,1690
path	3
T	7
cut	31
Partition 0	1675,1707,1708,1709
Partition 1	1711,1710
Partition 2	1693,1694,1690,1691,1692
Partition 3	1702,1703
Partition 4	1705,1706,1704,1662,1665
Partition 5	1696,1697,1673
Partition 6	1669,1679,1689,1688,1666
Partition 7	1680,1682
Partition 8	1677,1681,1683,1684,1678
Partition 9	1663,1668,1670,1672,1671
Partition 10	1687,1674,1676,1685,1686
Partition 11	1714,1715,1713
Partition 12	1664
Partition 13	1695
Partition 14	1698,1700,1712,1699
Partition 15	1701
Partition 18	1667
path	4
T	8
cut	32
Partition 0	1675,1707,1708,1709
Partition 1	1711,1710
Partition 2	1693,1694,1690,1691,1692
Partition 3	1702,1703
Partition 4	1705,1706,1704,1662,1665
Partition 5	1696,1697,1673
Partition 6	1689,1688,1666
Partition 7	1669,1679,1680,1682,1685
Partition 8	1677,1681,1683,1684,1678
Partition 9	1663,1668,1670,1672,1671
Partition 10	1664,1687,1686
Partition 11	1714,1715,1713
Partition 12	1701
Partition 13	1667
Partition 14	1674,1676
Partition 16	1698,1700,1699
Partition 17	1695
Partition 18	1712
path	5
T	9
cut	29
Partition 0	1675,1707,1708,1709,1710
Partition 1	1700,1699
Partition 2	1693,1694,1690,1691,1692
Partition 3	1702,1703,1711,1667,1701
Partition 4	1705,1706,1704,1662,1665
Partition 5	1696,1697,1673,1674,1676
Partition 6	1689,1688,1666
Partition 7	1669,1679,1695,1680,1698
Partition 8	1677,1681,1683,1684,1678
Partition 9	1663,1668,1670,1672,1671
Partition 10	1664,1687,1686
Partition 11	1714,1715,1713
Partition 13	1685
Partition 14	1682
Partition 15	1712
