path	1
T	12
cut	56
Partition 0	3576,3534,3535,3586,3587,3548,3525
Partition 1	3578
Partition 2	3550,3549
Partition 3	3561,3562,3560
Partition 4	3579,3580
Partition 5	3523,3544
Partition 6	3551,3552,3556
Partition 7	3572,3546
Partition 8	3545,3547,3555,3554
Partition 9	3573,3574,3575,3522
Partition 10	3521,3598,3597
Partition 11	3582,3581
Partition 12	3591,3592,3593
Partition 13	3536,3565,3557,3590,3520
Partition 14	3526
Partition 15	3566,3571,3569,3570
Partition 16	3600,3601,3602
Partition 17	3559,3599,3558
Partition 18	3541,3543,3542
Partition 19	3539,3538,3540
Partition 20	3529,3530,3563,3564
Partition 21	3527,3528
Partition 22	3588,3589,3594
Partition 23	3533,3531,3532
Partition 24	3585,3537,3584,3583,3595,3596
Partition 25	3567,3568
Partition 26	3524
Partition 27	3577
Partition 29	3553
path	2
T	13
cut	56
Partition 0	3576,3524,3534,3535,3586,3587,3525
Partition 1	3548
Partition 2	3550,3549
Partition 3	3561,3562,3560
Partition 4	3577,3578,3579,3580,3581
Partition 5	3584
Partition 6	3551,3552,3556
Partition 7	3572,3546
Partition 8	3555,3553,3554
Partition 9	3573,3574,3575,3582,3522
Partition 10	3521,3598,3596,3597
Partition 12	3591,3592,3593
Partition 13	3536,3537,3565,3557,3520,3583
Partition 14	3567,3568
Partition 15	3566,3571,3569,3570
Partition 16	3600,3601,3602
Partition 17	3559,3599,3558
Partition 18	3541,3543,3542
Partition 19	3539,3538,3540
Partition 20	3529,3530,3563,3564
Partition 21	3528
Partition 22	3588,3589,3594
Partition 23	3531,3532
Partition 24	3585
Partition 25	3595
Partition 26	3533
Partition 27	3527
Partition 28	3523,3544,3545,3547
Partition 29	3526,3590
path	3
T	17
cut	58
Partition 0	3586,3587
Partition 1	3524,3534,3550,3578,3535
Partition 2	3548
Partition 3	3561,3562,3560
Partition 4	3580
Partition 5	3523,3544,3576,3577,3525
Partition 6	3551,3552,3556
Partition 7	3572,3546
Partition 8	3545,3555,3585,3553,3554
Partition 9	3573,3574,3575,3522
Partition 10	3521,3598,3596,3597
Partition 11	3581
Partition 12	3591,3592,3593
Partition 13	3536,3565,3557,3520
Partition 14	3590
Partition 15	3566,3571,3569,3570
Partition 16	3600,3601,3602
Partition 17	3559,3599,3558
Partition 18	3541,3543,3542
Partition 19	3539,3538,3540
Partition 20	3529,3563,3564
Partition 21	3527,3528,3567,3537,3568
Partition 22	3588,3589,3594
Partition 23	3530,3531,3532,3584
Partition 24	3549,3583
Partition 26	3547
Partition 27	3582
Partition 28	3526
Partition 29	3579
Partition 30	3595
Partition 32	3533
path	4
T	13
cut	58
Partition 0	3576,3534,3535,3586,3587,3525
Partition 1	3590
Partition 2	3550,3549
Partition 3	3523,3561,3562,3560
Partition 4	3526
Partition 5	3588
Partition 6	3551,3552,3556
Partition 7	3572,3547,3546
Partition 8	3555,3522,3553,3554
Partition 9	3573,3575
Partition 10	3521,3598,3597
Partition 11	3582,3581
Partition 12	3591,3592,3593
Partition 13	3577,3536,3537,3565,3557,3520
Partition 14	3578,3579,3548,3580
Partition 15	3566,3571,3569,3570
Partition 16	3600,3601,3602
Partition 17	3559,3599,3558
Partition 18	3541,3543,3542
Partition 19	3539,3538,3540
Partition 20	3529,3530,3563,3564
Partition 21	3527,3528
Partition 22	3589,3594
Partition 23	3533,3531,3532,3584,3583
Partition 24	3585,3595
Partition 25	3567
Partition 27	3568
Partition 28	3544,3545
Partition 29	3524
Partition 31	3596
Partition 32	3574
path	5
T	14
cut	58
Partition 0	3534,3535,3548,3525
Partition 1	3524
Partition 2	3550,3549
Partition 3	3561,3562,3560
Partition 4	3579,3580,3581
Partition 8	3555,3522,3553,3552,3556,3554,3557
Partition 9	3572,3573,3574,3575,3546
Partition 10	3521,3598,3597
Partition 11	3582
Partition 12	3526,3568,3590,3591,3592,3593,3520
Partition 13	3576,3577,3536,3586,3587,3565
Partition 15	3566,3571,3569,3570
Partition 16	3600,3601,3602
Partition 17	3559,3599,3558
Partition 18	3533,3541,3543,3542
Partition 19	3539,3538,3540
Partition 20	3529,3530,3563,3564
Partition 21	3527,3528
Partition 22	3589,3594
Partition 23	3531
Partition 24	3544,3545,3585,3584,3583,3595,3596
Partition 27	3588
Partition 28	3532
Partition 29	3567
Partition 31	3551
Partition 34	3578
Partition 36	3547
Partition 37	3537
Partition 39	3523
path	6
T	12
cut	58
Partition 0	3576,3534,3535,3586,3587,3548,3525
Partition 1	3578
Partition 2	3550,3549
Partition 3	3561,3562,3560
Partition 4	3579,3580
Partition 5	3523,3544
Partition 6	3551,3552,3556
Partition 7	3572,3546
Partition 8	3555
Partition 9	3573,3574,3575,3522
Partition 10	3521,3598,3597
Partition 11	3582,3581
Partition 12	3591,3592,3593
Partition 13	3536,3565,3557,3590,3520
Partition 14	3526
Partition 15	3566,3571,3569,3570
Partition 16	3600,3601,3602
Partition 17	3559,3599,3558
Partition 18	3541,3543,3542
Partition 19	3539,3538,3540
Partition 20	3529,3530,3563,3564
Partition 21	3527,3528
Partition 22	3588,3589,3594
Partition 23	3533,3531,3532
Partition 24	3585,3537,3584,3583,3595,3596
Partition 25	3567,3568
Partition 26	3524
Partition 27	3577
Partition 29	3553,3554
Partition 31	3545
Partition 32	3547
path	7
T	15
cut	57
Partition 0	3576,3524,3534,3535,3586,3587,3525
Partition 1	3548
Partition 2	3550,3549
Partition 3	3561,3562,3560
Partition 4	3578,3579,3580,3581
Partition 6	3552,3556
Partition 7	3572,3545,3551,3547,3546
Partition 8	3555,3553,3554
Partition 9	3573,3574,3575,3582
Partition 10	3521,3598,3597
Partition 12	3591,3592,3593
Partition 13	3577,3536,3537,3565,3557,3520,3583
Partition 14	3567,3568
Partition 15	3566,3571,3569,3570
Partition 16	3600,3601,3602
Partition 17	3559,3599,3558
Partition 18	3541,3543,3542
Partition 19	3539,3538,3540
Partition 20	3529,3530,3563,3564
Partition 21	3528
Partition 22	3588,3589,3594
Partition 23	3531,3532
Partition 24	3523,3544
Partition 25	3595
Partition 26	3533
Partition 27	3527
Partition 28	3585,3584
Partition 29	3526,3590
Partition 30	3522
Partition 31	3596
path	8
T	14
cut	57
Partition 0	3586,3587
Partition 1	3524,3534,3535
Partition 3	3561,3562,3560
Partition 4	3580
Partition 5	3523,3544,3576,3577,3525
Partition 6	3551,3547,3552
Partition 7	3572,3546
Partition 8	3555,3553,3556,3554
Partition 9	3573,3574,3575,3522
Partition 10	3521,3598,3596,3597
Partition 11	3581
Partition 12	3591,3592,3593
Partition 13	3536,3565,3557,3520
Partition 14	3590
Partition 15	3566,3571,3569,3570
Partition 16	3600,3601,3602
Partition 17	3559,3533,3541,3543,3558,3542
Partition 18	3539,3540
Partition 19	3538,3537
Partition 20	3529,3530,3563,3564
Partition 21	3527,3528,3567
Partition 22	3588,3589,3594
Partition 23	3531,3532,3584
Partition 24	3550,3548,3549,3583
Partition 26	3545
Partition 27	3582
Partition 28	3526,3568
Partition 29	3578,3579
Partition 30	3585,3595
Partition 32	3599
path	9
T	13
cut	58
Partition 0	3524,3534,3535,3586,3587,3525
Partition 2	3550,3549
Partition 3	3523,3561,3562,3560
Partition 4	3567,3526,3548,3568,3590
Partition 5	3588
Partition 6	3551,3552,3556
Partition 7	3572,3547,3546
Partition 8	3555,3522,3553,3554
Partition 9	3573,3575
Partition 10	3521,3598,3597
Partition 11	3582,3581
Partition 12	3591,3592,3593
Partition 13	3577,3536,3537,3565,3557,3520
Partition 14	3578,3579,3580
Partition 15	3566,3571,3570
Partition 16	3600,3601,3602
Partition 17	3559,3599,3558
Partition 18	3541,3543,3542
Partition 19	3539,3538,3540
Partition 20	3529,3530,3563,3564
Partition 21	3527,3528
Partition 22	3589,3594
Partition 23	3531,3532,3584
Partition 24	3585,3595
Partition 25	3569
Partition 28	3544,3545
Partition 31	3596
Partition 32	3574
Partition 34	3576
Partition 37	3533
Partition 39	3583
path	10
T	13
cut	62
Partition 0	3534,3535
Partition 1	3524,3578,3579
Partition 2	3550,3549
Partition 3	3561,3562,3560
Partition 4	3580,3581
Partition 8	3555,3553,3552,3556,3554
Partition 9	3572,3573,3574,3575,3522
Partition 10	3521,3598,3597
Partition 11	3582
Partition 12	3526,3590,3591,3592
Partition 13	3576,3577,3536,3586,3587,3565
Partition 15	3566,3571,3569,3570
Partition 16	3600,3601,3602
Partition 17	3559,3557,3558
Partition 18	3533,3541,3531,3543,3532,3542
Partition 19	3539,3538,3540
Partition 20	3529,3530,3563,3564
Partition 21	3527,3528
Partition 22	3589,3594
Partition 24	3544,3545,3585,3584,3583,3595,3596
Partition 27	3588
Partition 29	3567
Partition 31	3551
Partition 34	3548
Partition 36	3547
Partition 37	3537
Partition 39	3523
Partition 40	3525
Partition 41	3593
Partition 42	3568
Partition 44	3520
Partition 46	3546
Partition 48	3599
