path	1
T	15
cut	71
Partition 0	3612,3613,3558
Partition 1	3614,3615,3616
Partition 2	3607,3618,3546,3617,3621,3606
Partition 3	3608,3525,3537,3598
Partition 4	3609,3610,3611
Partition 5	3593,3596,3605,3595
Partition 6	3601,3602,3604,3603
Partition 7	3620,3622,3623
Partition 8	3570,3571,3619,3569
Partition 9	3553,3521
Partition 10	3549,3524
Partition 11	3552,3547,3551,3550
Partition 12	3526,3594,3574
Partition 13	3559,3560,3561
Partition 14	3588,3591,3592
Partition 15	3577,3589,3590
Partition 16	3573,3572
Partition 17	3536,3535,3543,3542
Partition 18	3544
Partition 19	3527,3528,3529
Partition 20	3522,3530,3540,3600,3531
Partition 21	3565,3566
Partition 22	3567,3568
Partition 23	3538,3539,3556,3562
Partition 24	3554,3555,3563
Partition 25	3586,3581,3587
Partition 26	3532,3533,3564,3580,3578,3579
Partition 27	3534,3585,3523,3584,3583
Partition 28	3597,3520
Partition 30	3557
Partition 31	3599
Partition 34	3582
Partition 36	3545
Partition 37	3548
Partition 38	3575
Partition 39	3576
Partition 41	3541
path	2
T	13
cut	75
Partition 0	3612,3613,3558
Partition 1	3614,3615,3616
Partition 2	3607,3618,3617,3606
Partition 3	3608,3525,3598
Partition 4	3609,3610
Partition 5	3593,3596,3605,3595
Partition 6	3601,3602,3599,3604,3603
Partition 7	3620,3622,3623
Partition 8	3570,3571,3619,3569
Partition 9	3521,3546
Partition 10	3549,3537,3557,3524
Partition 11	3552,3547,3551,3550
Partition 12	3526,3594
Partition 13	3559,3560,3561
Partition 14	3588,3591,3592
Partition 15	3577,3589,3590
Partition 16	3573,3572
Partition 17	3542
Partition 18	3534,3536,3535,3545,3543,3544
Partition 19	3527,3528,3529
Partition 20	3522,3530,3540,3600,3531,3541,3565
Partition 21	3564,3548,3566,3567
Partition 22	3568
Partition 23	3538,3539,3556
Partition 24	3554,3555,3563
Partition 25	3597,3520
Partition 26	3532,3533,3578,3579
Partition 27	3584,3583
Partition 28	3582,3585,3586
Partition 29	3611
Partition 31	3562
Partition 32	3621
Partition 33	3553
Partition 34	3574
Partition 35	3575
Partition 36	3576
Partition 37	3587
Partition 38	3580
Partition 39	3581
Partition 40	3523
path	3
T	9
cut	72
Partition 0	3612,3613,3557,3558
Partition 1	3614,3615,3616
Partition 2	3607,3618,3617,3606
Partition 3	3547,3608,3525,3598
Partition 4	3609,3610
Partition 5	3593,3596,3605,3595
Partition 6	3601,3602,3604,3603
Partition 7	3620,3622,3623
Partition 8	3570,3571,3619,3569
Partition 9	3553,3521
Partition 10	3549,3524
Partition 11	3551,3550
Partition 12	3526,3594,3574
Partition 13	3559,3560,3561
Partition 14	3588,3591,3592
Partition 15	3577,3589,3590
Partition 16	3573,3572
Partition 17	3541,3542
Partition 18	3536,3535,3543
Partition 19	3528,3529,3545,3544
Partition 20	3522,3527,3530,3540,3600,3552,3531
Partition 21	3565
Partition 22	3566,3567,3568
Partition 23	3554,3555,3538,3539,3575,3576,3556
Partition 24	3563,3562
Partition 25	3581
Partition 26	3533,3564,3580,3578,3579
Partition 27	3532,3534,3523,3584,3583
Partition 28	3582,3585,3586,3587
Partition 29	3611
Partition 31	3597,3599
Partition 32	3537
Partition 34	3548
Partition 35	3520
Partition 36	3621
Partition 37	3546
path	4
T	15
cut	72
Partition 0	3612,3613,3558
Partition 1	3614,3615,3616
Partition 2	3618,3617,3621
Partition 3	3608,3525,3598
Partition 4	3609,3610,3611
Partition 5	3593,3596,3605,3595,3523,3607,3606
Partition 6	3601,3602,3604,3603
Partition 7	3620,3622,3623
Partition 8	3570,3571,3619
Partition 9	3553,3521
Partition 10	3549,3524
Partition 11	3527,3528,3552,3547,3548,3551,3550
Partition 12	3526,3594,3575,3574
Partition 13	3560,3557,3561
Partition 14	3588,3591,3592
Partition 15	3576,3577,3589,3590
Partition 16	3555,3572
Partition 17	3543,3544,3542
Partition 18	3534,3536,3535
Partition 19	3573
Partition 20	3522,3530,3540,3600,3531,3541
Partition 21	3565,3566
Partition 22	3567,3568
Partition 23	3538,3539,3556,3562
Partition 24	3563
Partition 25	3580,3581,3587
Partition 26	3532,3533,3578,3579
Partition 27	3584
Partition 28	3582,3585,3586
Partition 29	3554
Partition 32	3569
Partition 33	3559
Partition 36	3599
Partition 37	3564
Partition 38	3529,3546,3545
Partition 41	3537
Partition 42	3597,3583,3520
path	5
T	13
cut	71
Partition 0	3612,3613,3558
Partition 1	3614,3615,3616
Partition 2	3607,3618,3617,3606
Partition 3	3608,3525,3537,3598,3599
Partition 4	3609,3610,3611
Partition 5	3593,3596,3605,3595
Partition 6	3601,3602,3604,3603
Partition 7	3546,3621,3620,3622,3623
Partition 8	3570,3571,3619,3569
Partition 9	3553,3521
Partition 10	3557
Partition 11	3552,3547,3551,3550
Partition 12	3526,3594,3574
Partition 13	3559,3560,3561
Partition 14	3588,3591,3592
Partition 15	3577,3589,3590
Partition 16	3573,3572
Partition 17	3541,3542
Partition 18	3536,3535,3543
Partition 19	3527,3528,3529
Partition 20	3522,3530,3540,3600,3531
Partition 21	3564,3548,3566
Partition 22	3567,3568
Partition 23	3538,3539,3556,3562
Partition 24	3554,3555,3563
Partition 25	3580,3581,3587
Partition 26	3532,3533,3578,3579
Partition 27	3534,3523,3584,3597,3583,3520
Partition 28	3582,3585,3586
Partition 29	3524
Partition 31	3549
Partition 33	3565
Partition 34	3575
Partition 35	3576
Partition 36	3545
Partition 37	3544
path	6
T	13
cut	74
Partition 0	3612,3613,3558
Partition 1	3614,3615,3616
Partition 2	3607,3618,3617,3606
Partition 3	3608,3525,3537,3598
Partition 4	3609,3610,3611
Partition 5	3593,3596,3605,3595
Partition 6	3601,3602,3604,3603
Partition 7	3621,3620,3622,3623
Partition 8	3570,3571,3619,3569
Partition 9	3553,3521
Partition 10	3549,3524
Partition 11	3552,3547,3551,3550
Partition 12	3526,3594,3574
Partition 13	3559,3560,3561
Partition 14	3588,3591,3592
Partition 15	3577,3589,3590
Partition 16	3573,3572
Partition 17	3536,3535,3543,3542
Partition 18	3544
Partition 19	3527,3528,3529
Partition 20	3522,3530,3540,3600,3531
Partition 21	3565,3566
Partition 22	3567,3568
Partition 23	3538,3539,3556,3562
Partition 24	3554,3555,3563
Partition 25	3586,3581,3587
Partition 26	3532,3533,3564,3580,3578,3579
Partition 27	3584,3583
Partition 28	3597,3520
Partition 30	3557
Partition 31	3599
Partition 34	3582
Partition 36	3546,3545
Partition 37	3548
Partition 38	3575
Partition 39	3576
Partition 41	3541
Partition 42	3534
Partition 43	3523
Partition 47	3585
path	7
T	15
cut	80
Partition 0	3612,3613,3557,3558
Partition 1	3614,3615,3616
Partition 2	3607,3618,3617,3606
Partition 3	3608,3525,3598
Partition 4	3609,3610
Partition 5	3593,3596,3605,3595
Partition 6	3601,3602,3604,3603
Partition 7	3620,3622,3623
Partition 8	3570,3571,3619,3569
Partition 9	3521,3546
Partition 10	3584
Partition 11	3551,3550
Partition 12	3526,3594
Partition 13	3559,3560,3561
Partition 14	3588,3591,3592
Partition 15	3577,3589,3590
Partition 16	3573,3572
Partition 17	3542
Partition 18	3536,3535,3543
Partition 19	3527,3528,3529
Partition 20	3522,3530,3540,3600,3531,3541,3565
Partition 21	3564,3547,3548,3566,3567
Partition 22	3568
Partition 23	3538,3539,3556
Partition 24	3554,3555,3563
Partition 25	3597,3583,3520
Partition 26	3532,3533,3578,3579
Partition 27	3549,3524
Partition 28	3582,3585,3586
Partition 29	3611
Partition 31	3562
Partition 32	3621
Partition 33	3552,3553
Partition 34	3574
Partition 35	3575
Partition 36	3576
Partition 37	3587
Partition 38	3580
Partition 39	3581
Partition 40	3523
Partition 44	3599
Partition 48	3537
Partition 51	3544
Partition 52	3534
Partition 53	3545
path	8
T	12
cut	74
Partition 0	3612,3613,3558
Partition 1	3614,3615,3616
Partition 2	3618,3617,3621
Partition 3	3608,3525,3598
Partition 4	3609,3610,3611
Partition 5	3593,3596,3605,3595
Partition 6	3601,3602,3604,3603
Partition 7	3620,3622,3623
Partition 8	3570,3571,3619
Partition 9	3553,3521
Partition 10	3549,3524
Partition 11	3527,3528,3552,3547,3548,3551,3550
Partition 12	3526,3594,3575,3574
Partition 13	3560,3557,3561
Partition 14	3588,3591,3592
Partition 15	3576,3577,3589,3590
Partition 16	3555,3572
Partition 17	3543,3544,3542
Partition 18	3534,3536,3535
Partition 19	3573
Partition 20	3522,3530,3540,3600,3531,3541
Partition 21	3565,3566
Partition 22	3567,3568
Partition 23	3538,3539,3556,3562
Partition 24	3563
Partition 25	3580,3581,3587
Partition 26	3532,3533,3578,3579
Partition 27	3584
Partition 28	3582,3585,3586
Partition 29	3554
Partition 32	3569
Partition 33	3559
Partition 36	3599
Partition 37	3564
Partition 38	3529,3546,3545
Partition 41	3537
Partition 42	3597,3583,3520
Partition 45	3523
Partition 46	3607,3606
path	9
T	13
cut	76
Partition 0	3612,3613,3558
Partition 1	3614,3615,3616
Partition 2	3607,3618,3617,3606
Partition 3	3608,3525,3537,3598,3599
Partition 4	3609,3610,3611
Partition 5	3593,3596,3605,3595
Partition 6	3602,3604,3603
Partition 7	3546,3621,3620,3622,3623
Partition 8	3570,3571,3619,3569
Partition 9	3553,3521
Partition 10	3557
Partition 11	3552,3551
Partition 12	3526,3547,3594,3574
Partition 13	3559,3560,3561
Partition 14	3588,3591,3592
Partition 15	3577,3589,3590
Partition 16	3573,3572
Partition 17	3541,3542
Partition 18	3536,3535,3543
Partition 19	3527,3528,3529
Partition 20	3522,3600
Partition 21	3564,3548,3566
Partition 22	3567,3568
Partition 23	3538,3539,3556,3562
Partition 24	3554,3555,3563
Partition 25	3580,3581,3587
Partition 26	3532,3533,3578,3579
Partition 27	3597,3583,3520
Partition 28	3582,3585,3586,3523,3584
Partition 29	3524
Partition 31	3549
Partition 33	3531,3565
Partition 34	3575
Partition 35	3576
Partition 36	3545
Partition 37	3544
Partition 39	3530
Partition 40	3540
Partition 41	3550
Partition 44	3601
Partition 45	3534
